pix_x	pix_y	Flag
8	73	1
8	74	1
8	75	1
9	72	1
9	73	1
9	74	1
9	75	1
9	76	1
10	71	1
10	72	1
10	73	1
10	74	1
10	75	1
10	76	1
10	77	1
11	71	1
11	72	1
11	73	1
11	74	1
11	75	1
11	76	1
11	77	1
12	71	1
12	72	1
12	73	1
12	74	1
12	75	1
12	76	1
12	77	1
13	72	1
13	73	1
13	74	1
13	75	1
13	76	1
14	73	1
14	74	1
14	75	1
53	123	1
53	124	1
53	125	1
54	122	1
54	123	1
54	124	1
54	125	1
54	126	1
55	122	1
55	123	1
55	124	1
55	125	1
55	126	1
56	122	1
56	123	1
56	124	1
56	125	1
56	126	1
57	123	1
57	124	1
57	125	1
74	137	1
75	135	1
75	136	1
75	137	1
75	138	1
75	139	1
76	134	1
76	135	1
76	136	1
76	137	1
76	138	1
76	139	1
76	140	1
77	134	1
77	135	1
77	136	1
77	137	1
77	138	1
77	139	1
77	140	1
78	133	1
78	134	1
78	135	1
78	136	1
78	137	1
78	138	1
78	139	1
78	140	1
78	141	1
79	134	1
79	135	1
79	136	1
79	137	1
79	138	1
79	139	1
79	140	1
80	134	1
80	135	1
80	136	1
80	137	1
80	138	1
80	139	1
80	140	1
81	135	1
81	136	1
81	137	1
81	138	1
81	139	1
82	137	1
79	143	1
80	141	1
80	142	1
80	143	1
80	144	1
80	145	1
81	141	1
81	142	1
81	143	1
81	144	1
81	145	1
82	140	1
82	141	1
82	142	1
82	143	1
82	144	1
82	145	1
82	146	1
83	141	1
83	142	1
83	143	1
83	144	1
83	145	1
84	141	1
84	142	1
84	143	1
84	144	1
84	145	1
85	143	1
3	72	1
3	73	1
3	74	1
3	75	1
3	76	1
4	70	1
4	71	1
4	72	1
4	73	1
4	74	1
4	75	1
4	76	1
4	77	1
4	78	1
5	69	1
5	70	1
5	71	1
5	72	1
5	73	1
5	74	1
5	75	1
5	76	1
5	77	1
5	78	1
5	79	1
6	69	1
6	70	1
6	71	1
6	72	1
6	73	1
6	74	1
6	75	1
6	76	1
6	77	1
6	78	1
6	79	1
7	68	1
7	69	1
7	70	1
7	71	1
7	72	1
7	73	1
7	74	1
7	75	1
7	76	1
7	77	1
7	78	1
7	79	1
7	80	1
8	68	1
8	69	1
8	70	1
8	71	1
8	72	1
8	73	1
8	74	1
8	75	1
8	76	1
8	77	1
8	78	1
8	79	1
8	80	1
9	68	1
9	69	1
9	70	1
9	71	1
9	72	1
9	73	1
9	74	1
9	75	1
9	76	1
9	77	1
9	78	1
9	79	1
9	80	1
10	68	1
10	69	1
10	70	1
10	71	1
10	72	1
10	73	1
10	74	1
10	75	1
10	76	1
10	77	1
10	78	1
10	79	1
10	80	1
11	68	1
11	69	1
11	70	1
11	71	1
11	72	1
11	73	1
11	74	1
11	75	1
11	76	1
11	77	1
11	78	1
11	79	1
11	80	1
12	69	1
12	70	1
12	71	1
12	72	1
12	73	1
12	74	1
12	75	1
12	76	1
12	77	1
12	78	1
12	79	1
13	69	1
13	70	1
13	71	1
13	72	1
13	73	1
13	74	1
13	75	1
13	76	1
13	77	1
13	78	1
13	79	1
14	70	1
14	71	1
14	72	1
14	73	1
14	74	1
14	75	1
14	76	1
14	77	1
14	78	1
15	72	1
15	73	1
15	74	1
15	75	1
15	76	1
50	122	1
50	123	1
50	124	1
50	125	1
50	126	1
51	121	1
51	122	1
51	123	1
51	124	1
51	125	1
51	126	1
51	127	1
52	120	1
52	121	1
52	122	1
52	123	1
52	124	1
52	125	1
52	126	1
52	127	1
52	128	1
53	120	1
53	121	1
53	122	1
53	123	1
53	124	1
53	125	1
53	126	1
53	127	1
53	128	1
54	120	1
54	121	1
54	122	1
54	123	1
54	124	1
54	125	1
54	126	1
54	127	1
54	128	1
55	120	1
55	121	1
55	122	1
55	123	1
55	124	1
55	125	1
55	126	1
55	127	1
55	128	1
56	120	1
56	121	1
56	122	1
56	123	1
56	124	1
56	125	1
56	126	1
56	127	1
56	128	1
57	121	1
57	122	1
57	123	1
57	124	1
57	125	1
57	126	1
57	127	1
58	122	1
58	123	1
58	124	1
58	125	1
58	126	1
75	160	1
76	152	1
76	153	1
76	154	1
76	155	1
76	156	1
76	157	1
76	158	1
76	159	1
76	160	1
76	161	1
77	148	1
77	149	1
77	150	1
77	151	1
77	152	1
77	153	1
77	154	1
77	155	1
77	156	1
77	157	1
77	158	1
77	159	1
77	160	1
77	161	1
78	145	1
78	146	1
78	147	1
78	148	1
78	149	1
78	150	1
78	151	1
78	152	1
78	153	1
78	154	1
78	155	1
78	156	1
78	157	1
78	158	1
78	159	1
78	160	1
78	161	1
79	143	1
79	144	1
79	145	1
79	146	1
79	147	1
79	148	1
79	149	1
79	150	1
79	151	1
79	152	1
79	153	1
79	154	1
79	155	1
79	156	1
79	157	1
79	158	1
79	159	1
79	160	1
79	161	1
80	141	1
80	142	1
80	143	1
80	144	1
80	145	1
80	146	1
80	147	1
80	148	1
80	149	1
80	150	1
80	151	1
80	152	1
80	153	1
80	154	1
80	155	1
80	156	1
80	157	1
80	158	1
80	159	1
80	160	1
80	161	1
81	139	1
81	140	1
81	141	1
81	142	1
81	143	1
81	144	1
81	145	1
81	146	1
81	147	1
81	148	1
81	149	1
81	150	1
81	151	1
81	152	1
81	153	1
81	154	1
81	155	1
81	156	1
81	157	1
81	158	1
81	159	1
81	160	1
81	161	1
82	138	1
82	139	1
82	140	1
82	141	1
82	142	1
82	143	1
82	144	1
82	145	1
82	146	1
82	147	1
82	148	1
82	149	1
82	150	1
82	151	1
82	152	1
82	153	1
82	154	1
82	155	1
82	156	1
82	157	1
82	158	1
82	159	1
82	160	1
82	161	1
83	136	1
83	137	1
83	138	1
83	139	1
83	140	1
83	141	1
83	142	1
83	143	1
83	144	1
83	145	1
83	146	1
83	147	1
83	148	1
83	149	1
83	150	1
83	151	1
83	152	1
83	153	1
83	154	1
83	155	1
83	156	1
83	157	1
83	158	1
83	159	1
83	160	1
83	161	1
84	135	1
84	136	1
84	137	1
84	138	1
84	139	1
84	140	1
84	141	1
84	142	1
84	143	1
84	144	1
84	145	1
84	146	1
84	147	1
84	148	1
84	149	1
84	150	1
84	151	1
84	152	1
84	153	1
84	154	1
84	155	1
84	156	1
84	157	1
84	158	1
84	159	1
84	160	1
84	161	1
85	134	1
85	135	1
85	136	1
85	137	1
85	138	1
85	139	1
85	140	1
85	141	1
85	142	1
85	143	1
85	144	1
85	145	1
85	146	1
85	147	1
85	148	1
85	149	1
85	150	1
85	151	1
85	152	1
85	153	1
85	154	1
85	155	1
85	156	1
85	157	1
85	158	1
85	159	1
85	160	1
85	161	1
86	133	1
86	134	1
86	135	1
86	136	1
86	137	1
86	138	1
86	139	1
86	140	1
86	141	1
86	142	1
86	143	1
86	144	1
86	145	1
86	146	1
86	147	1
86	148	1
86	149	1
86	150	1
86	151	1
86	152	1
86	153	1
86	154	1
86	155	1
86	156	1
86	157	1
86	158	1
86	159	1
86	160	1
86	161	1
87	132	1
87	133	1
87	134	1
87	135	1
87	136	1
87	137	1
87	138	1
87	139	1
87	140	1
87	141	1
87	142	1
87	143	1
87	144	1
87	145	1
87	146	1
87	147	1
87	148	1
87	149	1
87	150	1
87	151	1
87	152	1
87	153	1
87	154	1
87	155	1
87	156	1
87	157	1
87	158	1
87	159	1
87	160	1
87	161	1
88	131	1
88	132	1
88	133	1
88	134	1
88	135	1
88	136	1
88	137	1
88	138	1
88	139	1
88	140	1
88	141	1
88	142	1
88	143	1
88	144	1
88	145	1
88	146	1
88	147	1
88	148	1
88	149	1
88	150	1
88	151	1
88	152	1
88	153	1
88	154	1
88	155	1
88	156	1
88	157	1
88	158	1
88	159	1
88	160	1
88	161	1
89	130	1
89	131	1
89	132	1
89	133	1
89	134	1
89	135	1
89	136	1
89	137	1
89	138	1
89	139	1
89	140	1
89	141	1
89	142	1
89	143	1
89	144	1
89	145	1
89	146	1
89	147	1
89	148	1
89	149	1
89	150	1
89	151	1
89	152	1
89	153	1
89	154	1
89	155	1
89	156	1
89	157	1
89	158	1
89	159	1
89	160	1
89	161	1
90	129	1
90	130	1
90	131	1
90	132	1
90	133	1
90	134	1
90	135	1
90	136	1
90	137	1
90	138	1
90	139	1
90	140	1
90	141	1
90	142	1
90	143	1
90	144	1
90	145	1
90	146	1
90	147	1
90	148	1
90	149	1
90	150	1
90	151	1
90	152	1
90	153	1
90	154	1
90	155	1
90	156	1
90	157	1
90	158	1
90	159	1
90	160	1
90	161	1
91	128	1
91	129	1
91	130	1
91	131	1
91	132	1
91	133	1
91	134	1
91	135	1
91	136	1
91	137	1
91	138	1
91	139	1
91	140	1
91	141	1
91	142	1
91	143	1
91	144	1
91	145	1
91	146	1
91	147	1
91	148	1
91	149	1
91	150	1
91	151	1
91	152	1
91	153	1
91	154	1
91	155	1
91	156	1
91	157	1
91	158	1
91	159	1
91	160	1
91	161	1
92	128	1
92	129	1
92	130	1
92	131	1
92	132	1
92	133	1
92	134	1
92	135	1
92	136	1
92	137	1
92	138	1
92	139	1
92	140	1
92	141	1
92	142	1
92	143	1
92	144	1
92	145	1
92	146	1
92	147	1
92	148	1
92	149	1
92	150	1
92	151	1
92	152	1
92	153	1
92	154	1
92	155	1
92	156	1
92	157	1
92	158	1
92	159	1
92	160	1
92	161	1
93	127	1
93	128	1
93	129	1
93	130	1
93	131	1
93	132	1
93	133	1
93	134	1
93	135	1
93	136	1
93	137	1
93	138	1
93	139	1
93	140	1
93	141	1
93	142	1
93	143	1
93	144	1
93	145	1
93	146	1
93	147	1
93	148	1
93	149	1
93	150	1
93	151	1
93	152	1
93	153	1
93	154	1
93	155	1
93	156	1
93	157	1
93	158	1
93	159	1
93	160	1
93	161	1
94	126	1
94	127	1
94	128	1
94	129	1
94	130	1
94	131	1
94	132	1
94	133	1
94	134	1
94	135	1
94	136	1
94	137	1
94	138	1
94	139	1
94	140	1
94	141	1
94	142	1
94	143	1
94	144	1
94	145	1
94	146	1
94	147	1
94	148	1
94	149	1
94	150	1
94	151	1
94	152	1
94	153	1
94	154	1
94	155	1
94	156	1
94	157	1
94	158	1
94	159	1
94	160	1
94	161	1
95	126	1
95	127	1
95	128	1
95	129	1
95	130	1
95	131	1
95	132	1
95	133	1
95	134	1
95	135	1
95	136	1
95	137	1
95	138	1
95	139	1
95	140	1
95	141	1
95	142	1
95	143	1
95	144	1
95	145	1
95	146	1
95	147	1
95	148	1
95	149	1
95	150	1
95	151	1
95	152	1
95	153	1
95	154	1
95	155	1
95	156	1
95	157	1
95	158	1
95	159	1
95	160	1
95	161	1
96	125	1
96	126	1
96	127	1
96	128	1
96	129	1
96	130	1
96	131	1
96	132	1
96	133	1
96	134	1
96	135	1
96	136	1
96	137	1
96	138	1
96	139	1
96	140	1
96	141	1
96	142	1
96	143	1
96	144	1
96	145	1
96	146	1
96	147	1
96	148	1
96	149	1
96	150	1
96	151	1
96	152	1
96	153	1
96	154	1
96	155	1
96	156	1
96	157	1
96	158	1
96	159	1
96	160	1
96	161	1
97	125	1
97	126	1
97	127	1
97	128	1
97	129	1
97	130	1
97	131	1
97	132	1
97	133	1
97	134	1
97	135	1
97	136	1
97	137	1
97	138	1
97	139	1
97	140	1
97	141	1
97	142	1
97	143	1
97	144	1
97	145	1
97	146	1
97	147	1
97	148	1
97	149	1
97	150	1
97	151	1
97	152	1
97	153	1
97	154	1
97	155	1
97	156	1
97	157	1
97	158	1
97	159	1
97	160	1
97	161	1
98	124	1
98	125	1
98	126	1
98	127	1
98	128	1
98	129	1
98	130	1
98	131	1
98	132	1
98	133	1
98	134	1
98	135	1
98	136	1
98	137	1
98	138	1
98	139	1
98	140	1
98	141	1
98	142	1
98	143	1
98	144	1
98	145	1
98	146	1
98	147	1
98	148	1
98	149	1
98	150	1
98	151	1
98	152	1
98	153	1
98	154	1
98	155	1
98	156	1
98	157	1
98	158	1
98	159	1
98	160	1
98	161	1
99	124	1
99	125	1
99	126	1
99	127	1
99	128	1
99	129	1
99	130	1
99	131	1
99	132	1
99	133	1
99	134	1
99	135	1
99	136	1
99	137	1
99	138	1
99	139	1
99	140	1
99	141	1
99	142	1
99	143	1
99	144	1
99	145	1
99	146	1
99	147	1
99	148	1
99	149	1
99	150	1
99	151	1
99	152	1
99	153	1
99	154	1
99	155	1
99	156	1
99	157	1
99	158	1
99	159	1
99	160	1
99	161	1
100	123	1
100	124	1
100	125	1
100	126	1
100	127	1
100	128	1
100	129	1
100	130	1
100	131	1
100	132	1
100	133	1
100	134	1
100	135	1
100	136	1
100	137	1
100	138	1
100	139	1
100	140	1
100	141	1
100	142	1
100	143	1
100	144	1
100	145	1
100	146	1
100	147	1
100	148	1
100	149	1
100	150	1
100	151	1
100	152	1
100	153	1
100	154	1
100	155	1
100	156	1
100	157	1
100	158	1
100	159	1
100	160	1
100	161	1
101	123	1
101	124	1
101	125	1
101	126	1
101	127	1
101	128	1
101	129	1
101	130	1
101	131	1
101	132	1
101	133	1
101	134	1
101	135	1
101	136	1
101	137	1
101	138	1
101	139	1
101	140	1
101	141	1
101	142	1
101	143	1
101	144	1
101	145	1
101	146	1
101	147	1
101	148	1
101	149	1
101	150	1
101	151	1
101	152	1
101	153	1
101	154	1
101	155	1
101	156	1
101	157	1
101	158	1
101	159	1
101	160	1
101	161	1
102	123	1
102	124	1
102	125	1
102	126	1
102	127	1
102	128	1
102	129	1
102	130	1
102	131	1
102	132	1
102	133	1
102	134	1
102	135	1
102	136	1
102	137	1
102	138	1
102	139	1
102	140	1
102	141	1
102	142	1
102	143	1
102	144	1
102	145	1
102	146	1
102	147	1
102	148	1
102	149	1
102	150	1
102	151	1
102	152	1
102	153	1
102	154	1
102	155	1
102	156	1
102	157	1
102	158	1
102	159	1
102	160	1
102	161	1
103	122	1
103	123	1
103	124	1
103	125	1
103	126	1
103	127	1
103	128	1
103	129	1
103	130	1
103	131	1
103	132	1
103	133	1
103	134	1
103	135	1
103	136	1
103	137	1
103	138	1
103	139	1
103	140	1
103	141	1
103	142	1
103	143	1
103	144	1
103	145	1
103	146	1
103	147	1
103	148	1
103	149	1
103	150	1
103	151	1
103	152	1
103	153	1
103	154	1
103	155	1
103	156	1
103	157	1
103	158	1
103	159	1
103	160	1
103	161	1
104	122	1
104	123	1
104	124	1
104	125	1
104	126	1
104	127	1
104	128	1
104	129	1
104	130	1
104	131	1
104	132	1
104	133	1
104	134	1
104	135	1
104	136	1
104	137	1
104	138	1
104	139	1
104	140	1
104	141	1
104	142	1
104	143	1
104	144	1
104	145	1
104	146	1
104	147	1
104	148	1
104	149	1
104	150	1
104	151	1
104	152	1
104	153	1
104	154	1
104	155	1
104	156	1
104	157	1
104	158	1
104	159	1
104	160	1
104	161	1
105	122	1
105	123	1
105	124	1
105	125	1
105	126	1
105	127	1
105	128	1
105	129	1
105	130	1
105	131	1
105	132	1
105	133	1
105	134	1
105	135	1
105	136	1
105	137	1
105	138	1
105	139	1
105	140	1
105	141	1
105	142	1
105	143	1
105	144	1
105	145	1
105	146	1
105	147	1
105	148	1
105	149	1
105	150	1
105	151	1
105	152	1
105	153	1
105	154	1
105	155	1
105	156	1
105	157	1
105	158	1
105	159	1
105	160	1
105	161	1
106	122	1
106	123	1
106	124	1
106	125	1
106	126	1
106	127	1
106	128	1
106	129	1
106	130	1
106	131	1
106	132	1
106	133	1
106	134	1
106	135	1
106	136	1
106	137	1
106	138	1
106	139	1
106	140	1
106	141	1
106	142	1
106	143	1
106	144	1
106	145	1
106	146	1
106	147	1
106	148	1
106	149	1
106	150	1
106	151	1
106	152	1
106	153	1
106	154	1
106	155	1
106	156	1
106	157	1
106	158	1
106	159	1
106	160	1
106	161	1
107	121	1
107	122	1
107	123	1
107	124	1
107	125	1
107	126	1
107	127	1
107	128	1
107	129	1
107	130	1
107	131	1
107	132	1
107	133	1
107	134	1
107	135	1
107	136	1
107	137	1
107	138	1
107	139	1
107	140	1
107	141	1
107	142	1
107	143	1
107	144	1
107	145	1
107	146	1
107	147	1
107	148	1
107	149	1
107	150	1
107	151	1
107	152	1
107	153	1
107	154	1
107	155	1
107	156	1
107	157	1
107	158	1
107	159	1
107	160	1
107	161	1
108	121	1
108	122	1
108	123	1
108	124	1
108	125	1
108	126	1
108	127	1
108	128	1
108	129	1
108	130	1
108	131	1
108	132	1
108	133	1
108	134	1
108	135	1
108	136	1
108	137	1
108	138	1
108	139	1
108	140	1
108	141	1
108	142	1
108	143	1
108	144	1
108	145	1
108	146	1
108	147	1
108	148	1
108	149	1
108	150	1
108	151	1
108	152	1
108	153	1
108	154	1
108	155	1
108	156	1
108	157	1
108	158	1
108	159	1
108	160	1
108	161	1
109	121	1
109	122	1
109	123	1
109	124	1
109	125	1
109	126	1
109	127	1
109	128	1
109	129	1
109	130	1
109	131	1
109	132	1
109	133	1
109	134	1
109	135	1
109	136	1
109	137	1
109	138	1
109	139	1
109	140	1
109	141	1
109	142	1
109	143	1
109	144	1
109	145	1
109	146	1
109	147	1
109	148	1
109	149	1
109	150	1
109	151	1
109	152	1
109	153	1
109	154	1
109	155	1
109	156	1
109	157	1
109	158	1
109	159	1
109	160	1
109	161	1
110	121	1
110	122	1
110	123	1
110	124	1
110	125	1
110	126	1
110	127	1
110	128	1
110	129	1
110	130	1
110	131	1
110	132	1
110	133	1
110	134	1
110	135	1
110	136	1
110	137	1
110	138	1
110	139	1
110	140	1
110	141	1
110	142	1
110	143	1
110	144	1
110	145	1
110	146	1
110	147	1
110	148	1
110	149	1
110	150	1
110	151	1
110	152	1
110	153	1
110	154	1
110	155	1
110	156	1
110	157	1
110	158	1
110	159	1
110	160	1
110	161	1
111	121	1
111	122	1
111	123	1
111	124	1
111	125	1
111	126	1
111	127	1
111	128	1
111	129	1
111	130	1
111	131	1
111	132	1
111	133	1
111	134	1
111	135	1
111	136	1
111	137	1
111	138	1
111	139	1
111	140	1
111	141	1
111	142	1
111	143	1
111	144	1
111	145	1
111	146	1
111	147	1
111	148	1
111	149	1
111	150	1
111	151	1
111	152	1
111	153	1
111	154	1
111	155	1
111	156	1
111	157	1
111	158	1
111	159	1
111	160	1
111	161	1
112	121	1
112	122	1
112	123	1
112	124	1
112	125	1
112	126	1
112	127	1
112	128	1
112	129	1
112	130	1
112	131	1
112	132	1
112	133	1
112	134	1
112	135	1
112	136	1
112	137	1
112	138	1
112	139	1
112	140	1
112	141	1
112	142	1
112	143	1
112	144	1
112	145	1
112	146	1
112	147	1
112	148	1
112	149	1
112	150	1
112	151	1
112	152	1
112	153	1
112	154	1
112	155	1
112	156	1
112	157	1
112	158	1
112	159	1
112	160	1
112	161	1
113	121	1
113	122	1
113	123	1
113	124	1
113	125	1
113	126	1
113	127	1
113	128	1
113	129	1
113	130	1
113	131	1
113	132	1
113	133	1
113	134	1
113	135	1
113	136	1
113	137	1
113	138	1
113	139	1
113	140	1
113	141	1
113	142	1
113	143	1
113	144	1
113	145	1
113	146	1
113	147	1
113	148	1
113	149	1
113	150	1
113	151	1
113	152	1
113	153	1
113	154	1
113	155	1
113	156	1
113	157	1
113	158	1
113	159	1
113	160	1
113	161	1
114	121	1
114	122	1
114	123	1
114	124	1
114	125	1
114	126	1
114	127	1
114	128	1
114	129	1
114	130	1
114	131	1
114	132	1
114	133	1
114	134	1
114	135	1
114	136	1
114	137	1
114	138	1
114	139	1
114	140	1
114	141	1
114	142	1
114	143	1
114	144	1
114	145	1
114	146	1
114	147	1
114	148	1
114	149	1
114	150	1
114	151	1
114	152	1
114	153	1
114	154	1
114	155	1
114	156	1
114	157	1
114	158	1
114	159	1
114	160	1
114	161	1
115	120	1
115	121	1
115	122	1
115	123	1
115	124	1
115	125	1
115	126	1
115	127	1
115	128	1
115	129	1
115	130	1
115	131	1
115	132	1
115	133	1
115	134	1
115	135	1
115	136	1
115	137	1
115	138	1
115	139	1
115	140	1
115	141	1
115	142	1
115	143	1
115	144	1
115	145	1
115	146	1
115	147	1
115	148	1
115	149	1
115	150	1
115	151	1
115	152	1
115	153	1
115	154	1
115	155	1
115	156	1
115	157	1
115	158	1
115	159	1
115	160	1
115	161	1
116	121	1
116	122	1
116	123	1
116	124	1
116	125	1
116	126	1
116	127	1
116	128	1
116	129	1
116	130	1
116	131	1
116	132	1
116	133	1
116	134	1
116	135	1
116	136	1
116	137	1
116	138	1
116	139	1
116	140	1
116	141	1
116	142	1
116	143	1
116	144	1
116	145	1
116	146	1
116	147	1
116	148	1
116	149	1
116	150	1
116	151	1
116	152	1
116	153	1
116	154	1
116	155	1
116	156	1
116	157	1
116	158	1
116	159	1
116	160	1
116	161	1
117	121	1
117	122	1
117	123	1
117	124	1
117	125	1
117	126	1
117	127	1
117	128	1
117	129	1
117	130	1
117	131	1
117	132	1
117	133	1
117	134	1
117	135	1
117	136	1
117	137	1
117	138	1
117	139	1
117	140	1
117	141	1
117	142	1
117	143	1
117	144	1
117	145	1
117	146	1
117	147	1
117	148	1
117	149	1
117	150	1
117	151	1
117	152	1
117	153	1
117	154	1
117	155	1
117	156	1
117	157	1
117	158	1
117	159	1
117	160	1
117	161	1
118	121	1
118	122	1
118	123	1
118	124	1
118	125	1
118	126	1
118	127	1
118	128	1
118	129	1
118	130	1
118	131	1
118	132	1
118	133	1
118	134	1
118	135	1
118	136	1
118	137	1
118	138	1
118	139	1
118	140	1
118	141	1
118	142	1
118	143	1
118	144	1
118	145	1
118	146	1
118	147	1
118	148	1
118	149	1
118	150	1
118	151	1
118	152	1
118	153	1
118	154	1
118	155	1
118	156	1
118	157	1
118	158	1
118	159	1
118	160	1
118	161	1
119	121	1
119	122	1
119	123	1
119	124	1
119	125	1
119	126	1
119	127	1
119	128	1
119	129	1
119	130	1
119	131	1
119	132	1
119	133	1
119	134	1
119	135	1
119	136	1
119	137	1
119	138	1
119	139	1
119	140	1
119	141	1
119	142	1
119	143	1
119	144	1
119	145	1
119	146	1
119	147	1
119	148	1
119	149	1
119	150	1
119	151	1
119	152	1
119	153	1
119	154	1
119	155	1
119	156	1
119	157	1
119	158	1
119	159	1
119	160	1
119	161	1
120	121	1
120	122	1
120	123	1
120	124	1
120	125	1
120	126	1
120	127	1
120	128	1
120	129	1
120	130	1
120	131	1
120	132	1
120	133	1
120	134	1
120	135	1
120	136	1
120	137	1
120	138	1
120	139	1
120	140	1
120	141	1
120	142	1
120	143	1
120	144	1
120	145	1
120	146	1
120	147	1
120	148	1
120	149	1
120	150	1
120	151	1
120	152	1
120	153	1
120	154	1
120	155	1
120	156	1
120	157	1
120	158	1
120	159	1
120	160	1
120	161	1
121	121	1
121	122	1
121	123	1
121	124	1
121	125	1
121	126	1
121	127	1
121	128	1
121	129	1
121	130	1
121	131	1
121	132	1
121	133	1
121	134	1
121	135	1
121	136	1
121	137	1
121	138	1
121	139	1
121	140	1
121	141	1
121	142	1
121	143	1
121	144	1
121	145	1
121	146	1
121	147	1
121	148	1
121	149	1
121	150	1
121	151	1
121	152	1
121	153	1
121	154	1
121	155	1
121	156	1
121	157	1
121	158	1
121	159	1
121	160	1
121	161	1
122	121	1
122	122	1
122	123	1
122	124	1
122	125	1
122	126	1
122	127	1
122	128	1
122	129	1
122	130	1
122	131	1
122	132	1
122	133	1
122	134	1
122	135	1
122	136	1
122	137	1
122	138	1
122	139	1
122	140	1
122	141	1
122	142	1
122	143	1
122	144	1
122	145	1
122	146	1
122	147	1
122	148	1
122	149	1
122	150	1
122	151	1
122	152	1
122	153	1
122	154	1
122	155	1
122	156	1
122	157	1
122	158	1
122	159	1
122	160	1
122	161	1
123	121	1
123	122	1
123	123	1
123	124	1
123	125	1
123	126	1
123	127	1
123	128	1
123	129	1
123	130	1
123	131	1
123	132	1
123	133	1
123	134	1
123	135	1
123	136	1
123	137	1
123	138	1
123	139	1
123	140	1
123	141	1
123	142	1
123	143	1
123	144	1
123	145	1
123	146	1
123	147	1
123	148	1
123	149	1
123	150	1
123	151	1
123	152	1
123	153	1
123	154	1
123	155	1
123	156	1
123	157	1
123	158	1
123	159	1
123	160	1
123	161	1
124	122	1
124	123	1
124	124	1
124	125	1
124	126	1
124	127	1
124	128	1
124	129	1
124	130	1
124	131	1
124	132	1
124	133	1
124	134	1
124	135	1
124	136	1
124	137	1
124	138	1
124	139	1
124	140	1
124	141	1
124	142	1
124	143	1
124	144	1
124	145	1
124	146	1
124	147	1
124	148	1
124	149	1
124	150	1
124	151	1
124	152	1
124	153	1
124	154	1
124	155	1
124	156	1
124	157	1
124	158	1
124	159	1
124	160	1
124	161	1
125	122	1
125	123	1
125	124	1
125	125	1
125	126	1
125	127	1
125	128	1
125	129	1
125	130	1
125	131	1
125	132	1
125	133	1
125	134	1
125	135	1
125	136	1
125	137	1
125	138	1
125	139	1
125	140	1
125	141	1
125	142	1
125	143	1
125	144	1
125	145	1
125	146	1
125	147	1
125	148	1
125	149	1
125	150	1
125	151	1
125	152	1
125	153	1
125	154	1
125	155	1
125	156	1
125	157	1
125	158	1
125	159	1
125	160	1
125	161	1
126	122	1
126	123	1
126	124	1
126	125	1
126	126	1
126	127	1
126	128	1
126	129	1
126	130	1
126	131	1
126	132	1
126	133	1
126	134	1
126	135	1
126	136	1
126	137	1
126	138	1
126	139	1
126	140	1
126	141	1
126	142	1
126	143	1
126	144	1
126	145	1
126	146	1
126	147	1
126	148	1
126	149	1
126	150	1
126	151	1
126	152	1
126	153	1
126	154	1
126	155	1
126	156	1
126	157	1
126	158	1
126	159	1
126	160	1
126	161	1
127	122	1
127	123	1
127	124	1
127	125	1
127	126	1
127	127	1
127	128	1
127	129	1
127	130	1
127	131	1
127	132	1
127	133	1
127	134	1
127	135	1
127	136	1
127	137	1
127	138	1
127	139	1
127	140	1
127	141	1
127	142	1
127	143	1
127	144	1
127	145	1
127	146	1
127	147	1
127	148	1
127	149	1
127	150	1
127	151	1
127	152	1
127	153	1
127	154	1
127	155	1
127	156	1
127	157	1
127	158	1
127	159	1
127	160	1
127	161	1
128	123	1
128	124	1
128	125	1
128	126	1
128	127	1
128	128	1
128	129	1
128	130	1
128	131	1
128	132	1
128	133	1
128	134	1
128	135	1
128	136	1
128	137	1
128	138	1
128	139	1
128	140	1
128	141	1
128	142	1
128	143	1
128	144	1
128	145	1
128	146	1
128	147	1
128	148	1
128	149	1
128	150	1
128	151	1
128	152	1
128	153	1
128	154	1
128	155	1
128	156	1
128	157	1
128	158	1
128	159	1
128	160	1
128	161	1
129	123	1
129	124	1
129	125	1
129	126	1
129	127	1
129	128	1
129	129	1
129	130	1
129	131	1
129	132	1
129	133	1
129	134	1
129	135	1
129	136	1
129	137	1
129	138	1
129	139	1
129	140	1
129	141	1
129	142	1
129	143	1
129	144	1
129	145	1
129	146	1
129	147	1
129	148	1
129	149	1
129	150	1
129	151	1
129	152	1
129	153	1
129	154	1
129	155	1
129	156	1
129	157	1
129	158	1
129	159	1
129	160	1
129	161	1
130	123	1
130	124	1
130	125	1
130	126	1
130	127	1
130	128	1
130	129	1
130	130	1
130	131	1
130	132	1
130	133	1
130	134	1
130	135	1
130	136	1
130	137	1
130	138	1
130	139	1
130	140	1
130	141	1
130	142	1
130	143	1
130	144	1
130	145	1
130	146	1
130	147	1
130	148	1
130	149	1
130	150	1
130	151	1
130	152	1
130	153	1
130	154	1
130	155	1
130	156	1
130	157	1
130	158	1
130	159	1
130	160	1
130	161	1
131	124	1
131	125	1
131	126	1
131	127	1
131	128	1
131	129	1
131	130	1
131	131	1
131	132	1
131	133	1
131	134	1
131	135	1
131	136	1
131	137	1
131	138	1
131	139	1
131	140	1
131	141	1
131	142	1
131	143	1
131	144	1
131	145	1
131	146	1
131	147	1
131	148	1
131	149	1
131	150	1
131	151	1
131	152	1
131	153	1
131	154	1
131	155	1
131	156	1
131	157	1
131	158	1
131	159	1
131	160	1
131	161	1
132	124	1
132	125	1
132	126	1
132	127	1
132	128	1
132	129	1
132	130	1
132	131	1
132	132	1
132	133	1
132	134	1
132	135	1
132	136	1
132	137	1
132	138	1
132	139	1
132	140	1
132	141	1
132	142	1
132	143	1
132	144	1
132	145	1
132	146	1
132	147	1
132	148	1
132	149	1
132	150	1
132	151	1
132	152	1
132	153	1
132	154	1
132	155	1
132	156	1
132	157	1
132	158	1
132	159	1
132	160	1
132	161	1
133	125	1
133	126	1
133	127	1
133	128	1
133	129	1
133	130	1
133	131	1
133	132	1
133	133	1
133	134	1
133	135	1
133	136	1
133	137	1
133	138	1
133	139	1
133	140	1
133	141	1
133	142	1
133	143	1
133	144	1
133	145	1
133	146	1
133	147	1
133	148	1
133	149	1
133	150	1
133	151	1
133	152	1
133	153	1
133	154	1
133	155	1
133	156	1
133	157	1
133	158	1
133	159	1
133	160	1
133	161	1
134	125	1
134	126	1
134	127	1
134	128	1
134	129	1
134	130	1
134	131	1
134	132	1
134	133	1
134	134	1
134	135	1
134	136	1
134	137	1
134	138	1
134	139	1
134	140	1
134	141	1
134	142	1
134	143	1
134	144	1
134	145	1
134	146	1
134	147	1
134	148	1
134	149	1
134	150	1
134	151	1
134	152	1
134	153	1
134	154	1
134	155	1
134	156	1
134	157	1
134	158	1
134	159	1
134	160	1
134	161	1
135	126	1
135	127	1
135	128	1
135	129	1
135	130	1
135	131	1
135	132	1
135	133	1
135	134	1
135	135	1
135	136	1
135	137	1
135	138	1
135	139	1
135	140	1
135	141	1
135	142	1
135	143	1
135	144	1
135	145	1
135	146	1
135	147	1
135	148	1
135	149	1
135	150	1
135	151	1
135	152	1
135	153	1
135	154	1
135	155	1
135	156	1
135	157	1
135	158	1
135	159	1
135	160	1
135	161	1
136	126	1
136	127	1
136	128	1
136	129	1
136	130	1
136	131	1
136	132	1
136	133	1
136	134	1
136	135	1
136	136	1
136	137	1
136	138	1
136	139	1
136	140	1
136	141	1
136	142	1
136	143	1
136	144	1
136	145	1
136	146	1
136	147	1
136	148	1
136	149	1
136	150	1
136	151	1
136	152	1
136	153	1
136	154	1
136	155	1
136	156	1
136	157	1
136	158	1
136	159	1
136	160	1
136	161	1
137	127	1
137	128	1
137	129	1
137	130	1
137	131	1
137	132	1
137	133	1
137	134	1
137	135	1
137	136	1
137	137	1
137	138	1
137	139	1
137	140	1
137	141	1
137	142	1
137	143	1
137	144	1
137	145	1
137	146	1
137	147	1
137	148	1
137	149	1
137	150	1
137	151	1
137	152	1
137	153	1
137	154	1
137	155	1
137	156	1
137	157	1
137	158	1
137	159	1
137	160	1
137	161	1
138	128	1
138	129	1
138	130	1
138	131	1
138	132	1
138	133	1
138	134	1
138	135	1
138	136	1
138	137	1
138	138	1
138	139	1
138	140	1
138	141	1
138	142	1
138	143	1
138	144	1
138	145	1
138	146	1
138	147	1
138	148	1
138	149	1
138	150	1
138	151	1
138	152	1
138	153	1
138	154	1
138	155	1
138	156	1
138	157	1
138	158	1
138	159	1
138	160	1
138	161	1
139	128	1
139	129	1
139	130	1
139	131	1
139	132	1
139	133	1
139	134	1
139	135	1
139	136	1
139	137	1
139	138	1
139	139	1
139	140	1
139	141	1
139	142	1
139	143	1
139	144	1
139	145	1
139	146	1
139	147	1
139	148	1
139	149	1
139	150	1
139	151	1
139	152	1
139	153	1
139	154	1
139	155	1
139	156	1
139	157	1
139	158	1
139	159	1
139	160	1
139	161	1
140	129	1
140	130	1
140	131	1
140	132	1
140	133	1
140	134	1
140	135	1
140	136	1
140	137	1
140	138	1
140	139	1
140	140	1
140	141	1
140	142	1
140	143	1
140	144	1
140	145	1
140	146	1
140	147	1
140	148	1
140	149	1
140	150	1
140	151	1
140	152	1
140	153	1
140	154	1
140	155	1
140	156	1
140	157	1
140	158	1
140	159	1
140	160	1
140	161	1
141	130	1
141	131	1
141	132	1
141	133	1
141	134	1
141	135	1
141	136	1
141	137	1
141	138	1
141	139	1
141	140	1
141	141	1
141	142	1
141	143	1
141	144	1
141	145	1
141	146	1
141	147	1
141	148	1
141	149	1
141	150	1
141	151	1
141	152	1
141	153	1
141	154	1
141	155	1
141	156	1
141	157	1
141	158	1
141	159	1
141	160	1
141	161	1
142	131	1
142	132	1
142	133	1
142	134	1
142	135	1
142	136	1
142	137	1
142	138	1
142	139	1
142	140	1
142	141	1
142	142	1
142	143	1
142	144	1
142	145	1
142	146	1
142	147	1
142	148	1
142	149	1
142	150	1
142	151	1
142	152	1
142	153	1
142	154	1
142	155	1
142	156	1
142	157	1
142	158	1
142	159	1
142	160	1
142	161	1
143	132	1
143	133	1
143	134	1
143	135	1
143	136	1
143	137	1
143	138	1
143	139	1
143	140	1
143	141	1
143	142	1
143	143	1
143	144	1
143	145	1
143	146	1
143	147	1
143	148	1
143	149	1
143	150	1
143	151	1
143	152	1
143	153	1
143	154	1
143	155	1
143	156	1
143	157	1
143	158	1
143	159	1
143	160	1
143	161	1
144	133	1
144	134	1
144	135	1
144	136	1
144	137	1
144	138	1
144	139	1
144	140	1
144	141	1
144	142	1
144	143	1
144	144	1
144	145	1
144	146	1
144	147	1
144	148	1
144	149	1
144	150	1
144	151	1
144	152	1
144	153	1
144	154	1
144	155	1
144	156	1
144	157	1
144	158	1
144	159	1
144	160	1
144	161	1
145	134	1
145	135	1
145	136	1
145	137	1
145	138	1
145	139	1
145	140	1
145	141	1
145	142	1
145	143	1
145	144	1
145	145	1
145	146	1
145	147	1
145	148	1
145	149	1
145	150	1
145	151	1
145	152	1
145	153	1
145	154	1
145	155	1
145	156	1
145	157	1
145	158	1
145	159	1
145	160	1
145	161	1
146	135	1
146	136	1
146	137	1
146	138	1
146	139	1
146	140	1
146	141	1
146	142	1
146	143	1
146	144	1
146	145	1
146	146	1
146	147	1
146	148	1
146	149	1
146	150	1
146	151	1
146	152	1
146	153	1
146	154	1
146	155	1
146	156	1
146	157	1
146	158	1
146	159	1
146	160	1
146	161	1
147	136	1
147	137	1
147	138	1
147	139	1
147	140	1
147	141	1
147	142	1
147	143	1
147	144	1
147	145	1
147	146	1
147	147	1
147	148	1
147	149	1
147	150	1
147	151	1
147	152	1
147	153	1
147	154	1
147	155	1
147	156	1
147	157	1
147	158	1
147	159	1
147	160	1
147	161	1
148	138	1
148	139	1
148	140	1
148	141	1
148	142	1
148	143	1
148	144	1
148	145	1
148	146	1
148	147	1
148	148	1
148	149	1
148	150	1
148	151	1
148	152	1
148	153	1
148	154	1
148	155	1
148	156	1
148	157	1
148	158	1
148	159	1
148	160	1
148	161	1
149	139	1
149	140	1
149	141	1
149	142	1
149	143	1
149	144	1
149	145	1
149	146	1
149	147	1
149	148	1
149	149	1
149	150	1
149	151	1
149	152	1
149	153	1
149	154	1
149	155	1
149	156	1
149	157	1
149	158	1
149	159	1
149	160	1
149	161	1
