pix_x	pix_y	Flag
40	115	1
41	110	1
41	111	1
41	112	1
41	113	1
41	114	1
41	115	1
41	116	1
41	117	1
41	118	1
41	119	1
41	120	1
42	108	1
42	109	1
42	110	1
42	111	1
42	112	1
42	113	1
42	114	1
42	115	1
42	116	1
42	117	1
42	118	1
42	119	1
42	120	1
42	121	1
42	122	1
43	107	1
43	108	1
43	109	1
43	110	1
43	111	1
43	112	1
43	113	1
43	114	1
43	115	1
43	116	1
43	117	1
43	118	1
43	119	1
43	120	1
43	121	1
43	122	1
43	123	1
44	106	1
44	107	1
44	108	1
44	109	1
44	110	1
44	111	1
44	112	1
44	113	1
44	114	1
44	115	1
44	116	1
44	117	1
44	118	1
44	119	1
44	120	1
44	121	1
44	122	1
44	123	1
44	124	1
45	105	1
45	106	1
45	107	1
45	108	1
45	109	1
45	110	1
45	111	1
45	112	1
45	113	1
45	114	1
45	115	1
45	116	1
45	117	1
45	118	1
45	119	1
45	120	1
45	121	1
45	122	1
45	123	1
45	124	1
45	125	1
46	104	1
46	105	1
46	106	1
46	107	1
46	108	1
46	109	1
46	110	1
46	111	1
46	112	1
46	113	1
46	114	1
46	115	1
46	116	1
46	117	1
46	118	1
46	119	1
46	120	1
46	121	1
46	122	1
46	123	1
46	124	1
46	125	1
46	126	1
47	103	1
47	104	1
47	105	1
47	106	1
47	107	1
47	108	1
47	109	1
47	110	1
47	111	1
47	112	1
47	113	1
47	114	1
47	115	1
47	116	1
47	117	1
47	118	1
47	119	1
47	120	1
47	121	1
47	122	1
47	123	1
47	124	1
47	125	1
47	126	1
47	127	1
48	103	1
48	104	1
48	105	1
48	106	1
48	107	1
48	108	1
48	109	1
48	110	1
48	111	1
48	112	1
48	113	1
48	114	1
48	115	1
48	116	1
48	117	1
48	118	1
48	119	1
48	120	1
48	121	1
48	122	1
48	123	1
48	124	1
48	125	1
48	126	1
48	127	1
49	102	1
49	103	1
49	104	1
49	105	1
49	106	1
49	107	1
49	108	1
49	109	1
49	110	1
49	111	1
49	112	1
49	113	1
49	114	1
49	115	1
49	116	1
49	117	1
49	118	1
49	119	1
49	120	1
49	121	1
49	122	1
49	123	1
49	124	1
49	125	1
49	126	1
49	127	1
49	128	1
50	102	1
50	103	1
50	104	1
50	105	1
50	106	1
50	107	1
50	108	1
50	109	1
50	110	1
50	111	1
50	112	1
50	113	1
50	114	1
50	115	1
50	116	1
50	117	1
50	118	1
50	119	1
50	120	1
50	121	1
50	122	1
50	123	1
50	124	1
50	125	1
50	126	1
50	127	1
50	128	1
51	102	1
51	103	1
51	104	1
51	105	1
51	106	1
51	107	1
51	108	1
51	109	1
51	110	1
51	111	1
51	112	1
51	113	1
51	114	1
51	115	1
51	116	1
51	117	1
51	118	1
51	119	1
51	120	1
51	121	1
51	122	1
51	123	1
51	124	1
51	125	1
51	126	1
51	127	1
51	128	1
52	102	1
52	103	1
52	104	1
52	105	1
52	106	1
52	107	1
52	108	1
52	109	1
52	110	1
52	111	1
52	112	1
52	113	1
52	114	1
52	115	1
52	116	1
52	117	1
52	118	1
52	119	1
52	120	1
52	121	1
52	122	1
52	123	1
52	124	1
52	125	1
52	126	1
52	127	1
52	128	1
53	102	1
53	103	1
53	104	1
53	105	1
53	106	1
53	107	1
53	108	1
53	109	1
53	110	1
53	111	1
53	112	1
53	113	1
53	114	1
53	115	1
53	116	1
53	117	1
53	118	1
53	119	1
53	120	1
53	121	1
53	122	1
53	123	1
53	124	1
53	125	1
53	126	1
53	127	1
53	128	1
54	101	1
54	102	1
54	103	1
54	104	1
54	105	1
54	106	1
54	107	1
54	108	1
54	109	1
54	110	1
54	111	1
54	112	1
54	113	1
54	114	1
54	115	1
54	116	1
54	117	1
54	118	1
54	119	1
54	120	1
54	121	1
54	122	1
54	123	1
54	124	1
54	125	1
54	126	1
54	127	1
54	128	1
54	129	1
55	102	1
55	103	1
55	104	1
55	105	1
55	106	1
55	107	1
55	108	1
55	109	1
55	110	1
55	111	1
55	112	1
55	113	1
55	114	1
55	115	1
55	116	1
55	117	1
55	118	1
55	119	1
55	120	1
55	121	1
55	122	1
55	123	1
55	124	1
55	125	1
55	126	1
55	127	1
55	128	1
56	102	1
56	103	1
56	104	1
56	105	1
56	106	1
56	107	1
56	108	1
56	109	1
56	110	1
56	111	1
56	112	1
56	113	1
56	114	1
56	115	1
56	116	1
56	117	1
56	118	1
56	119	1
56	120	1
56	121	1
56	122	1
56	123	1
56	124	1
56	125	1
56	126	1
56	127	1
56	128	1
57	102	1
57	103	1
57	104	1
57	105	1
57	106	1
57	107	1
57	108	1
57	109	1
57	110	1
57	111	1
57	112	1
57	113	1
57	114	1
57	115	1
57	116	1
57	117	1
57	118	1
57	119	1
57	120	1
57	121	1
57	122	1
57	123	1
57	124	1
57	125	1
57	126	1
57	127	1
57	128	1
58	102	1
58	103	1
58	104	1
58	105	1
58	106	1
58	107	1
58	108	1
58	109	1
58	110	1
58	111	1
58	112	1
58	113	1
58	114	1
58	115	1
58	116	1
58	117	1
58	118	1
58	119	1
58	120	1
58	121	1
58	122	1
58	123	1
58	124	1
58	125	1
58	126	1
58	127	1
58	128	1
59	102	1
59	103	1
59	104	1
59	105	1
59	106	1
59	107	1
59	108	1
59	109	1
59	110	1
59	111	1
59	112	1
59	113	1
59	114	1
59	115	1
59	116	1
59	117	1
59	118	1
59	119	1
59	120	1
59	121	1
59	122	1
59	123	1
59	124	1
59	125	1
59	126	1
59	127	1
59	128	1
60	103	1
60	104	1
60	105	1
60	106	1
60	107	1
60	108	1
60	109	1
60	110	1
60	111	1
60	112	1
60	113	1
60	114	1
60	115	1
60	116	1
60	117	1
60	118	1
60	119	1
60	120	1
60	121	1
60	122	1
60	123	1
60	124	1
60	125	1
60	126	1
60	127	1
61	103	1
61	104	1
61	105	1
61	106	1
61	107	1
61	108	1
61	109	1
61	110	1
61	111	1
61	112	1
61	113	1
61	114	1
61	115	1
61	116	1
61	117	1
61	118	1
61	119	1
61	120	1
61	121	1
61	122	1
61	123	1
61	124	1
61	125	1
61	126	1
61	127	1
62	104	1
62	105	1
62	106	1
62	107	1
62	108	1
62	109	1
62	110	1
62	111	1
62	112	1
62	113	1
62	114	1
62	115	1
62	116	1
62	117	1
62	118	1
62	119	1
62	120	1
62	121	1
62	122	1
62	123	1
62	124	1
62	125	1
62	126	1
63	105	1
63	106	1
63	107	1
63	108	1
63	109	1
63	110	1
63	111	1
63	112	1
63	113	1
63	114	1
63	115	1
63	116	1
63	117	1
63	118	1
63	119	1
63	120	1
63	121	1
63	122	1
63	123	1
63	124	1
63	125	1
64	106	1
64	107	1
64	108	1
64	109	1
64	110	1
64	111	1
64	112	1
64	113	1
64	114	1
64	115	1
64	116	1
64	117	1
64	118	1
64	119	1
64	120	1
64	121	1
64	122	1
64	123	1
64	124	1
65	107	1
65	108	1
65	109	1
65	110	1
65	111	1
65	112	1
65	113	1
65	114	1
65	115	1
65	116	1
65	117	1
65	118	1
65	119	1
65	120	1
65	121	1
65	122	1
65	123	1
66	108	1
66	109	1
66	110	1
66	111	1
66	112	1
66	113	1
66	114	1
66	115	1
66	116	1
66	117	1
66	118	1
66	119	1
66	120	1
66	121	1
66	122	1
67	110	1
67	111	1
67	112	1
67	113	1
67	114	1
67	115	1
67	116	1
67	117	1
67	118	1
67	119	1
67	120	1
68	115	1
36	115	1
37	110	1
37	111	1
37	112	1
37	113	1
37	114	1
37	115	1
37	116	1
37	117	1
37	118	1
37	119	1
37	120	1
38	107	1
38	108	1
38	109	1
38	110	1
38	111	1
38	112	1
38	113	1
38	114	1
38	115	1
38	116	1
38	117	1
38	118	1
38	119	1
38	120	1
38	121	1
38	122	1
38	123	1
39	106	1
39	107	1
39	108	1
39	109	1
39	110	1
39	111	1
39	112	1
39	113	1
39	114	1
39	115	1
39	116	1
39	117	1
39	118	1
39	119	1
39	120	1
39	121	1
39	122	1
39	123	1
39	124	1
40	104	1
40	105	1
40	106	1
40	107	1
40	108	1
40	109	1
40	110	1
40	111	1
40	112	1
40	113	1
40	114	1
40	115	1
40	116	1
40	117	1
40	118	1
40	119	1
40	120	1
40	121	1
40	122	1
40	123	1
40	124	1
40	125	1
40	126	1
41	103	1
41	104	1
41	105	1
41	106	1
41	107	1
41	108	1
41	109	1
41	110	1
41	111	1
41	112	1
41	113	1
41	114	1
41	115	1
41	116	1
41	117	1
41	118	1
41	119	1
41	120	1
41	121	1
41	122	1
41	123	1
41	124	1
41	125	1
41	126	1
41	127	1
42	102	1
42	103	1
42	104	1
42	105	1
42	106	1
42	107	1
42	108	1
42	109	1
42	110	1
42	111	1
42	112	1
42	113	1
42	114	1
42	115	1
42	116	1
42	117	1
42	118	1
42	119	1
42	120	1
42	121	1
42	122	1
42	123	1
42	124	1
42	125	1
42	126	1
42	127	1
42	128	1
43	101	1
43	102	1
43	103	1
43	104	1
43	105	1
43	106	1
43	107	1
43	108	1
43	109	1
43	110	1
43	111	1
43	112	1
43	113	1
43	114	1
43	115	1
43	116	1
43	117	1
43	118	1
43	119	1
43	120	1
43	121	1
43	122	1
43	123	1
43	124	1
43	125	1
43	126	1
43	127	1
43	128	1
43	129	1
44	101	1
44	102	1
44	103	1
44	104	1
44	105	1
44	106	1
44	107	1
44	108	1
44	109	1
44	110	1
44	111	1
44	112	1
44	113	1
44	114	1
44	115	1
44	116	1
44	117	1
44	118	1
44	119	1
44	120	1
44	121	1
44	122	1
44	123	1
44	124	1
44	125	1
44	126	1
44	127	1
44	128	1
44	129	1
45	100	1
45	101	1
45	102	1
45	103	1
45	104	1
45	105	1
45	106	1
45	107	1
45	108	1
45	109	1
45	110	1
45	111	1
45	112	1
45	113	1
45	114	1
45	115	1
45	116	1
45	117	1
45	118	1
45	119	1
45	120	1
45	121	1
45	122	1
45	123	1
45	124	1
45	125	1
45	126	1
45	127	1
45	128	1
45	129	1
45	130	1
46	99	1
46	100	1
46	101	1
46	102	1
46	103	1
46	104	1
46	105	1
46	106	1
46	107	1
46	108	1
46	109	1
46	110	1
46	111	1
46	112	1
46	113	1
46	114	1
46	115	1
46	116	1
46	117	1
46	118	1
46	119	1
46	120	1
46	121	1
46	122	1
46	123	1
46	124	1
46	125	1
46	126	1
46	127	1
46	128	1
46	129	1
46	130	1
46	131	1
47	99	1
47	100	1
47	101	1
47	102	1
47	103	1
47	104	1
47	105	1
47	106	1
47	107	1
47	108	1
47	109	1
47	110	1
47	111	1
47	112	1
47	113	1
47	114	1
47	115	1
47	116	1
47	117	1
47	118	1
47	119	1
47	120	1
47	121	1
47	122	1
47	123	1
47	124	1
47	125	1
47	126	1
47	127	1
47	128	1
47	129	1
47	130	1
47	131	1
48	99	1
48	100	1
48	101	1
48	102	1
48	103	1
48	104	1
48	105	1
48	106	1
48	107	1
48	108	1
48	109	1
48	110	1
48	111	1
48	112	1
48	113	1
48	114	1
48	115	1
48	116	1
48	117	1
48	118	1
48	119	1
48	120	1
48	121	1
48	122	1
48	123	1
48	124	1
48	125	1
48	126	1
48	127	1
48	128	1
48	129	1
48	130	1
48	131	1
49	98	1
49	99	1
49	100	1
49	101	1
49	102	1
49	103	1
49	104	1
49	105	1
49	106	1
49	107	1
49	108	1
49	109	1
49	110	1
49	111	1
49	112	1
49	113	1
49	114	1
49	115	1
49	116	1
49	117	1
49	118	1
49	119	1
49	120	1
49	121	1
49	122	1
49	123	1
49	124	1
49	125	1
49	126	1
49	127	1
49	128	1
49	129	1
49	130	1
49	131	1
49	132	1
50	98	1
50	99	1
50	100	1
50	101	1
50	102	1
50	103	1
50	104	1
50	105	1
50	106	1
50	107	1
50	108	1
50	109	1
50	110	1
50	111	1
50	112	1
50	113	1
50	114	1
50	115	1
50	116	1
50	117	1
50	118	1
50	119	1
50	120	1
50	121	1
50	122	1
50	123	1
50	124	1
50	125	1
50	126	1
50	127	1
50	128	1
50	129	1
50	130	1
50	131	1
50	132	1
51	98	1
51	99	1
51	100	1
51	101	1
51	102	1
51	103	1
51	104	1
51	105	1
51	106	1
51	107	1
51	108	1
51	109	1
51	110	1
51	111	1
51	112	1
51	113	1
51	114	1
51	115	1
51	116	1
51	117	1
51	118	1
51	119	1
51	120	1
51	121	1
51	122	1
51	123	1
51	124	1
51	125	1
51	126	1
51	127	1
51	128	1
51	129	1
51	130	1
51	131	1
51	132	1
52	98	1
52	99	1
52	100	1
52	101	1
52	102	1
52	103	1
52	104	1
52	105	1
52	106	1
52	107	1
52	108	1
52	109	1
52	110	1
52	111	1
52	112	1
52	113	1
52	114	1
52	115	1
52	116	1
52	117	1
52	118	1
52	119	1
52	120	1
52	121	1
52	122	1
52	123	1
52	124	1
52	125	1
52	126	1
52	127	1
52	128	1
52	129	1
52	130	1
52	131	1
52	132	1
53	98	1
53	99	1
53	100	1
53	101	1
53	102	1
53	103	1
53	104	1
53	105	1
53	106	1
53	107	1
53	108	1
53	109	1
53	110	1
53	111	1
53	112	1
53	113	1
53	114	1
53	115	1
53	116	1
53	117	1
53	118	1
53	119	1
53	120	1
53	121	1
53	122	1
53	123	1
53	124	1
53	125	1
53	126	1
53	127	1
53	128	1
53	129	1
53	130	1
53	131	1
53	132	1
54	97	1
54	98	1
54	99	1
54	100	1
54	101	1
54	102	1
54	103	1
54	104	1
54	105	1
54	106	1
54	107	1
54	108	1
54	109	1
54	110	1
54	111	1
54	112	1
54	113	1
54	114	1
54	115	1
54	116	1
54	117	1
54	118	1
54	119	1
54	120	1
54	121	1
54	122	1
54	123	1
54	124	1
54	125	1
54	126	1
54	127	1
54	128	1
54	129	1
54	130	1
54	131	1
54	132	1
54	133	1
55	98	1
55	99	1
55	100	1
55	101	1
55	102	1
55	103	1
55	104	1
55	105	1
55	106	1
55	107	1
55	108	1
55	109	1
55	110	1
55	111	1
55	112	1
55	113	1
55	114	1
55	115	1
55	116	1
55	117	1
55	118	1
55	119	1
55	120	1
55	121	1
55	122	1
55	123	1
55	124	1
55	125	1
55	126	1
55	127	1
55	128	1
55	129	1
55	130	1
55	131	1
55	132	1
56	98	1
56	99	1
56	100	1
56	101	1
56	102	1
56	103	1
56	104	1
56	105	1
56	106	1
56	107	1
56	108	1
56	109	1
56	110	1
56	111	1
56	112	1
56	113	1
56	114	1
56	115	1
56	116	1
56	117	1
56	118	1
56	119	1
56	120	1
56	121	1
56	122	1
56	123	1
56	124	1
56	125	1
56	126	1
56	127	1
56	128	1
56	129	1
56	130	1
56	131	1
56	132	1
57	98	1
57	99	1
57	100	1
57	101	1
57	102	1
57	103	1
57	104	1
57	105	1
57	106	1
57	107	1
57	108	1
57	109	1
57	110	1
57	111	1
57	112	1
57	113	1
57	114	1
57	115	1
57	116	1
57	117	1
57	118	1
57	119	1
57	120	1
57	121	1
57	122	1
57	123	1
57	124	1
57	125	1
57	126	1
57	127	1
57	128	1
57	129	1
57	130	1
57	131	1
57	132	1
58	98	1
58	99	1
58	100	1
58	101	1
58	102	1
58	103	1
58	104	1
58	105	1
58	106	1
58	107	1
58	108	1
58	109	1
58	110	1
58	111	1
58	112	1
58	113	1
58	114	1
58	115	1
58	116	1
58	117	1
58	118	1
58	119	1
58	120	1
58	121	1
58	122	1
58	123	1
58	124	1
58	125	1
58	126	1
58	127	1
58	128	1
58	129	1
58	130	1
58	131	1
58	132	1
59	98	1
59	99	1
59	100	1
59	101	1
59	102	1
59	103	1
59	104	1
59	105	1
59	106	1
59	107	1
59	108	1
59	109	1
59	110	1
59	111	1
59	112	1
59	113	1
59	114	1
59	115	1
59	116	1
59	117	1
59	118	1
59	119	1
59	120	1
59	121	1
59	122	1
59	123	1
59	124	1
59	125	1
59	126	1
59	127	1
59	128	1
59	129	1
59	130	1
59	131	1
59	132	1
60	99	1
60	100	1
60	101	1
60	102	1
60	103	1
60	104	1
60	105	1
60	106	1
60	107	1
60	108	1
60	109	1
60	110	1
60	111	1
60	112	1
60	113	1
60	114	1
60	115	1
60	116	1
60	117	1
60	118	1
60	119	1
60	120	1
60	121	1
60	122	1
60	123	1
60	124	1
60	125	1
60	126	1
60	127	1
60	128	1
60	129	1
60	130	1
60	131	1
61	99	1
61	100	1
61	101	1
61	102	1
61	103	1
61	104	1
61	105	1
61	106	1
61	107	1
61	108	1
61	109	1
61	110	1
61	111	1
61	112	1
61	113	1
61	114	1
61	115	1
61	116	1
61	117	1
61	118	1
61	119	1
61	120	1
61	121	1
61	122	1
61	123	1
61	124	1
61	125	1
61	126	1
61	127	1
61	128	1
61	129	1
61	130	1
61	131	1
62	99	1
62	100	1
62	101	1
62	102	1
62	103	1
62	104	1
62	105	1
62	106	1
62	107	1
62	108	1
62	109	1
62	110	1
62	111	1
62	112	1
62	113	1
62	114	1
62	115	1
62	116	1
62	117	1
62	118	1
62	119	1
62	120	1
62	121	1
62	122	1
62	123	1
62	124	1
62	125	1
62	126	1
62	127	1
62	128	1
62	129	1
62	130	1
62	131	1
63	100	1
63	101	1
63	102	1
63	103	1
63	104	1
63	105	1
63	106	1
63	107	1
63	108	1
63	109	1
63	110	1
63	111	1
63	112	1
63	113	1
63	114	1
63	115	1
63	116	1
63	117	1
63	118	1
63	119	1
63	120	1
63	121	1
63	122	1
63	123	1
63	124	1
63	125	1
63	126	1
63	127	1
63	128	1
63	129	1
63	130	1
64	101	1
64	102	1
64	103	1
64	104	1
64	105	1
64	106	1
64	107	1
64	108	1
64	109	1
64	110	1
64	111	1
64	112	1
64	113	1
64	114	1
64	115	1
64	116	1
64	117	1
64	118	1
64	119	1
64	120	1
64	121	1
64	122	1
64	123	1
64	124	1
64	125	1
64	126	1
64	127	1
64	128	1
64	129	1
65	101	1
65	102	1
65	103	1
65	104	1
65	105	1
65	106	1
65	107	1
65	108	1
65	109	1
65	110	1
65	111	1
65	112	1
65	113	1
65	114	1
65	115	1
65	116	1
65	117	1
65	118	1
65	119	1
65	120	1
65	121	1
65	122	1
65	123	1
65	124	1
65	125	1
65	126	1
65	127	1
65	128	1
65	129	1
66	102	1
66	103	1
66	104	1
66	105	1
66	106	1
66	107	1
66	108	1
66	109	1
66	110	1
66	111	1
66	112	1
66	113	1
66	114	1
66	115	1
66	116	1
66	117	1
66	118	1
66	119	1
66	120	1
66	121	1
66	122	1
66	123	1
66	124	1
66	125	1
66	126	1
66	127	1
66	128	1
67	103	1
67	104	1
67	105	1
67	106	1
67	107	1
67	108	1
67	109	1
67	110	1
67	111	1
67	112	1
67	113	1
67	114	1
67	115	1
67	116	1
67	117	1
67	118	1
67	119	1
67	120	1
67	121	1
67	122	1
67	123	1
67	124	1
67	125	1
67	126	1
67	127	1
68	104	1
68	105	1
68	106	1
68	107	1
68	108	1
68	109	1
68	110	1
68	111	1
68	112	1
68	113	1
68	114	1
68	115	1
68	116	1
68	117	1
68	118	1
68	119	1
68	120	1
68	121	1
68	122	1
68	123	1
68	124	1
68	125	1
68	126	1
69	106	1
69	107	1
69	108	1
69	109	1
69	110	1
69	111	1
69	112	1
69	113	1
69	114	1
69	115	1
69	116	1
69	117	1
69	118	1
69	119	1
69	120	1
69	121	1
69	122	1
69	123	1
69	124	1
70	107	1
70	108	1
70	109	1
70	110	1
70	111	1
70	112	1
70	113	1
70	114	1
70	115	1
70	116	1
70	117	1
70	118	1
70	119	1
70	120	1
70	121	1
70	122	1
70	123	1
71	110	1
71	111	1
71	112	1
71	113	1
71	114	1
71	115	1
71	116	1
71	117	1
71	118	1
71	119	1
71	120	1
72	115	1
