pix_x	pix_y	Flag
59	36	1
60	32	1
60	33	1
60	34	1
60	35	1
60	36	1
60	37	1
60	38	1
60	39	1
60	40	1
61	30	1
61	31	1
61	32	1
61	33	1
61	34	1
61	35	1
61	36	1
61	37	1
61	38	1
61	39	1
61	40	1
61	41	1
61	42	1
62	29	1
62	30	1
62	31	1
62	32	1
62	33	1
62	34	1
62	35	1
62	36	1
62	37	1
62	38	1
62	39	1
62	40	1
62	41	1
62	42	1
62	43	1
63	28	1
63	29	1
63	30	1
63	31	1
63	32	1
63	33	1
63	34	1
63	35	1
63	36	1
63	37	1
63	38	1
63	39	1
63	40	1
63	41	1
63	42	1
63	43	1
63	44	1
64	27	1
64	28	1
64	29	1
64	30	1
64	31	1
64	32	1
64	33	1
64	34	1
64	35	1
64	36	1
64	37	1
64	38	1
64	39	1
64	40	1
64	41	1
64	42	1
64	43	1
64	44	1
64	45	1
65	27	1
65	28	1
65	29	1
65	30	1
65	31	1
65	32	1
65	33	1
65	34	1
65	35	1
65	36	1
65	37	1
65	38	1
65	39	1
65	40	1
65	41	1
65	42	1
65	43	1
65	44	1
65	45	1
66	26	1
66	27	1
66	28	1
66	29	1
66	30	1
66	31	1
66	32	1
66	33	1
66	34	1
66	35	1
66	36	1
66	37	1
66	38	1
66	39	1
66	40	1
66	41	1
66	42	1
66	43	1
66	44	1
66	45	1
66	46	1
67	26	1
67	27	1
67	28	1
67	29	1
67	30	1
67	31	1
67	32	1
67	33	1
67	34	1
67	35	1
67	36	1
67	37	1
67	38	1
67	39	1
67	40	1
67	41	1
67	42	1
67	43	1
67	44	1
67	45	1
67	46	1
68	26	1
68	27	1
68	28	1
68	29	1
68	30	1
68	31	1
68	32	1
68	33	1
68	34	1
68	35	1
68	36	1
68	37	1
68	38	1
68	39	1
68	40	1
68	41	1
68	42	1
68	43	1
68	44	1
68	45	1
68	46	1
69	26	1
69	27	1
69	28	1
69	29	1
69	30	1
69	31	1
69	32	1
69	33	1
69	34	1
69	35	1
69	36	1
69	37	1
69	38	1
69	39	1
69	40	1
69	41	1
69	42	1
69	43	1
69	44	1
69	45	1
69	46	1
70	25	1
70	26	1
70	27	1
70	28	1
70	29	1
70	30	1
70	31	1
70	32	1
70	33	1
70	34	1
70	35	1
70	36	1
70	37	1
70	38	1
70	39	1
70	40	1
70	41	1
70	42	1
70	43	1
70	44	1
70	45	1
70	46	1
70	47	1
71	26	1
71	27	1
71	28	1
71	29	1
71	30	1
71	31	1
71	32	1
71	33	1
71	34	1
71	35	1
71	36	1
71	37	1
71	38	1
71	39	1
71	40	1
71	41	1
71	42	1
71	43	1
71	44	1
71	45	1
71	46	1
72	26	1
72	27	1
72	28	1
72	29	1
72	30	1
72	31	1
72	32	1
72	33	1
72	34	1
72	35	1
72	36	1
72	37	1
72	38	1
72	39	1
72	40	1
72	41	1
72	42	1
72	43	1
72	44	1
72	45	1
72	46	1
73	26	1
73	27	1
73	28	1
73	29	1
73	30	1
73	31	1
73	32	1
73	33	1
73	34	1
73	35	1
73	36	1
73	37	1
73	38	1
73	39	1
73	40	1
73	41	1
73	42	1
73	43	1
73	44	1
73	45	1
73	46	1
74	26	1
74	27	1
74	28	1
74	29	1
74	30	1
74	31	1
74	32	1
74	33	1
74	34	1
74	35	1
74	36	1
74	37	1
74	38	1
74	39	1
74	40	1
74	41	1
74	42	1
74	43	1
74	44	1
74	45	1
74	46	1
75	27	1
75	28	1
75	29	1
75	30	1
75	31	1
75	32	1
75	33	1
75	34	1
75	35	1
75	36	1
75	37	1
75	38	1
75	39	1
75	40	1
75	41	1
75	42	1
75	43	1
75	44	1
75	45	1
76	27	1
76	28	1
76	29	1
76	30	1
76	31	1
76	32	1
76	33	1
76	34	1
76	35	1
76	36	1
76	37	1
76	38	1
76	39	1
76	40	1
76	41	1
76	42	1
76	43	1
76	44	1
76	45	1
77	28	1
77	29	1
77	30	1
77	31	1
77	32	1
77	33	1
77	34	1
77	35	1
77	36	1
77	37	1
77	38	1
77	39	1
77	40	1
77	41	1
77	42	1
77	43	1
77	44	1
78	29	1
78	30	1
78	31	1
78	32	1
78	33	1
78	34	1
78	35	1
78	36	1
78	37	1
78	38	1
78	39	1
78	40	1
78	41	1
78	42	1
78	43	1
79	30	1
79	31	1
79	32	1
79	33	1
79	34	1
79	35	1
79	36	1
79	37	1
79	38	1
79	39	1
79	40	1
79	41	1
79	42	1
80	32	1
80	33	1
80	34	1
80	35	1
80	36	1
80	37	1
80	38	1
80	39	1
80	40	1
81	36	1
97	74	1
98	70	1
98	71	1
98	72	1
98	73	1
98	74	1
98	75	1
98	76	1
98	77	1
98	78	1
99	68	1
99	69	1
99	70	1
99	71	1
99	72	1
99	73	1
99	74	1
99	75	1
99	76	1
99	77	1
99	78	1
99	79	1
99	80	1
100	67	1
100	68	1
100	69	1
100	70	1
100	71	1
100	72	1
100	73	1
100	74	1
100	75	1
100	76	1
100	77	1
100	78	1
100	79	1
100	80	1
100	81	1
101	66	1
101	67	1
101	68	1
101	69	1
101	70	1
101	71	1
101	72	1
101	73	1
101	74	1
101	75	1
101	76	1
101	77	1
101	78	1
101	79	1
101	80	1
101	81	1
101	82	1
102	65	1
102	66	1
102	67	1
102	68	1
102	69	1
102	70	1
102	71	1
102	72	1
102	73	1
102	74	1
102	75	1
102	76	1
102	77	1
102	78	1
102	79	1
102	80	1
102	81	1
102	82	1
102	83	1
103	65	1
103	66	1
103	67	1
103	68	1
103	69	1
103	70	1
103	71	1
103	72	1
103	73	1
103	74	1
103	75	1
103	76	1
103	77	1
103	78	1
103	79	1
103	80	1
103	81	1
103	82	1
103	83	1
104	64	1
104	65	1
104	66	1
104	67	1
104	68	1
104	69	1
104	70	1
104	71	1
104	72	1
104	73	1
104	74	1
104	75	1
104	76	1
104	77	1
104	78	1
104	79	1
104	80	1
104	81	1
104	82	1
104	83	1
104	84	1
105	64	1
105	65	1
105	66	1
105	67	1
105	68	1
105	69	1
105	70	1
105	71	1
105	72	1
105	73	1
105	74	1
105	75	1
105	76	1
105	77	1
105	78	1
105	79	1
105	80	1
105	81	1
105	82	1
105	83	1
105	84	1
106	64	1
106	65	1
106	66	1
106	67	1
106	68	1
106	69	1
106	70	1
106	71	1
106	72	1
106	73	1
106	74	1
106	75	1
106	76	1
106	77	1
106	78	1
106	79	1
106	80	1
106	81	1
106	82	1
106	83	1
106	84	1
107	64	1
107	65	1
107	66	1
107	67	1
107	68	1
107	69	1
107	70	1
107	71	1
107	72	1
107	73	1
107	74	1
107	75	1
107	76	1
107	77	1
107	78	1
107	79	1
107	80	1
107	81	1
107	82	1
107	83	1
107	84	1
108	63	1
108	64	1
108	65	1
108	66	1
108	67	1
108	68	1
108	69	1
108	70	1
108	71	1
108	72	1
108	73	1
108	74	1
108	75	1
108	76	1
108	77	1
108	78	1
108	79	1
108	80	1
108	81	1
108	82	1
108	83	1
108	84	1
108	85	1
109	64	1
109	65	1
109	66	1
109	67	1
109	68	1
109	69	1
109	70	1
109	71	1
109	72	1
109	73	1
109	74	1
109	75	1
109	76	1
109	77	1
109	78	1
109	79	1
109	80	1
109	81	1
109	82	1
109	83	1
109	84	1
110	64	1
110	65	1
110	66	1
110	67	1
110	68	1
110	69	1
110	70	1
110	71	1
110	72	1
110	73	1
110	74	1
110	75	1
110	76	1
110	77	1
110	78	1
110	79	1
110	80	1
110	81	1
110	82	1
110	83	1
110	84	1
111	64	1
111	65	1
111	66	1
111	67	1
111	68	1
111	69	1
111	70	1
111	71	1
111	72	1
111	73	1
111	74	1
111	75	1
111	76	1
111	77	1
111	78	1
111	79	1
111	80	1
111	81	1
111	82	1
111	83	1
111	84	1
112	64	1
112	65	1
112	66	1
112	67	1
112	68	1
112	69	1
112	70	1
112	71	1
112	72	1
112	73	1
112	74	1
112	75	1
112	76	1
112	77	1
112	78	1
112	79	1
112	80	1
112	81	1
112	82	1
112	83	1
112	84	1
113	65	1
113	66	1
113	67	1
113	68	1
113	69	1
113	70	1
113	71	1
113	72	1
113	73	1
113	74	1
113	75	1
113	76	1
113	77	1
113	78	1
113	79	1
113	80	1
113	81	1
113	82	1
113	83	1
114	65	1
114	66	1
114	67	1
114	68	1
114	69	1
114	70	1
114	71	1
114	72	1
114	73	1
114	74	1
114	75	1
114	76	1
114	77	1
114	78	1
114	79	1
114	80	1
114	81	1
114	82	1
114	83	1
115	66	1
115	67	1
115	68	1
115	69	1
115	70	1
115	71	1
115	72	1
115	73	1
115	74	1
115	75	1
115	76	1
115	77	1
115	78	1
115	79	1
115	80	1
115	81	1
115	82	1
116	67	1
116	68	1
116	69	1
116	70	1
116	71	1
116	72	1
116	73	1
116	74	1
116	75	1
116	76	1
116	77	1
116	78	1
116	79	1
116	80	1
116	81	1
117	68	1
117	69	1
117	70	1
117	71	1
117	72	1
117	73	1
117	74	1
117	75	1
117	76	1
117	77	1
117	78	1
117	79	1
117	80	1
118	70	1
118	71	1
118	72	1
118	73	1
118	74	1
118	75	1
118	76	1
118	77	1
118	78	1
119	74	1
