pix_x	pix_y	Flag
15	87	1
16	83	1
16	84	1
16	85	1
16	86	1
16	87	1
16	88	1
16	89	1
16	90	1
16	91	1
17	81	1
17	82	1
17	83	1
17	84	1
17	85	1
17	86	1
17	87	1
17	88	1
17	89	1
17	90	1
17	91	1
17	92	1
17	93	1
18	80	1
18	81	1
18	82	1
18	83	1
18	84	1
18	85	1
18	86	1
18	87	1
18	88	1
18	89	1
18	90	1
18	91	1
18	92	1
18	93	1
18	94	1
19	79	1
19	80	1
19	81	1
19	82	1
19	83	1
19	84	1
19	85	1
19	86	1
19	87	1
19	88	1
19	89	1
19	90	1
19	91	1
19	92	1
19	93	1
19	94	1
19	95	1
20	79	1
20	80	1
20	81	1
20	82	1
20	83	1
20	84	1
20	85	1
20	86	1
20	87	1
20	88	1
20	89	1
20	90	1
20	91	1
20	92	1
20	93	1
20	94	1
20	95	1
21	78	1
21	79	1
21	80	1
21	81	1
21	82	1
21	83	1
21	84	1
21	85	1
21	86	1
21	87	1
21	88	1
21	89	1
21	90	1
21	91	1
21	92	1
21	93	1
21	94	1
21	95	1
21	96	1
22	78	1
22	79	1
22	80	1
22	81	1
22	82	1
22	83	1
22	84	1
22	85	1
22	86	1
22	87	1
22	88	1
22	89	1
22	90	1
22	91	1
22	92	1
22	93	1
22	94	1
22	95	1
22	96	1
23	78	1
23	79	1
23	80	1
23	81	1
23	82	1
23	83	1
23	84	1
23	85	1
23	86	1
23	87	1
23	88	1
23	89	1
23	90	1
23	91	1
23	92	1
23	93	1
23	94	1
23	95	1
23	96	1
24	78	1
24	79	1
24	80	1
24	81	1
24	82	1
24	83	1
24	84	1
24	85	1
24	86	1
24	87	1
24	88	1
24	89	1
24	90	1
24	91	1
24	92	1
24	93	1
24	94	1
24	95	1
24	96	1
25	77	1
25	78	1
25	79	1
25	80	1
25	81	1
25	82	1
25	83	1
25	84	1
25	85	1
25	86	1
25	87	1
25	88	1
25	89	1
25	90	1
25	91	1
25	92	1
25	93	1
25	94	1
25	95	1
25	96	1
25	97	1
26	78	1
26	79	1
26	80	1
26	81	1
26	82	1
26	83	1
26	84	1
26	85	1
26	86	1
26	87	1
26	88	1
26	89	1
26	90	1
26	91	1
26	92	1
26	93	1
26	94	1
26	95	1
26	96	1
27	78	1
27	79	1
27	80	1
27	81	1
27	82	1
27	83	1
27	84	1
27	85	1
27	86	1
27	87	1
27	88	1
27	89	1
27	90	1
27	91	1
27	92	1
27	93	1
27	94	1
27	95	1
27	96	1
28	78	1
28	79	1
28	80	1
28	81	1
28	82	1
28	83	1
28	84	1
28	85	1
28	86	1
28	87	1
28	88	1
28	89	1
28	90	1
28	91	1
28	92	1
28	93	1
28	94	1
28	95	1
28	96	1
29	78	1
29	79	1
29	80	1
29	81	1
29	82	1
29	83	1
29	84	1
29	85	1
29	86	1
29	87	1
29	88	1
29	89	1
29	90	1
29	91	1
29	92	1
29	93	1
29	94	1
29	95	1
29	96	1
30	79	1
30	80	1
30	81	1
30	82	1
30	83	1
30	84	1
30	85	1
30	86	1
30	87	1
30	88	1
30	89	1
30	90	1
30	91	1
30	92	1
30	93	1
30	94	1
30	95	1
31	79	1
31	80	1
31	81	1
31	82	1
31	83	1
31	84	1
31	85	1
31	86	1
31	87	1
31	88	1
31	89	1
31	90	1
31	91	1
31	92	1
31	93	1
31	94	1
31	95	1
32	80	1
32	81	1
32	82	1
32	83	1
32	84	1
32	85	1
32	86	1
32	87	1
32	88	1
32	89	1
32	90	1
32	91	1
32	92	1
32	93	1
32	94	1
33	81	1
33	82	1
33	83	1
33	84	1
33	85	1
33	86	1
33	87	1
33	88	1
33	89	1
33	90	1
33	91	1
33	92	1
33	93	1
34	83	1
34	84	1
34	85	1
34	86	1
34	87	1
34	88	1
34	89	1
34	90	1
34	91	1
35	87	1
35	127	1
36	124	1
36	125	1
36	126	1
36	127	1
36	128	1
36	129	1
36	130	1
37	123	1
37	124	1
37	125	1
37	126	1
37	127	1
37	128	1
37	129	1
37	130	1
37	131	1
38	122	1
38	123	1
38	124	1
38	125	1
38	126	1
38	127	1
38	128	1
38	129	1
38	130	1
38	131	1
38	132	1
39	122	1
39	123	1
39	124	1
39	125	1
39	126	1
39	127	1
39	128	1
39	129	1
39	130	1
39	131	1
39	132	1
40	122	1
40	123	1
40	124	1
40	125	1
40	126	1
40	127	1
40	128	1
40	129	1
40	130	1
40	131	1
40	132	1
41	121	1
41	122	1
41	123	1
41	124	1
41	125	1
41	126	1
41	127	1
41	128	1
41	129	1
41	130	1
41	131	1
41	132	1
41	133	1
42	122	1
42	123	1
42	124	1
42	125	1
42	126	1
42	127	1
42	128	1
42	129	1
42	130	1
42	131	1
42	132	1
43	122	1
43	123	1
43	124	1
43	125	1
43	126	1
43	127	1
43	128	1
43	129	1
43	130	1
43	131	1
43	132	1
44	122	1
44	123	1
44	124	1
44	125	1
44	126	1
44	127	1
44	128	1
44	129	1
44	130	1
44	131	1
44	132	1
45	123	1
45	124	1
45	125	1
45	126	1
45	127	1
45	128	1
45	129	1
45	130	1
45	131	1
46	124	1
46	125	1
46	126	1
46	127	1
46	128	1
46	129	1
46	130	1
47	127	1
100	28	1
101	26	1
101	27	1
101	28	1
101	29	1
101	30	1
102	25	1
102	26	1
102	27	1
102	28	1
102	29	1
102	30	1
102	31	1
103	25	1
103	26	1
103	27	1
103	28	1
103	29	1
103	30	1
103	31	1
104	24	1
104	25	1
104	26	1
104	27	1
104	28	1
104	29	1
104	30	1
104	31	1
104	32	1
105	25	1
105	26	1
105	27	1
105	28	1
105	29	1
105	30	1
105	31	1
106	25	1
106	26	1
106	27	1
106	28	1
106	29	1
106	30	1
106	31	1
107	26	1
107	27	1
107	28	1
107	29	1
107	30	1
108	28	1
111	36	1
111	37	1
111	38	1
112	35	1
112	36	1
112	37	1
112	38	1
112	39	1
113	34	1
113	35	1
113	36	1
113	37	1
113	38	1
113	39	1
113	40	1
114	34	1
114	35	1
114	36	1
114	37	1
114	38	1
114	39	1
114	40	1
115	34	1
115	35	1
115	36	1
115	37	1
115	38	1
115	39	1
115	40	1
116	35	1
116	36	1
116	37	1
116	38	1
116	39	1
117	36	1
117	37	1
117	38	1
93	38	1
94	36	1
94	37	1
94	38	1
94	39	1
94	40	1
95	36	1
95	37	1
95	38	1
95	39	1
95	40	1
96	35	1
96	36	1
96	37	1
96	38	1
96	39	1
96	40	1
96	41	1
97	36	1
97	37	1
97	38	1
97	39	1
97	40	1
98	36	1
98	37	1
98	38	1
98	39	1
98	40	1
99	38	1
90	144	1
91	142	1
91	143	1
91	144	1
91	145	1
91	146	1
92	142	1
92	143	1
92	144	1
92	145	1
92	146	1
93	141	1
93	142	1
93	143	1
93	144	1
93	145	1
93	146	1
93	147	1
94	142	1
94	143	1
94	144	1
94	145	1
94	146	1
95	142	1
95	143	1
95	144	1
95	145	1
95	146	1
96	144	1
