pix_x	pix_y	Flag
38	41	1
39	39	1
39	40	1
39	41	1
39	42	1
39	43	1
40	38	1
40	39	1
40	40	1
40	41	1
40	42	1
40	43	1
40	44	1
41	38	1
41	39	1
41	40	1
41	41	1
41	42	1
41	43	1
41	44	1
42	37	1
42	38	1
42	39	1
42	40	1
42	41	1
42	42	1
42	43	1
42	44	1
42	45	1
43	38	1
43	39	1
43	40	1
43	41	1
43	42	1
43	43	1
43	44	1
44	38	1
44	39	1
44	40	1
44	41	1
44	42	1
44	43	1
44	44	1
45	39	1
45	40	1
45	41	1
45	42	1
45	43	1
46	41	1
35	41	1
36	38	1
36	39	1
36	40	1
36	41	1
36	42	1
36	43	1
36	44	1
37	37	1
37	38	1
37	39	1
37	40	1
37	41	1
37	42	1
37	43	1
37	44	1
37	45	1
38	36	1
38	37	1
38	38	1
38	39	1
38	40	1
38	41	1
38	42	1
38	43	1
38	44	1
38	45	1
38	46	1
39	35	1
39	36	1
39	37	1
39	38	1
39	39	1
39	40	1
39	41	1
39	42	1
39	43	1
39	44	1
39	45	1
39	46	1
39	47	1
40	35	1
40	36	1
40	37	1
40	38	1
40	39	1
40	40	1
40	41	1
40	42	1
40	43	1
40	44	1
40	45	1
40	46	1
40	47	1
41	35	1
41	36	1
41	37	1
41	38	1
41	39	1
41	40	1
41	41	1
41	42	1
41	43	1
41	44	1
41	45	1
41	46	1
41	47	1
42	34	1
42	35	1
42	36	1
42	37	1
42	38	1
42	39	1
42	40	1
42	41	1
42	42	1
42	43	1
42	44	1
42	45	1
42	46	1
42	47	1
42	48	1
43	35	1
43	36	1
43	37	1
43	38	1
43	39	1
43	40	1
43	41	1
43	42	1
43	43	1
43	44	1
43	45	1
43	46	1
43	47	1
44	35	1
44	36	1
44	37	1
44	38	1
44	39	1
44	40	1
44	41	1
44	42	1
44	43	1
44	44	1
44	45	1
44	46	1
44	47	1
45	35	1
45	36	1
45	37	1
45	38	1
45	39	1
45	40	1
45	41	1
45	42	1
45	43	1
45	44	1
45	45	1
45	46	1
45	47	1
46	36	1
46	37	1
46	38	1
46	39	1
46	40	1
46	41	1
46	42	1
46	43	1
46	44	1
46	45	1
46	46	1
47	37	1
47	38	1
47	39	1
47	40	1
47	41	1
47	42	1
47	43	1
47	44	1
47	45	1
48	38	1
48	39	1
48	40	1
48	41	1
48	42	1
48	43	1
48	44	1
49	41	1
