pix_x	pix_y	Flag
0	35	1
0	36	1
0	37	1
0	38	1
0	39	1
0	40	1
0	41	1
0	42	1
0	43	1
0	44	1
0	45	1
0	46	1
0	47	1
0	48	1
0	49	1
0	50	1
0	51	1
0	52	1
0	53	1
0	54	1
0	55	1
0	56	1
0	57	1
0	58	1
0	59	1
0	60	1
0	61	1
0	62	1
0	63	1
0	64	1
0	65	1
0	66	1
0	67	1
0	68	1
0	69	1
0	70	1
0	71	1
0	72	1
0	73	1
0	74	1
0	75	1
0	76	1
0	77	1
0	78	1
0	79	1
0	80	1
0	81	1
0	82	1
0	83	1
0	84	1
0	85	1
0	86	1
0	87	1
0	88	1
0	89	1
0	90	1
0	91	1
0	92	1
0	93	1
0	94	1
0	95	1
0	96	1
0	97	1
0	98	1
0	99	1
0	100	1
0	101	1
0	102	1
0	103	1
0	104	1
0	105	1
0	106	1
0	107	1
0	108	1
0	109	1
0	110	1
0	111	1
0	112	1
0	113	1
1	34	1
1	35	1
1	36	1
1	37	1
1	38	1
1	39	1
1	40	1
1	41	1
1	42	1
1	43	1
1	44	1
1	45	1
1	46	1
1	47	1
1	48	1
1	49	1
1	50	1
1	51	1
1	52	1
1	53	1
1	54	1
1	55	1
1	56	1
1	57	1
1	58	1
1	59	1
1	60	1
1	61	1
1	62	1
1	63	1
1	64	1
1	65	1
1	66	1
1	67	1
1	68	1
1	69	1
1	70	1
1	71	1
1	72	1
1	73	1
1	74	1
1	75	1
1	76	1
1	77	1
1	78	1
1	79	1
1	80	1
1	81	1
1	82	1
1	83	1
1	84	1
1	85	1
1	86	1
1	87	1
1	88	1
1	89	1
1	90	1
1	91	1
1	92	1
1	93	1
1	94	1
1	95	1
1	96	1
1	97	1
1	98	1
1	99	1
1	100	1
1	101	1
1	102	1
1	103	1
1	104	1
1	105	1
1	106	1
1	107	1
1	108	1
1	109	1
1	110	1
1	111	1
1	112	1
1	113	1
1	114	1
2	35	1
2	36	1
2	37	1
2	38	1
2	39	1
2	40	1
2	41	1
2	42	1
2	43	1
2	44	1
2	45	1
2	46	1
2	47	1
2	48	1
2	49	1
2	50	1
2	51	1
2	52	1
2	53	1
2	54	1
2	55	1
2	56	1
2	57	1
2	58	1
2	59	1
2	60	1
2	61	1
2	62	1
2	63	1
2	64	1
2	65	1
2	66	1
2	67	1
2	68	1
2	69	1
2	70	1
2	71	1
2	72	1
2	73	1
2	74	1
2	75	1
2	76	1
2	77	1
2	78	1
2	79	1
2	80	1
2	81	1
2	82	1
2	83	1
2	84	1
2	85	1
2	86	1
2	87	1
2	88	1
2	89	1
2	90	1
2	91	1
2	92	1
2	93	1
2	94	1
2	95	1
2	96	1
2	97	1
2	98	1
2	99	1
2	100	1
2	101	1
2	102	1
2	103	1
2	104	1
2	105	1
2	106	1
2	107	1
2	108	1
2	109	1
2	110	1
2	111	1
2	112	1
2	113	1
3	35	1
3	36	1
3	37	1
3	38	1
3	39	1
3	40	1
3	41	1
3	42	1
3	43	1
3	44	1
3	45	1
3	46	1
3	47	1
3	48	1
3	49	1
3	50	1
3	51	1
3	52	1
3	53	1
3	54	1
3	55	1
3	56	1
3	57	1
3	58	1
3	59	1
3	60	1
3	61	1
3	62	1
3	63	1
3	64	1
3	65	1
3	66	1
3	67	1
3	68	1
3	69	1
3	70	1
3	71	1
3	72	1
3	73	1
3	74	1
3	75	1
3	76	1
3	77	1
3	78	1
3	79	1
3	80	1
3	81	1
3	82	1
3	83	1
3	84	1
3	85	1
3	86	1
3	87	1
3	88	1
3	89	1
3	90	1
3	91	1
3	92	1
3	93	1
3	94	1
3	95	1
3	96	1
3	97	1
3	98	1
3	99	1
3	100	1
3	101	1
3	102	1
3	103	1
3	104	1
3	105	1
3	106	1
3	107	1
3	108	1
3	109	1
3	110	1
3	111	1
3	112	1
3	113	1
4	35	1
4	36	1
4	37	1
4	38	1
4	39	1
4	40	1
4	41	1
4	42	1
4	43	1
4	44	1
4	45	1
4	46	1
4	47	1
4	48	1
4	49	1
4	50	1
4	51	1
4	52	1
4	53	1
4	54	1
4	55	1
4	56	1
4	57	1
4	58	1
4	59	1
4	60	1
4	61	1
4	62	1
4	63	1
4	64	1
4	65	1
4	66	1
4	67	1
4	68	1
4	69	1
4	70	1
4	71	1
4	72	1
4	73	1
4	74	1
4	75	1
4	76	1
4	77	1
4	78	1
4	79	1
4	80	1
4	81	1
4	82	1
4	83	1
4	84	1
4	85	1
4	86	1
4	87	1
4	88	1
4	89	1
4	90	1
4	91	1
4	92	1
4	93	1
4	94	1
4	95	1
4	96	1
4	97	1
4	98	1
4	99	1
4	100	1
4	101	1
4	102	1
4	103	1
4	104	1
4	105	1
4	106	1
4	107	1
4	108	1
4	109	1
4	110	1
4	111	1
4	112	1
4	113	1
5	35	1
5	36	1
5	37	1
5	38	1
5	39	1
5	40	1
5	41	1
5	42	1
5	43	1
5	44	1
5	45	1
5	46	1
5	47	1
5	48	1
5	49	1
5	50	1
5	51	1
5	52	1
5	53	1
5	54	1
5	55	1
5	56	1
5	57	1
5	58	1
5	59	1
5	60	1
5	61	1
5	62	1
5	63	1
5	64	1
5	65	1
5	66	1
5	67	1
5	68	1
5	69	1
5	70	1
5	71	1
5	72	1
5	73	1
5	74	1
5	75	1
5	76	1
5	77	1
5	78	1
5	79	1
5	80	1
5	81	1
5	82	1
5	83	1
5	84	1
5	85	1
5	86	1
5	87	1
5	88	1
5	89	1
5	90	1
5	91	1
5	92	1
5	93	1
5	94	1
5	95	1
5	96	1
5	97	1
5	98	1
5	99	1
5	100	1
5	101	1
5	102	1
5	103	1
5	104	1
5	105	1
5	106	1
5	107	1
5	108	1
5	109	1
5	110	1
5	111	1
5	112	1
5	113	1
6	35	1
6	36	1
6	37	1
6	38	1
6	39	1
6	40	1
6	41	1
6	42	1
6	43	1
6	44	1
6	45	1
6	46	1
6	47	1
6	48	1
6	49	1
6	50	1
6	51	1
6	52	1
6	53	1
6	54	1
6	55	1
6	56	1
6	57	1
6	58	1
6	59	1
6	60	1
6	61	1
6	62	1
6	63	1
6	64	1
6	65	1
6	66	1
6	67	1
6	68	1
6	69	1
6	70	1
6	71	1
6	72	1
6	73	1
6	74	1
6	75	1
6	76	1
6	77	1
6	78	1
6	79	1
6	80	1
6	81	1
6	82	1
6	83	1
6	84	1
6	85	1
6	86	1
6	87	1
6	88	1
6	89	1
6	90	1
6	91	1
6	92	1
6	93	1
6	94	1
6	95	1
6	96	1
6	97	1
6	98	1
6	99	1
6	100	1
6	101	1
6	102	1
6	103	1
6	104	1
6	105	1
6	106	1
6	107	1
6	108	1
6	109	1
6	110	1
6	111	1
6	112	1
6	113	1
7	35	1
7	36	1
7	37	1
7	38	1
7	39	1
7	40	1
7	41	1
7	42	1
7	43	1
7	44	1
7	45	1
7	46	1
7	47	1
7	48	1
7	49	1
7	50	1
7	51	1
7	52	1
7	53	1
7	54	1
7	55	1
7	56	1
7	57	1
7	58	1
7	59	1
7	60	1
7	61	1
7	62	1
7	63	1
7	64	1
7	65	1
7	66	1
7	67	1
7	68	1
7	69	1
7	70	1
7	71	1
7	72	1
7	73	1
7	74	1
7	75	1
7	76	1
7	77	1
7	78	1
7	79	1
7	80	1
7	81	1
7	82	1
7	83	1
7	84	1
7	85	1
7	86	1
7	87	1
7	88	1
7	89	1
7	90	1
7	91	1
7	92	1
7	93	1
7	94	1
7	95	1
7	96	1
7	97	1
7	98	1
7	99	1
7	100	1
7	101	1
7	102	1
7	103	1
7	104	1
7	105	1
7	106	1
7	107	1
7	108	1
7	109	1
7	110	1
7	111	1
7	112	1
7	113	1
8	35	1
8	36	1
8	37	1
8	38	1
8	39	1
8	40	1
8	41	1
8	42	1
8	43	1
8	44	1
8	45	1
8	46	1
8	47	1
8	48	1
8	49	1
8	50	1
8	51	1
8	52	1
8	53	1
8	54	1
8	55	1
8	56	1
8	57	1
8	58	1
8	59	1
8	60	1
8	61	1
8	62	1
8	63	1
8	64	1
8	65	1
8	66	1
8	67	1
8	68	1
8	69	1
8	70	1
8	71	1
8	72	1
8	73	1
8	74	1
8	75	1
8	76	1
8	77	1
8	78	1
8	79	1
8	80	1
8	81	1
8	82	1
8	83	1
8	84	1
8	85	1
8	86	1
8	87	1
8	88	1
8	89	1
8	90	1
8	91	1
8	92	1
8	93	1
8	94	1
8	95	1
8	96	1
8	97	1
8	98	1
8	99	1
8	100	1
8	101	1
8	102	1
8	103	1
8	104	1
8	105	1
8	106	1
8	107	1
8	108	1
8	109	1
8	110	1
8	111	1
8	112	1
8	113	1
9	35	1
9	36	1
9	37	1
9	38	1
9	39	1
9	40	1
9	41	1
9	42	1
9	43	1
9	44	1
9	45	1
9	46	1
9	47	1
9	48	1
9	49	1
9	50	1
9	51	1
9	52	1
9	53	1
9	54	1
9	55	1
9	56	1
9	57	1
9	58	1
9	59	1
9	60	1
9	61	1
9	62	1
9	63	1
9	64	1
9	65	1
9	66	1
9	67	1
9	68	1
9	69	1
9	70	1
9	71	1
9	72	1
9	73	1
9	74	1
9	75	1
9	76	1
9	77	1
9	78	1
9	79	1
9	80	1
9	81	1
9	82	1
9	83	1
9	84	1
9	85	1
9	86	1
9	87	1
9	88	1
9	89	1
9	90	1
9	91	1
9	92	1
9	93	1
9	94	1
9	95	1
9	96	1
9	97	1
9	98	1
9	99	1
9	100	1
9	101	1
9	102	1
9	103	1
9	104	1
9	105	1
9	106	1
9	107	1
9	108	1
9	109	1
9	110	1
9	111	1
9	112	1
9	113	1
10	36	1
10	37	1
10	38	1
10	39	1
10	40	1
10	41	1
10	42	1
10	43	1
10	44	1
10	45	1
10	46	1
10	47	1
10	48	1
10	49	1
10	50	1
10	51	1
10	52	1
10	53	1
10	54	1
10	55	1
10	56	1
10	57	1
10	58	1
10	59	1
10	60	1
10	61	1
10	62	1
10	63	1
10	64	1
10	65	1
10	66	1
10	67	1
10	68	1
10	69	1
10	70	1
10	71	1
10	72	1
10	73	1
10	74	1
10	75	1
10	76	1
10	77	1
10	78	1
10	79	1
10	80	1
10	81	1
10	82	1
10	83	1
10	84	1
10	85	1
10	86	1
10	87	1
10	88	1
10	89	1
10	90	1
10	91	1
10	92	1
10	93	1
10	94	1
10	95	1
10	96	1
10	97	1
10	98	1
10	99	1
10	100	1
10	101	1
10	102	1
10	103	1
10	104	1
10	105	1
10	106	1
10	107	1
10	108	1
10	109	1
10	110	1
10	111	1
10	112	1
11	36	1
11	37	1
11	38	1
11	39	1
11	40	1
11	41	1
11	42	1
11	43	1
11	44	1
11	45	1
11	46	1
11	47	1
11	48	1
11	49	1
11	50	1
11	51	1
11	52	1
11	53	1
11	54	1
11	55	1
11	56	1
11	57	1
11	58	1
11	59	1
11	60	1
11	61	1
11	62	1
11	63	1
11	64	1
11	65	1
11	66	1
11	67	1
11	68	1
11	69	1
11	70	1
11	71	1
11	72	1
11	73	1
11	74	1
11	75	1
11	76	1
11	77	1
11	78	1
11	79	1
11	80	1
11	81	1
11	82	1
11	83	1
11	84	1
11	85	1
11	86	1
11	87	1
11	88	1
11	89	1
11	90	1
11	91	1
11	92	1
11	93	1
11	94	1
11	95	1
11	96	1
11	97	1
11	98	1
11	99	1
11	100	1
11	101	1
11	102	1
11	103	1
11	104	1
11	105	1
11	106	1
11	107	1
11	108	1
11	109	1
11	110	1
11	111	1
11	112	1
12	36	1
12	37	1
12	38	1
12	39	1
12	40	1
12	41	1
12	42	1
12	43	1
12	44	1
12	45	1
12	46	1
12	47	1
12	48	1
12	49	1
12	50	1
12	51	1
12	52	1
12	53	1
12	54	1
12	55	1
12	56	1
12	57	1
12	58	1
12	59	1
12	60	1
12	61	1
12	62	1
12	63	1
12	64	1
12	65	1
12	66	1
12	67	1
12	68	1
12	69	1
12	70	1
12	71	1
12	72	1
12	73	1
12	74	1
12	75	1
12	76	1
12	77	1
12	78	1
12	79	1
12	80	1
12	81	1
12	82	1
12	83	1
12	84	1
12	85	1
12	86	1
12	87	1
12	88	1
12	89	1
12	90	1
12	91	1
12	92	1
12	93	1
12	94	1
12	95	1
12	96	1
12	97	1
12	98	1
12	99	1
12	100	1
12	101	1
12	102	1
12	103	1
12	104	1
12	105	1
12	106	1
12	107	1
12	108	1
12	109	1
12	110	1
12	111	1
12	112	1
13	36	1
13	37	1
13	38	1
13	39	1
13	40	1
13	41	1
13	42	1
13	43	1
13	44	1
13	45	1
13	46	1
13	47	1
13	48	1
13	49	1
13	50	1
13	51	1
13	52	1
13	53	1
13	54	1
13	55	1
13	56	1
13	57	1
13	58	1
13	59	1
13	60	1
13	61	1
13	62	1
13	63	1
13	64	1
13	65	1
13	66	1
13	67	1
13	68	1
13	69	1
13	70	1
13	71	1
13	72	1
13	73	1
13	74	1
13	75	1
13	76	1
13	77	1
13	78	1
13	79	1
13	80	1
13	81	1
13	82	1
13	83	1
13	84	1
13	85	1
13	86	1
13	87	1
13	88	1
13	89	1
13	90	1
13	91	1
13	92	1
13	93	1
13	94	1
13	95	1
13	96	1
13	97	1
13	98	1
13	99	1
13	100	1
13	101	1
13	102	1
13	103	1
13	104	1
13	105	1
13	106	1
13	107	1
13	108	1
13	109	1
13	110	1
13	111	1
13	112	1
14	37	1
14	38	1
14	39	1
14	40	1
14	41	1
14	42	1
14	43	1
14	44	1
14	45	1
14	46	1
14	47	1
14	48	1
14	49	1
14	50	1
14	51	1
14	52	1
14	53	1
14	54	1
14	55	1
14	56	1
14	57	1
14	58	1
14	59	1
14	60	1
14	61	1
14	62	1
14	63	1
14	64	1
14	65	1
14	66	1
14	67	1
14	68	1
14	69	1
14	70	1
14	71	1
14	72	1
14	73	1
14	74	1
14	75	1
14	76	1
14	77	1
14	78	1
14	79	1
14	80	1
14	81	1
14	82	1
14	83	1
14	84	1
14	85	1
14	86	1
14	87	1
14	88	1
14	89	1
14	90	1
14	91	1
14	92	1
14	93	1
14	94	1
14	95	1
14	96	1
14	97	1
14	98	1
14	99	1
14	100	1
14	101	1
14	102	1
14	103	1
14	104	1
14	105	1
14	106	1
14	107	1
14	108	1
14	109	1
14	110	1
14	111	1
15	37	1
15	38	1
15	39	1
15	40	1
15	41	1
15	42	1
15	43	1
15	44	1
15	45	1
15	46	1
15	47	1
15	48	1
15	49	1
15	50	1
15	51	1
15	52	1
15	53	1
15	54	1
15	55	1
15	56	1
15	57	1
15	58	1
15	59	1
15	60	1
15	61	1
15	62	1
15	63	1
15	64	1
15	65	1
15	66	1
15	67	1
15	68	1
15	69	1
15	70	1
15	71	1
15	72	1
15	73	1
15	74	1
15	75	1
15	76	1
15	77	1
15	78	1
15	79	1
15	80	1
15	81	1
15	82	1
15	83	1
15	84	1
15	85	1
15	86	1
15	87	1
15	88	1
15	89	1
15	90	1
15	91	1
15	92	1
15	93	1
15	94	1
15	95	1
15	96	1
15	97	1
15	98	1
15	99	1
15	100	1
15	101	1
15	102	1
15	103	1
15	104	1
15	105	1
15	106	1
15	107	1
15	108	1
15	109	1
15	110	1
15	111	1
16	37	1
16	38	1
16	39	1
16	40	1
16	41	1
16	42	1
16	43	1
16	44	1
16	45	1
16	46	1
16	47	1
16	48	1
16	49	1
16	50	1
16	51	1
16	52	1
16	53	1
16	54	1
16	55	1
16	56	1
16	57	1
16	58	1
16	59	1
16	60	1
16	61	1
16	62	1
16	63	1
16	64	1
16	65	1
16	66	1
16	67	1
16	68	1
16	69	1
16	70	1
16	71	1
16	72	1
16	73	1
16	74	1
16	75	1
16	76	1
16	77	1
16	78	1
16	79	1
16	80	1
16	81	1
16	82	1
16	83	1
16	84	1
16	85	1
16	86	1
16	87	1
16	88	1
16	89	1
16	90	1
16	91	1
16	92	1
16	93	1
16	94	1
16	95	1
16	96	1
16	97	1
16	98	1
16	99	1
16	100	1
16	101	1
16	102	1
16	103	1
16	104	1
16	105	1
16	106	1
16	107	1
16	108	1
16	109	1
16	110	1
16	111	1
17	38	1
17	39	1
17	40	1
17	41	1
17	42	1
17	43	1
17	44	1
17	45	1
17	46	1
17	47	1
17	48	1
17	49	1
17	50	1
17	51	1
17	52	1
17	53	1
17	54	1
17	55	1
17	56	1
17	57	1
17	58	1
17	59	1
17	60	1
17	61	1
17	62	1
17	63	1
17	64	1
17	65	1
17	66	1
17	67	1
17	68	1
17	69	1
17	70	1
17	71	1
17	72	1
17	73	1
17	74	1
17	75	1
17	76	1
17	77	1
17	78	1
17	79	1
17	80	1
17	81	1
17	82	1
17	83	1
17	84	1
17	85	1
17	86	1
17	87	1
17	88	1
17	89	1
17	90	1
17	91	1
17	92	1
17	93	1
17	94	1
17	95	1
17	96	1
17	97	1
17	98	1
17	99	1
17	100	1
17	101	1
17	102	1
17	103	1
17	104	1
17	105	1
17	106	1
17	107	1
17	108	1
17	109	1
17	110	1
18	38	1
18	39	1
18	40	1
18	41	1
18	42	1
18	43	1
18	44	1
18	45	1
18	46	1
18	47	1
18	48	1
18	49	1
18	50	1
18	51	1
18	52	1
18	53	1
18	54	1
18	55	1
18	56	1
18	57	1
18	58	1
18	59	1
18	60	1
18	61	1
18	62	1
18	63	1
18	64	1
18	65	1
18	66	1
18	67	1
18	68	1
18	69	1
18	70	1
18	71	1
18	72	1
18	73	1
18	74	1
18	75	1
18	76	1
18	77	1
18	78	1
18	79	1
18	80	1
18	81	1
18	82	1
18	83	1
18	84	1
18	85	1
18	86	1
18	87	1
18	88	1
18	89	1
18	90	1
18	91	1
18	92	1
18	93	1
18	94	1
18	95	1
18	96	1
18	97	1
18	98	1
18	99	1
18	100	1
18	101	1
18	102	1
18	103	1
18	104	1
18	105	1
18	106	1
18	107	1
18	108	1
18	109	1
18	110	1
19	39	1
19	40	1
19	41	1
19	42	1
19	43	1
19	44	1
19	45	1
19	46	1
19	47	1
19	48	1
19	49	1
19	50	1
19	51	1
19	52	1
19	53	1
19	54	1
19	55	1
19	56	1
19	57	1
19	58	1
19	59	1
19	60	1
19	61	1
19	62	1
19	63	1
19	64	1
19	65	1
19	66	1
19	67	1
19	68	1
19	69	1
19	70	1
19	71	1
19	72	1
19	73	1
19	74	1
19	75	1
19	76	1
19	77	1
19	78	1
19	79	1
19	80	1
19	81	1
19	82	1
19	83	1
19	84	1
19	85	1
19	86	1
19	87	1
19	88	1
19	89	1
19	90	1
19	91	1
19	92	1
19	93	1
19	94	1
19	95	1
19	96	1
19	97	1
19	98	1
19	99	1
19	100	1
19	101	1
19	102	1
19	103	1
19	104	1
19	105	1
19	106	1
19	107	1
19	108	1
19	109	1
20	39	1
20	40	1
20	41	1
20	42	1
20	43	1
20	44	1
20	45	1
20	46	1
20	47	1
20	48	1
20	49	1
20	50	1
20	51	1
20	52	1
20	53	1
20	54	1
20	55	1
20	56	1
20	57	1
20	58	1
20	59	1
20	60	1
20	61	1
20	62	1
20	63	1
20	64	1
20	65	1
20	66	1
20	67	1
20	68	1
20	69	1
20	70	1
20	71	1
20	72	1
20	73	1
20	74	1
20	75	1
20	76	1
20	77	1
20	78	1
20	79	1
20	80	1
20	81	1
20	82	1
20	83	1
20	84	1
20	85	1
20	86	1
20	87	1
20	88	1
20	89	1
20	90	1
20	91	1
20	92	1
20	93	1
20	94	1
20	95	1
20	96	1
20	97	1
20	98	1
20	99	1
20	100	1
20	101	1
20	102	1
20	103	1
20	104	1
20	105	1
20	106	1
20	107	1
20	108	1
20	109	1
21	40	1
21	41	1
21	42	1
21	43	1
21	44	1
21	45	1
21	46	1
21	47	1
21	48	1
21	49	1
21	50	1
21	51	1
21	52	1
21	53	1
21	54	1
21	55	1
21	56	1
21	57	1
21	58	1
21	59	1
21	60	1
21	61	1
21	62	1
21	63	1
21	64	1
21	65	1
21	66	1
21	67	1
21	68	1
21	69	1
21	70	1
21	71	1
21	72	1
21	73	1
21	74	1
21	75	1
21	76	1
21	77	1
21	78	1
21	79	1
21	80	1
21	81	1
21	82	1
21	83	1
21	84	1
21	85	1
21	86	1
21	87	1
21	88	1
21	89	1
21	90	1
21	91	1
21	92	1
21	93	1
21	94	1
21	95	1
21	96	1
21	97	1
21	98	1
21	99	1
21	100	1
21	101	1
21	102	1
21	103	1
21	104	1
21	105	1
21	106	1
21	107	1
21	108	1
22	40	1
22	41	1
22	42	1
22	43	1
22	44	1
22	45	1
22	46	1
22	47	1
22	48	1
22	49	1
22	50	1
22	51	1
22	52	1
22	53	1
22	54	1
22	55	1
22	56	1
22	57	1
22	58	1
22	59	1
22	60	1
22	61	1
22	62	1
22	63	1
22	64	1
22	65	1
22	66	1
22	67	1
22	68	1
22	69	1
22	70	1
22	71	1
22	72	1
22	73	1
22	74	1
22	75	1
22	76	1
22	77	1
22	78	1
22	79	1
22	80	1
22	81	1
22	82	1
22	83	1
22	84	1
22	85	1
22	86	1
22	87	1
22	88	1
22	89	1
22	90	1
22	91	1
22	92	1
22	93	1
22	94	1
22	95	1
22	96	1
22	97	1
22	98	1
22	99	1
22	100	1
22	101	1
22	102	1
22	103	1
22	104	1
22	105	1
22	106	1
22	107	1
22	108	1
23	41	1
23	42	1
23	43	1
23	44	1
23	45	1
23	46	1
23	47	1
23	48	1
23	49	1
23	50	1
23	51	1
23	52	1
23	53	1
23	54	1
23	55	1
23	56	1
23	57	1
23	58	1
23	59	1
23	60	1
23	61	1
23	62	1
23	63	1
23	64	1
23	65	1
23	66	1
23	67	1
23	68	1
23	69	1
23	70	1
23	71	1
23	72	1
23	73	1
23	74	1
23	75	1
23	76	1
23	77	1
23	78	1
23	79	1
23	80	1
23	81	1
23	82	1
23	83	1
23	84	1
23	85	1
23	86	1
23	87	1
23	88	1
23	89	1
23	90	1
23	91	1
23	92	1
23	93	1
23	94	1
23	95	1
23	96	1
23	97	1
23	98	1
23	99	1
23	100	1
23	101	1
23	102	1
23	103	1
23	104	1
23	105	1
23	106	1
23	107	1
24	42	1
24	43	1
24	44	1
24	45	1
24	46	1
24	47	1
24	48	1
24	49	1
24	50	1
24	51	1
24	52	1
24	53	1
24	54	1
24	55	1
24	56	1
24	57	1
24	58	1
24	59	1
24	60	1
24	61	1
24	62	1
24	63	1
24	64	1
24	65	1
24	66	1
24	67	1
24	68	1
24	69	1
24	70	1
24	71	1
24	72	1
24	73	1
24	74	1
24	75	1
24	76	1
24	77	1
24	78	1
24	79	1
24	80	1
24	81	1
24	82	1
24	83	1
24	84	1
24	85	1
24	86	1
24	87	1
24	88	1
24	89	1
24	90	1
24	91	1
24	92	1
24	93	1
24	94	1
24	95	1
24	96	1
24	97	1
24	98	1
24	99	1
24	100	1
24	101	1
24	102	1
24	103	1
24	104	1
24	105	1
24	106	1
25	42	1
25	43	1
25	44	1
25	45	1
25	46	1
25	47	1
25	48	1
25	49	1
25	50	1
25	51	1
25	52	1
25	53	1
25	54	1
25	55	1
25	56	1
25	57	1
25	58	1
25	59	1
25	60	1
25	61	1
25	62	1
25	63	1
25	64	1
25	65	1
25	66	1
25	67	1
25	68	1
25	69	1
25	70	1
25	71	1
25	72	1
25	73	1
25	74	1
25	75	1
25	76	1
25	77	1
25	78	1
25	79	1
25	80	1
25	81	1
25	82	1
25	83	1
25	84	1
25	85	1
25	86	1
25	87	1
25	88	1
25	89	1
25	90	1
25	91	1
25	92	1
25	93	1
25	94	1
25	95	1
25	96	1
25	97	1
25	98	1
25	99	1
25	100	1
25	101	1
25	102	1
25	103	1
25	104	1
25	105	1
25	106	1
26	43	1
26	44	1
26	45	1
26	46	1
26	47	1
26	48	1
26	49	1
26	50	1
26	51	1
26	52	1
26	53	1
26	54	1
26	55	1
26	56	1
26	57	1
26	58	1
26	59	1
26	60	1
26	61	1
26	62	1
26	63	1
26	64	1
26	65	1
26	66	1
26	67	1
26	68	1
26	69	1
26	70	1
26	71	1
26	72	1
26	73	1
26	74	1
26	75	1
26	76	1
26	77	1
26	78	1
26	79	1
26	80	1
26	81	1
26	82	1
26	83	1
26	84	1
26	85	1
26	86	1
26	87	1
26	88	1
26	89	1
26	90	1
26	91	1
26	92	1
26	93	1
26	94	1
26	95	1
26	96	1
26	97	1
26	98	1
26	99	1
26	100	1
26	101	1
26	102	1
26	103	1
26	104	1
26	105	1
27	44	1
27	45	1
27	46	1
27	47	1
27	48	1
27	49	1
27	50	1
27	51	1
27	52	1
27	53	1
27	54	1
27	55	1
27	56	1
27	57	1
27	58	1
27	59	1
27	60	1
27	61	1
27	62	1
27	63	1
27	64	1
27	65	1
27	66	1
27	67	1
27	68	1
27	69	1
27	70	1
27	71	1
27	72	1
27	73	1
27	74	1
27	75	1
27	76	1
27	77	1
27	78	1
27	79	1
27	80	1
27	81	1
27	82	1
27	83	1
27	84	1
27	85	1
27	86	1
27	87	1
27	88	1
27	89	1
27	90	1
27	91	1
27	92	1
27	93	1
27	94	1
27	95	1
27	96	1
27	97	1
27	98	1
27	99	1
27	100	1
27	101	1
27	102	1
27	103	1
27	104	1
28	45	1
28	46	1
28	47	1
28	48	1
28	49	1
28	50	1
28	51	1
28	52	1
28	53	1
28	54	1
28	55	1
28	56	1
28	57	1
28	58	1
28	59	1
28	60	1
28	61	1
28	62	1
28	63	1
28	64	1
28	65	1
28	66	1
28	67	1
28	68	1
28	69	1
28	70	1
28	71	1
28	72	1
28	73	1
28	74	1
28	75	1
28	76	1
28	77	1
28	78	1
28	79	1
28	80	1
28	81	1
28	82	1
28	83	1
28	84	1
28	85	1
28	86	1
28	87	1
28	88	1
28	89	1
28	90	1
28	91	1
28	92	1
28	93	1
28	94	1
28	95	1
28	96	1
28	97	1
28	98	1
28	99	1
28	100	1
28	101	1
28	102	1
28	103	1
29	46	1
29	47	1
29	48	1
29	49	1
29	50	1
29	51	1
29	52	1
29	53	1
29	54	1
29	55	1
29	56	1
29	57	1
29	58	1
29	59	1
29	60	1
29	61	1
29	62	1
29	63	1
29	64	1
29	65	1
29	66	1
29	67	1
29	68	1
29	69	1
29	70	1
29	71	1
29	72	1
29	73	1
29	74	1
29	75	1
29	76	1
29	77	1
29	78	1
29	79	1
29	80	1
29	81	1
29	82	1
29	83	1
29	84	1
29	85	1
29	86	1
29	87	1
29	88	1
29	89	1
29	90	1
29	91	1
29	92	1
29	93	1
29	94	1
29	95	1
29	96	1
29	97	1
29	98	1
29	99	1
29	100	1
29	101	1
29	102	1
30	47	1
30	48	1
30	49	1
30	50	1
30	51	1
30	52	1
30	53	1
30	54	1
30	55	1
30	56	1
30	57	1
30	58	1
30	59	1
30	60	1
30	61	1
30	62	1
30	63	1
30	64	1
30	65	1
30	66	1
30	67	1
30	68	1
30	69	1
30	70	1
30	71	1
30	72	1
30	73	1
30	74	1
30	75	1
30	76	1
30	77	1
30	78	1
30	79	1
30	80	1
30	81	1
30	82	1
30	83	1
30	84	1
30	85	1
30	86	1
30	87	1
30	88	1
30	89	1
30	90	1
30	91	1
30	92	1
30	93	1
30	94	1
30	95	1
30	96	1
30	97	1
30	98	1
30	99	1
30	100	1
30	101	1
31	48	1
31	49	1
31	50	1
31	51	1
31	52	1
31	53	1
31	54	1
31	55	1
31	56	1
31	57	1
31	58	1
31	59	1
31	60	1
31	61	1
31	62	1
31	63	1
31	64	1
31	65	1
31	66	1
31	67	1
31	68	1
31	69	1
31	70	1
31	71	1
31	72	1
31	73	1
31	74	1
31	75	1
31	76	1
31	77	1
31	78	1
31	79	1
31	80	1
31	81	1
31	82	1
31	83	1
31	84	1
31	85	1
31	86	1
31	87	1
31	88	1
31	89	1
31	90	1
31	91	1
31	92	1
31	93	1
31	94	1
31	95	1
31	96	1
31	97	1
31	98	1
31	99	1
31	100	1
32	49	1
32	50	1
32	51	1
32	52	1
32	53	1
32	54	1
32	55	1
32	56	1
32	57	1
32	58	1
32	59	1
32	60	1
32	61	1
32	62	1
32	63	1
32	64	1
32	65	1
32	66	1
32	67	1
32	68	1
32	69	1
32	70	1
32	71	1
32	72	1
32	73	1
32	74	1
32	75	1
32	76	1
32	77	1
32	78	1
32	79	1
32	80	1
32	81	1
32	82	1
32	83	1
32	84	1
32	85	1
32	86	1
32	87	1
32	88	1
32	89	1
32	90	1
32	91	1
32	92	1
32	93	1
32	94	1
32	95	1
32	96	1
32	97	1
32	98	1
32	99	1
33	50	1
33	51	1
33	52	1
33	53	1
33	54	1
33	55	1
33	56	1
33	57	1
33	58	1
33	59	1
33	60	1
33	61	1
33	62	1
33	63	1
33	64	1
33	65	1
33	66	1
33	67	1
33	68	1
33	69	1
33	70	1
33	71	1
33	72	1
33	73	1
33	74	1
33	75	1
33	76	1
33	77	1
33	78	1
33	79	1
33	80	1
33	81	1
33	82	1
33	83	1
33	84	1
33	85	1
33	86	1
33	87	1
33	88	1
33	89	1
33	90	1
33	91	1
33	92	1
33	93	1
33	94	1
33	95	1
33	96	1
33	97	1
33	98	1
34	52	1
34	53	1
34	54	1
34	55	1
34	56	1
34	57	1
34	58	1
34	59	1
34	60	1
34	61	1
34	62	1
34	63	1
34	64	1
34	65	1
34	66	1
34	67	1
34	68	1
34	69	1
34	70	1
34	71	1
34	72	1
34	73	1
34	74	1
34	75	1
34	76	1
34	77	1
34	78	1
34	79	1
34	80	1
34	81	1
34	82	1
34	83	1
34	84	1
34	85	1
34	86	1
34	87	1
34	88	1
34	89	1
34	90	1
34	91	1
34	92	1
34	93	1
34	94	1
34	95	1
34	96	1
35	53	1
35	54	1
35	55	1
35	56	1
35	57	1
35	58	1
35	59	1
35	60	1
35	61	1
35	62	1
35	63	1
35	64	1
35	65	1
35	66	1
35	67	1
35	68	1
35	69	1
35	70	1
35	71	1
35	72	1
35	73	1
35	74	1
35	75	1
35	76	1
35	77	1
35	78	1
35	79	1
35	80	1
35	81	1
35	82	1
35	83	1
35	84	1
35	85	1
35	86	1
35	87	1
35	88	1
35	89	1
35	90	1
35	91	1
35	92	1
35	93	1
35	94	1
35	95	1
36	55	1
36	56	1
36	57	1
36	58	1
36	59	1
36	60	1
36	61	1
36	62	1
36	63	1
36	64	1
36	65	1
36	66	1
36	67	1
36	68	1
36	69	1
36	70	1
36	71	1
36	72	1
36	73	1
36	74	1
36	75	1
36	76	1
36	77	1
36	78	1
36	79	1
36	80	1
36	81	1
36	82	1
36	83	1
36	84	1
36	85	1
36	86	1
36	87	1
36	88	1
36	89	1
36	90	1
36	91	1
36	92	1
36	93	1
37	57	1
37	58	1
37	59	1
37	60	1
37	61	1
37	62	1
37	63	1
37	64	1
37	65	1
37	66	1
37	67	1
37	68	1
37	69	1
37	70	1
37	71	1
37	72	1
37	73	1
37	74	1
37	75	1
37	76	1
37	77	1
37	78	1
37	79	1
37	80	1
37	81	1
37	82	1
37	83	1
37	84	1
37	85	1
37	86	1
37	87	1
37	88	1
37	89	1
37	90	1
37	91	1
38	59	1
38	60	1
38	61	1
38	62	1
38	63	1
38	64	1
38	65	1
38	66	1
38	67	1
38	68	1
38	69	1
38	70	1
38	71	1
38	72	1
38	73	1
38	74	1
38	75	1
38	76	1
38	77	1
38	78	1
38	79	1
38	80	1
38	81	1
38	82	1
38	83	1
38	84	1
38	85	1
38	86	1
38	87	1
38	88	1
38	89	1
39	62	1
39	63	1
39	64	1
39	65	1
39	66	1
39	67	1
39	68	1
39	69	1
39	70	1
39	71	1
39	72	1
39	73	1
39	74	1
39	75	1
39	76	1
39	77	1
39	78	1
39	79	1
39	80	1
39	81	1
39	82	1
39	83	1
39	84	1
39	85	1
39	86	1
40	66	1
40	67	1
40	68	1
40	69	1
40	70	1
40	71	1
40	72	1
40	73	1
40	74	1
40	75	1
40	76	1
40	77	1
40	78	1
40	79	1
40	80	1
40	81	1
40	82	1
41	74	1
19	114	1
20	110	1
20	111	1
20	112	1
20	113	1
20	114	1
20	115	1
20	116	1
20	117	1
20	118	1
21	108	1
21	109	1
21	110	1
21	111	1
21	112	1
21	113	1
21	114	1
21	115	1
21	116	1
21	117	1
21	118	1
21	119	1
21	120	1
22	107	1
22	108	1
22	109	1
22	110	1
22	111	1
22	112	1
22	113	1
22	114	1
22	115	1
22	116	1
22	117	1
22	118	1
22	119	1
22	120	1
22	121	1
23	106	1
23	107	1
23	108	1
23	109	1
23	110	1
23	111	1
23	112	1
23	113	1
23	114	1
23	115	1
23	116	1
23	117	1
23	118	1
23	119	1
23	120	1
23	121	1
23	122	1
24	106	1
24	107	1
24	108	1
24	109	1
24	110	1
24	111	1
24	112	1
24	113	1
24	114	1
24	115	1
24	116	1
24	117	1
24	118	1
24	119	1
24	120	1
24	121	1
24	122	1
25	105	1
25	106	1
25	107	1
25	108	1
25	109	1
25	110	1
25	111	1
25	112	1
25	113	1
25	114	1
25	115	1
25	116	1
25	117	1
25	118	1
25	119	1
25	120	1
25	121	1
25	122	1
25	123	1
26	105	1
26	106	1
26	107	1
26	108	1
26	109	1
26	110	1
26	111	1
26	112	1
26	113	1
26	114	1
26	115	1
26	116	1
26	117	1
26	118	1
26	119	1
26	120	1
26	121	1
26	122	1
26	123	1
27	105	1
27	106	1
27	107	1
27	108	1
27	109	1
27	110	1
27	111	1
27	112	1
27	113	1
27	114	1
27	115	1
27	116	1
27	117	1
27	118	1
27	119	1
27	120	1
27	121	1
27	122	1
27	123	1
28	105	1
28	106	1
28	107	1
28	108	1
28	109	1
28	110	1
28	111	1
28	112	1
28	113	1
28	114	1
28	115	1
28	116	1
28	117	1
28	118	1
28	119	1
28	120	1
28	121	1
28	122	1
28	123	1
29	104	1
29	105	1
29	106	1
29	107	1
29	108	1
29	109	1
29	110	1
29	111	1
29	112	1
29	113	1
29	114	1
29	115	1
29	116	1
29	117	1
29	118	1
29	119	1
29	120	1
29	121	1
29	122	1
29	123	1
29	124	1
30	105	1
30	106	1
30	107	1
30	108	1
30	109	1
30	110	1
30	111	1
30	112	1
30	113	1
30	114	1
30	115	1
30	116	1
30	117	1
30	118	1
30	119	1
30	120	1
30	121	1
30	122	1
30	123	1
31	105	1
31	106	1
31	107	1
31	108	1
31	109	1
31	110	1
31	111	1
31	112	1
31	113	1
31	114	1
31	115	1
31	116	1
31	117	1
31	118	1
31	119	1
31	120	1
31	121	1
31	122	1
31	123	1
32	105	1
32	106	1
32	107	1
32	108	1
32	109	1
32	110	1
32	111	1
32	112	1
32	113	1
32	114	1
32	115	1
32	116	1
32	117	1
32	118	1
32	119	1
32	120	1
32	121	1
32	122	1
32	123	1
33	105	1
33	106	1
33	107	1
33	108	1
33	109	1
33	110	1
33	111	1
33	112	1
33	113	1
33	114	1
33	115	1
33	116	1
33	117	1
33	118	1
33	119	1
33	120	1
33	121	1
33	122	1
33	123	1
34	106	1
34	107	1
34	108	1
34	109	1
34	110	1
34	111	1
34	112	1
34	113	1
34	114	1
34	115	1
34	116	1
34	117	1
34	118	1
34	119	1
34	120	1
34	121	1
34	122	1
35	106	1
35	107	1
35	108	1
35	109	1
35	110	1
35	111	1
35	112	1
35	113	1
35	114	1
35	115	1
35	116	1
35	117	1
35	118	1
35	119	1
35	120	1
35	121	1
35	122	1
36	107	1
36	108	1
36	109	1
36	110	1
36	111	1
36	112	1
36	113	1
36	114	1
36	115	1
36	116	1
36	117	1
36	118	1
36	119	1
36	120	1
36	121	1
37	108	1
37	109	1
37	110	1
37	111	1
37	112	1
37	113	1
37	114	1
37	115	1
37	116	1
37	117	1
37	118	1
37	119	1
37	120	1
38	110	1
38	111	1
38	112	1
38	113	1
38	114	1
38	115	1
38	116	1
38	117	1
38	118	1
39	114	1
