pix_x	pix_y	Flag
28	85	1
29	81	1
29	82	1
29	83	1
29	84	1
29	85	1
29	86	1
29	87	1
29	88	1
29	89	1
30	79	1
30	80	1
30	81	1
30	82	1
30	83	1
30	84	1
30	85	1
30	86	1
30	87	1
30	88	1
30	89	1
30	90	1
30	91	1
31	78	1
31	79	1
31	80	1
31	81	1
31	82	1
31	83	1
31	84	1
31	85	1
31	86	1
31	87	1
31	88	1
31	89	1
31	90	1
31	91	1
31	92	1
32	77	1
32	78	1
32	79	1
32	80	1
32	81	1
32	82	1
32	83	1
32	84	1
32	85	1
32	86	1
32	87	1
32	88	1
32	89	1
32	90	1
32	91	1
32	92	1
32	93	1
33	77	1
33	78	1
33	79	1
33	80	1
33	81	1
33	82	1
33	83	1
33	84	1
33	85	1
33	86	1
33	87	1
33	88	1
33	89	1
33	90	1
33	91	1
33	92	1
33	93	1
34	76	1
34	77	1
34	78	1
34	79	1
34	80	1
34	81	1
34	82	1
34	83	1
34	84	1
34	85	1
34	86	1
34	87	1
34	88	1
34	89	1
34	90	1
34	91	1
34	92	1
34	93	1
34	94	1
35	76	1
35	77	1
35	78	1
35	79	1
35	80	1
35	81	1
35	82	1
35	83	1
35	84	1
35	85	1
35	86	1
35	87	1
35	88	1
35	89	1
35	90	1
35	91	1
35	92	1
35	93	1
35	94	1
36	76	1
36	77	1
36	78	1
36	79	1
36	80	1
36	81	1
36	82	1
36	83	1
36	84	1
36	85	1
36	86	1
36	87	1
36	88	1
36	89	1
36	90	1
36	91	1
36	92	1
36	93	1
36	94	1
37	76	1
37	77	1
37	78	1
37	79	1
37	80	1
37	81	1
37	82	1
37	83	1
37	84	1
37	85	1
37	86	1
37	87	1
37	88	1
37	89	1
37	90	1
37	91	1
37	92	1
37	93	1
37	94	1
38	75	1
38	76	1
38	77	1
38	78	1
38	79	1
38	80	1
38	81	1
38	82	1
38	83	1
38	84	1
38	85	1
38	86	1
38	87	1
38	88	1
38	89	1
38	90	1
38	91	1
38	92	1
38	93	1
38	94	1
38	95	1
39	76	1
39	77	1
39	78	1
39	79	1
39	80	1
39	81	1
39	82	1
39	83	1
39	84	1
39	85	1
39	86	1
39	87	1
39	88	1
39	89	1
39	90	1
39	91	1
39	92	1
39	93	1
39	94	1
40	76	1
40	77	1
40	78	1
40	79	1
40	80	1
40	81	1
40	82	1
40	83	1
40	84	1
40	85	1
40	86	1
40	87	1
40	88	1
40	89	1
40	90	1
40	91	1
40	92	1
40	93	1
40	94	1
41	76	1
41	77	1
41	78	1
41	79	1
41	80	1
41	81	1
41	82	1
41	83	1
41	84	1
41	85	1
41	86	1
41	87	1
41	88	1
41	89	1
41	90	1
41	91	1
41	92	1
41	93	1
41	94	1
42	76	1
42	77	1
42	78	1
42	79	1
42	80	1
42	81	1
42	82	1
42	83	1
42	84	1
42	85	1
42	86	1
42	87	1
42	88	1
42	89	1
42	90	1
42	91	1
42	92	1
42	93	1
42	94	1
43	77	1
43	78	1
43	79	1
43	80	1
43	81	1
43	82	1
43	83	1
43	84	1
43	85	1
43	86	1
43	87	1
43	88	1
43	89	1
43	90	1
43	91	1
43	92	1
43	93	1
44	77	1
44	78	1
44	79	1
44	80	1
44	81	1
44	82	1
44	83	1
44	84	1
44	85	1
44	86	1
44	87	1
44	88	1
44	89	1
44	90	1
44	91	1
44	92	1
44	93	1
45	78	1
45	79	1
45	80	1
45	81	1
45	82	1
45	83	1
45	84	1
45	85	1
45	86	1
45	87	1
45	88	1
45	89	1
45	90	1
45	91	1
45	92	1
46	79	1
46	80	1
46	81	1
46	82	1
46	83	1
46	84	1
46	85	1
46	86	1
46	87	1
46	88	1
46	89	1
46	90	1
46	91	1
47	81	1
47	82	1
47	83	1
47	84	1
47	85	1
47	86	1
47	87	1
47	88	1
47	89	1
48	85	1
23	94	1
24	90	1
24	91	1
24	92	1
24	93	1
24	94	1
24	95	1
24	96	1
24	97	1
24	98	1
25	88	1
25	89	1
25	90	1
25	91	1
25	92	1
25	93	1
25	94	1
25	95	1
25	96	1
25	97	1
25	98	1
25	99	1
25	100	1
26	87	1
26	88	1
26	89	1
26	90	1
26	91	1
26	92	1
26	93	1
26	94	1
26	95	1
26	96	1
26	97	1
26	98	1
26	99	1
26	100	1
26	101	1
27	86	1
27	87	1
27	88	1
27	89	1
27	90	1
27	91	1
27	92	1
27	93	1
27	94	1
27	95	1
27	96	1
27	97	1
27	98	1
27	99	1
27	100	1
27	101	1
27	102	1
28	86	1
28	87	1
28	88	1
28	89	1
28	90	1
28	91	1
28	92	1
28	93	1
28	94	1
28	95	1
28	96	1
28	97	1
28	98	1
28	99	1
28	100	1
28	101	1
28	102	1
29	85	1
29	86	1
29	87	1
29	88	1
29	89	1
29	90	1
29	91	1
29	92	1
29	93	1
29	94	1
29	95	1
29	96	1
29	97	1
29	98	1
29	99	1
29	100	1
29	101	1
29	102	1
29	103	1
30	85	1
30	86	1
30	87	1
30	88	1
30	89	1
30	90	1
30	91	1
30	92	1
30	93	1
30	94	1
30	95	1
30	96	1
30	97	1
30	98	1
30	99	1
30	100	1
30	101	1
30	102	1
30	103	1
31	85	1
31	86	1
31	87	1
31	88	1
31	89	1
31	90	1
31	91	1
31	92	1
31	93	1
31	94	1
31	95	1
31	96	1
31	97	1
31	98	1
31	99	1
31	100	1
31	101	1
31	102	1
31	103	1
32	85	1
32	86	1
32	87	1
32	88	1
32	89	1
32	90	1
32	91	1
32	92	1
32	93	1
32	94	1
32	95	1
32	96	1
32	97	1
32	98	1
32	99	1
32	100	1
32	101	1
32	102	1
32	103	1
33	84	1
33	85	1
33	86	1
33	87	1
33	88	1
33	89	1
33	90	1
33	91	1
33	92	1
33	93	1
33	94	1
33	95	1
33	96	1
33	97	1
33	98	1
33	99	1
33	100	1
33	101	1
33	102	1
33	103	1
33	104	1
34	85	1
34	86	1
34	87	1
34	88	1
34	89	1
34	90	1
34	91	1
34	92	1
34	93	1
34	94	1
34	95	1
34	96	1
34	97	1
34	98	1
34	99	1
34	100	1
34	101	1
34	102	1
34	103	1
35	85	1
35	86	1
35	87	1
35	88	1
35	89	1
35	90	1
35	91	1
35	92	1
35	93	1
35	94	1
35	95	1
35	96	1
35	97	1
35	98	1
35	99	1
35	100	1
35	101	1
35	102	1
35	103	1
36	85	1
36	86	1
36	87	1
36	88	1
36	89	1
36	90	1
36	91	1
36	92	1
36	93	1
36	94	1
36	95	1
36	96	1
36	97	1
36	98	1
36	99	1
36	100	1
36	101	1
36	102	1
36	103	1
37	85	1
37	86	1
37	87	1
37	88	1
37	89	1
37	90	1
37	91	1
37	92	1
37	93	1
37	94	1
37	95	1
37	96	1
37	97	1
37	98	1
37	99	1
37	100	1
37	101	1
37	102	1
37	103	1
38	86	1
38	87	1
38	88	1
38	89	1
38	90	1
38	91	1
38	92	1
38	93	1
38	94	1
38	95	1
38	96	1
38	97	1
38	98	1
38	99	1
38	100	1
38	101	1
38	102	1
39	86	1
39	87	1
39	88	1
39	89	1
39	90	1
39	91	1
39	92	1
39	93	1
39	94	1
39	95	1
39	96	1
39	97	1
39	98	1
39	99	1
39	100	1
39	101	1
39	102	1
40	87	1
40	88	1
40	89	1
40	90	1
40	91	1
40	92	1
40	93	1
40	94	1
40	95	1
40	96	1
40	97	1
40	98	1
40	99	1
40	100	1
40	101	1
41	88	1
41	89	1
41	90	1
41	91	1
41	92	1
41	93	1
41	94	1
41	95	1
41	96	1
41	97	1
41	98	1
41	99	1
41	100	1
42	90	1
42	91	1
42	92	1
42	93	1
42	94	1
42	95	1
42	96	1
42	97	1
42	98	1
43	94	1
