pix_x	pix_y	Flag
94	69	1
94	70	1
94	71	1
94	72	1
94	73	1
95	67	1
95	68	1
95	69	1
95	70	1
95	71	1
95	72	1
95	73	1
95	74	1
95	75	1
96	65	1
96	66	1
96	67	1
96	68	1
96	69	1
96	70	1
96	71	1
96	72	1
96	73	1
96	74	1
96	75	1
96	76	1
96	77	1
97	65	1
97	66	1
97	67	1
97	68	1
97	69	1
97	70	1
97	71	1
97	72	1
97	73	1
97	74	1
97	75	1
97	76	1
97	77	1
98	64	1
98	65	1
98	66	1
98	67	1
98	68	1
98	69	1
98	70	1
98	71	1
98	72	1
98	73	1
98	74	1
98	75	1
98	76	1
98	77	1
98	78	1
99	64	1
99	65	1
99	66	1
99	67	1
99	68	1
99	69	1
99	70	1
99	71	1
99	72	1
99	73	1
99	74	1
99	75	1
99	76	1
99	77	1
99	78	1
100	63	1
100	64	1
100	65	1
100	66	1
100	67	1
100	68	1
100	69	1
100	70	1
100	71	1
100	72	1
100	73	1
100	74	1
100	75	1
100	76	1
100	77	1
100	78	1
100	79	1
101	63	1
101	64	1
101	65	1
101	66	1
101	67	1
101	68	1
101	69	1
101	70	1
101	71	1
101	72	1
101	73	1
101	74	1
101	75	1
101	76	1
101	77	1
101	78	1
101	79	1
102	63	1
102	64	1
102	65	1
102	66	1
102	67	1
102	68	1
102	69	1
102	70	1
102	71	1
102	72	1
102	73	1
102	74	1
102	75	1
102	76	1
102	77	1
102	78	1
102	79	1
103	63	1
103	64	1
103	65	1
103	66	1
103	67	1
103	68	1
103	69	1
103	70	1
103	71	1
103	72	1
103	73	1
103	74	1
103	75	1
103	76	1
103	77	1
103	78	1
103	79	1
104	63	1
104	64	1
104	65	1
104	66	1
104	67	1
104	68	1
104	69	1
104	70	1
104	71	1
104	72	1
104	73	1
104	74	1
104	75	1
104	76	1
104	77	1
104	78	1
104	79	1
105	64	1
105	65	1
105	66	1
105	67	1
105	68	1
105	69	1
105	70	1
105	71	1
105	72	1
105	73	1
105	74	1
105	75	1
105	76	1
105	77	1
105	78	1
106	64	1
106	65	1
106	66	1
106	67	1
106	68	1
106	69	1
106	70	1
106	71	1
106	72	1
106	73	1
106	74	1
106	75	1
106	76	1
106	77	1
106	78	1
107	65	1
107	66	1
107	67	1
107	68	1
107	69	1
107	70	1
107	71	1
107	72	1
107	73	1
107	74	1
107	75	1
107	76	1
107	77	1
108	65	1
108	66	1
108	67	1
108	68	1
108	69	1
108	70	1
108	71	1
108	72	1
108	73	1
108	74	1
108	75	1
108	76	1
108	77	1
109	67	1
109	68	1
109	69	1
109	70	1
109	71	1
109	72	1
109	73	1
109	74	1
109	75	1
110	69	1
110	70	1
110	71	1
110	72	1
110	73	1
108	50	1
108	51	1
108	52	1
108	53	1
108	54	1
109	48	1
109	49	1
109	50	1
109	51	1
109	52	1
109	53	1
109	54	1
109	55	1
109	56	1
110	46	1
110	47	1
110	48	1
110	49	1
110	50	1
110	51	1
110	52	1
110	53	1
110	54	1
110	55	1
110	56	1
110	57	1
110	58	1
111	46	1
111	47	1
111	48	1
111	49	1
111	50	1
111	51	1
111	52	1
111	53	1
111	54	1
111	55	1
111	56	1
111	57	1
111	58	1
112	45	1
112	46	1
112	47	1
112	48	1
112	49	1
112	50	1
112	51	1
112	52	1
112	53	1
112	54	1
112	55	1
112	56	1
112	57	1
112	58	1
112	59	1
113	45	1
113	46	1
113	47	1
113	48	1
113	49	1
113	50	1
113	51	1
113	52	1
113	53	1
113	54	1
113	55	1
113	56	1
113	57	1
113	58	1
113	59	1
114	44	1
114	45	1
114	46	1
114	47	1
114	48	1
114	49	1
114	50	1
114	51	1
114	52	1
114	53	1
114	54	1
114	55	1
114	56	1
114	57	1
114	58	1
114	59	1
114	60	1
115	44	1
115	45	1
115	46	1
115	47	1
115	48	1
115	49	1
115	50	1
115	51	1
115	52	1
115	53	1
115	54	1
115	55	1
115	56	1
115	57	1
115	58	1
115	59	1
115	60	1
116	44	1
116	45	1
116	46	1
116	47	1
116	48	1
116	49	1
116	50	1
116	51	1
116	52	1
116	53	1
116	54	1
116	55	1
116	56	1
116	57	1
116	58	1
116	59	1
116	60	1
117	44	1
117	45	1
117	46	1
117	47	1
117	48	1
117	49	1
117	50	1
117	51	1
117	52	1
117	53	1
117	54	1
117	55	1
117	56	1
117	57	1
117	58	1
117	59	1
117	60	1
118	44	1
118	45	1
118	46	1
118	47	1
118	48	1
118	49	1
118	50	1
118	51	1
118	52	1
118	53	1
118	54	1
118	55	1
118	56	1
118	57	1
118	58	1
118	59	1
118	60	1
119	45	1
119	46	1
119	47	1
119	48	1
119	49	1
119	50	1
119	51	1
119	52	1
119	53	1
119	54	1
119	55	1
119	56	1
119	57	1
119	58	1
119	59	1
120	45	1
120	46	1
120	47	1
120	48	1
120	49	1
120	50	1
120	51	1
120	52	1
120	53	1
120	54	1
120	55	1
120	56	1
120	57	1
120	58	1
120	59	1
121	46	1
121	47	1
121	48	1
121	49	1
121	50	1
121	51	1
121	52	1
121	53	1
121	54	1
121	55	1
121	56	1
121	57	1
121	58	1
122	46	1
122	47	1
122	48	1
122	49	1
122	50	1
122	51	1
122	52	1
122	53	1
122	54	1
122	55	1
122	56	1
122	57	1
122	58	1
123	48	1
123	49	1
123	50	1
123	51	1
123	52	1
123	53	1
123	54	1
123	55	1
123	56	1
124	50	1
124	51	1
124	52	1
124	53	1
124	54	1
78	39	1
78	40	1
78	41	1
79	38	1
79	39	1
79	40	1
79	41	1
79	42	1
80	38	1
80	39	1
80	40	1
80	41	1
80	42	1
81	38	1
81	39	1
81	40	1
81	41	1
81	42	1
82	39	1
82	40	1
82	41	1
