pix_x	pix_y	Flag
21	28	1
22	24	1
22	25	1
22	26	1
22	27	1
22	28	1
22	29	1
22	30	1
22	31	1
22	32	1
23	22	1
23	23	1
23	24	1
23	25	1
23	26	1
23	27	1
23	28	1
23	29	1
23	30	1
23	31	1
23	32	1
23	33	1
23	34	1
24	21	1
24	22	1
24	23	1
24	24	1
24	25	1
24	26	1
24	27	1
24	28	1
24	29	1
24	30	1
24	31	1
24	32	1
24	33	1
24	34	1
24	35	1
25	20	1
25	21	1
25	22	1
25	23	1
25	24	1
25	25	1
25	26	1
25	27	1
25	28	1
25	29	1
25	30	1
25	31	1
25	32	1
25	33	1
25	34	1
25	35	1
25	36	1
26	19	1
26	20	1
26	21	1
26	22	1
26	23	1
26	24	1
26	25	1
26	26	1
26	27	1
26	28	1
26	29	1
26	30	1
26	31	1
26	32	1
26	33	1
26	34	1
26	35	1
26	36	1
26	37	1
27	19	1
27	20	1
27	21	1
27	22	1
27	23	1
27	24	1
27	25	1
27	26	1
27	27	1
27	28	1
27	29	1
27	30	1
27	31	1
27	32	1
27	33	1
27	34	1
27	35	1
27	36	1
27	37	1
28	18	1
28	19	1
28	20	1
28	21	1
28	22	1
28	23	1
28	24	1
28	25	1
28	26	1
28	27	1
28	28	1
28	29	1
28	30	1
28	31	1
28	32	1
28	33	1
28	34	1
28	35	1
28	36	1
28	37	1
28	38	1
29	18	1
29	19	1
29	20	1
29	21	1
29	22	1
29	23	1
29	24	1
29	25	1
29	26	1
29	27	1
29	28	1
29	29	1
29	30	1
29	31	1
29	32	1
29	33	1
29	34	1
29	35	1
29	36	1
29	37	1
29	38	1
30	18	1
30	19	1
30	20	1
30	21	1
30	22	1
30	23	1
30	24	1
30	25	1
30	26	1
30	27	1
30	28	1
30	29	1
30	30	1
30	31	1
30	32	1
30	33	1
30	34	1
30	35	1
30	36	1
30	37	1
30	38	1
31	18	1
31	19	1
31	20	1
31	21	1
31	22	1
31	23	1
31	24	1
31	25	1
31	26	1
31	27	1
31	28	1
31	29	1
31	30	1
31	31	1
31	32	1
31	33	1
31	34	1
31	35	1
31	36	1
31	37	1
31	38	1
32	17	1
32	18	1
32	19	1
32	20	1
32	21	1
32	22	1
32	23	1
32	24	1
32	25	1
32	26	1
32	27	1
32	28	1
32	29	1
32	30	1
32	31	1
32	32	1
32	33	1
32	34	1
32	35	1
32	36	1
32	37	1
32	38	1
32	39	1
33	18	1
33	19	1
33	20	1
33	21	1
33	22	1
33	23	1
33	24	1
33	25	1
33	26	1
33	27	1
33	28	1
33	29	1
33	30	1
33	31	1
33	32	1
33	33	1
33	34	1
33	35	1
33	36	1
33	37	1
33	38	1
34	18	1
34	19	1
34	20	1
34	21	1
34	22	1
34	23	1
34	24	1
34	25	1
34	26	1
34	27	1
34	28	1
34	29	1
34	30	1
34	31	1
34	32	1
34	33	1
34	34	1
34	35	1
34	36	1
34	37	1
34	38	1
35	18	1
35	19	1
35	20	1
35	21	1
35	22	1
35	23	1
35	24	1
35	25	1
35	26	1
35	27	1
35	28	1
35	29	1
35	30	1
35	31	1
35	32	1
35	33	1
35	34	1
35	35	1
35	36	1
35	37	1
35	38	1
36	18	1
36	19	1
36	20	1
36	21	1
36	22	1
36	23	1
36	24	1
36	25	1
36	26	1
36	27	1
36	28	1
36	29	1
36	30	1
36	31	1
36	32	1
36	33	1
36	34	1
36	35	1
36	36	1
36	37	1
36	38	1
37	19	1
37	20	1
37	21	1
37	22	1
37	23	1
37	24	1
37	25	1
37	26	1
37	27	1
37	28	1
37	29	1
37	30	1
37	31	1
37	32	1
37	33	1
37	34	1
37	35	1
37	36	1
37	37	1
38	19	1
38	20	1
38	21	1
38	22	1
38	23	1
38	24	1
38	25	1
38	26	1
38	27	1
38	28	1
38	29	1
38	30	1
38	31	1
38	32	1
38	33	1
38	34	1
38	35	1
38	36	1
38	37	1
39	20	1
39	21	1
39	22	1
39	23	1
39	24	1
39	25	1
39	26	1
39	27	1
39	28	1
39	29	1
39	30	1
39	31	1
39	32	1
39	33	1
39	34	1
39	35	1
39	36	1
40	21	1
40	22	1
40	23	1
40	24	1
40	25	1
40	26	1
40	27	1
40	28	1
40	29	1
40	30	1
40	31	1
40	32	1
40	33	1
40	34	1
40	35	1
41	22	1
41	23	1
41	24	1
41	25	1
41	26	1
41	27	1
41	28	1
41	29	1
41	30	1
41	31	1
41	32	1
41	33	1
41	34	1
42	24	1
42	25	1
42	26	1
42	27	1
42	28	1
42	29	1
42	30	1
42	31	1
42	32	1
43	28	1
5	35	1
6	31	1
6	32	1
6	33	1
6	34	1
6	35	1
6	36	1
6	37	1
6	38	1
6	39	1
7	29	1
7	30	1
7	31	1
7	32	1
7	33	1
7	34	1
7	35	1
7	36	1
7	37	1
7	38	1
7	39	1
7	40	1
7	41	1
8	28	1
8	29	1
8	30	1
8	31	1
8	32	1
8	33	1
8	34	1
8	35	1
8	36	1
8	37	1
8	38	1
8	39	1
8	40	1
8	41	1
8	42	1
9	27	1
9	28	1
9	29	1
9	30	1
9	31	1
9	32	1
9	33	1
9	34	1
9	35	1
9	36	1
9	37	1
9	38	1
9	39	1
9	40	1
9	41	1
9	42	1
9	43	1
10	26	1
10	27	1
10	28	1
10	29	1
10	30	1
10	31	1
10	32	1
10	33	1
10	34	1
10	35	1
10	36	1
10	37	1
10	38	1
10	39	1
10	40	1
10	41	1
10	42	1
10	43	1
10	44	1
11	26	1
11	27	1
11	28	1
11	29	1
11	30	1
11	31	1
11	32	1
11	33	1
11	34	1
11	35	1
11	36	1
11	37	1
11	38	1
11	39	1
11	40	1
11	41	1
11	42	1
11	43	1
11	44	1
12	25	1
12	26	1
12	27	1
12	28	1
12	29	1
12	30	1
12	31	1
12	32	1
12	33	1
12	34	1
12	35	1
12	36	1
12	37	1
12	38	1
12	39	1
12	40	1
12	41	1
12	42	1
12	43	1
12	44	1
12	45	1
13	25	1
13	26	1
13	27	1
13	28	1
13	29	1
13	30	1
13	31	1
13	32	1
13	33	1
13	34	1
13	35	1
13	36	1
13	37	1
13	38	1
13	39	1
13	40	1
13	41	1
13	42	1
13	43	1
13	44	1
13	45	1
14	25	1
14	26	1
14	27	1
14	28	1
14	29	1
14	30	1
14	31	1
14	32	1
14	33	1
14	34	1
14	35	1
14	36	1
14	37	1
14	38	1
14	39	1
14	40	1
14	41	1
14	42	1
14	43	1
14	44	1
14	45	1
15	25	1
15	26	1
15	27	1
15	28	1
15	29	1
15	30	1
15	31	1
15	32	1
15	33	1
15	34	1
15	35	1
15	36	1
15	37	1
15	38	1
15	39	1
15	40	1
15	41	1
15	42	1
15	43	1
15	44	1
15	45	1
16	24	1
16	25	1
16	26	1
16	27	1
16	28	1
16	29	1
16	30	1
16	31	1
16	32	1
16	33	1
16	34	1
16	35	1
16	36	1
16	37	1
16	38	1
16	39	1
16	40	1
16	41	1
16	42	1
16	43	1
16	44	1
16	45	1
16	46	1
17	25	1
17	26	1
17	27	1
17	28	1
17	29	1
17	30	1
17	31	1
17	32	1
17	33	1
17	34	1
17	35	1
17	36	1
17	37	1
17	38	1
17	39	1
17	40	1
17	41	1
17	42	1
17	43	1
17	44	1
17	45	1
18	25	1
18	26	1
18	27	1
18	28	1
18	29	1
18	30	1
18	31	1
18	32	1
18	33	1
18	34	1
18	35	1
18	36	1
18	37	1
18	38	1
18	39	1
18	40	1
18	41	1
18	42	1
18	43	1
18	44	1
18	45	1
19	25	1
19	26	1
19	27	1
19	28	1
19	29	1
19	30	1
19	31	1
19	32	1
19	33	1
19	34	1
19	35	1
19	36	1
19	37	1
19	38	1
19	39	1
19	40	1
19	41	1
19	42	1
19	43	1
19	44	1
19	45	1
20	25	1
20	26	1
20	27	1
20	28	1
20	29	1
20	30	1
20	31	1
20	32	1
20	33	1
20	34	1
20	35	1
20	36	1
20	37	1
20	38	1
20	39	1
20	40	1
20	41	1
20	42	1
20	43	1
20	44	1
20	45	1
21	26	1
21	27	1
21	28	1
21	29	1
21	30	1
21	31	1
21	32	1
21	33	1
21	34	1
21	35	1
21	36	1
21	37	1
21	38	1
21	39	1
21	40	1
21	41	1
21	42	1
21	43	1
21	44	1
22	26	1
22	27	1
22	28	1
22	29	1
22	30	1
22	31	1
22	32	1
22	33	1
22	34	1
22	35	1
22	36	1
22	37	1
22	38	1
22	39	1
22	40	1
22	41	1
22	42	1
22	43	1
22	44	1
23	27	1
23	28	1
23	29	1
23	30	1
23	31	1
23	32	1
23	33	1
23	34	1
23	35	1
23	36	1
23	37	1
23	38	1
23	39	1
23	40	1
23	41	1
23	42	1
23	43	1
24	28	1
24	29	1
24	30	1
24	31	1
24	32	1
24	33	1
24	34	1
24	35	1
24	36	1
24	37	1
24	38	1
24	39	1
24	40	1
24	41	1
24	42	1
25	29	1
25	30	1
25	31	1
25	32	1
25	33	1
25	34	1
25	35	1
25	36	1
25	37	1
25	38	1
25	39	1
25	40	1
25	41	1
26	31	1
26	32	1
26	33	1
26	34	1
26	35	1
26	36	1
26	37	1
26	38	1
26	39	1
27	35	1
0	38	1
0	39	1
0	40	1
0	41	1
0	42	1
0	43	1
0	44	1
0	45	1
0	46	1
1	36	1
1	37	1
1	38	1
1	39	1
1	40	1
1	41	1
1	42	1
1	43	1
1	44	1
1	45	1
1	46	1
1	47	1
1	48	1
2	35	1
2	36	1
2	37	1
2	38	1
2	39	1
2	40	1
2	41	1
2	42	1
2	43	1
2	44	1
2	45	1
2	46	1
2	47	1
2	48	1
2	49	1
3	34	1
3	35	1
3	36	1
3	37	1
3	38	1
3	39	1
3	40	1
3	41	1
3	42	1
3	43	1
3	44	1
3	45	1
3	46	1
3	47	1
3	48	1
3	49	1
3	50	1
4	33	1
4	34	1
4	35	1
4	36	1
4	37	1
4	38	1
4	39	1
4	40	1
4	41	1
4	42	1
4	43	1
4	44	1
4	45	1
4	46	1
4	47	1
4	48	1
4	49	1
4	50	1
4	51	1
5	33	1
5	34	1
5	35	1
5	36	1
5	37	1
5	38	1
5	39	1
5	40	1
5	41	1
5	42	1
5	43	1
5	44	1
5	45	1
5	46	1
5	47	1
5	48	1
5	49	1
5	50	1
5	51	1
6	32	1
6	33	1
6	34	1
6	35	1
6	36	1
6	37	1
6	38	1
6	39	1
6	40	1
6	41	1
6	42	1
6	43	1
6	44	1
6	45	1
6	46	1
6	47	1
6	48	1
6	49	1
6	50	1
6	51	1
6	52	1
7	32	1
7	33	1
7	34	1
7	35	1
7	36	1
7	37	1
7	38	1
7	39	1
7	40	1
7	41	1
7	42	1
7	43	1
7	44	1
7	45	1
7	46	1
7	47	1
7	48	1
7	49	1
7	50	1
7	51	1
7	52	1
8	32	1
8	33	1
8	34	1
8	35	1
8	36	1
8	37	1
8	38	1
8	39	1
8	40	1
8	41	1
8	42	1
8	43	1
8	44	1
8	45	1
8	46	1
8	47	1
8	48	1
8	49	1
8	50	1
8	51	1
8	52	1
9	32	1
9	33	1
9	34	1
9	35	1
9	36	1
9	37	1
9	38	1
9	39	1
9	40	1
9	41	1
9	42	1
9	43	1
9	44	1
9	45	1
9	46	1
9	47	1
9	48	1
9	49	1
9	50	1
9	51	1
9	52	1
10	31	1
10	32	1
10	33	1
10	34	1
10	35	1
10	36	1
10	37	1
10	38	1
10	39	1
10	40	1
10	41	1
10	42	1
10	43	1
10	44	1
10	45	1
10	46	1
10	47	1
10	48	1
10	49	1
10	50	1
10	51	1
10	52	1
10	53	1
11	32	1
11	33	1
11	34	1
11	35	1
11	36	1
11	37	1
11	38	1
11	39	1
11	40	1
11	41	1
11	42	1
11	43	1
11	44	1
11	45	1
11	46	1
11	47	1
11	48	1
11	49	1
11	50	1
11	51	1
11	52	1
12	32	1
12	33	1
12	34	1
12	35	1
12	36	1
12	37	1
12	38	1
12	39	1
12	40	1
12	41	1
12	42	1
12	43	1
12	44	1
12	45	1
12	46	1
12	47	1
12	48	1
12	49	1
12	50	1
12	51	1
12	52	1
13	32	1
13	33	1
13	34	1
13	35	1
13	36	1
13	37	1
13	38	1
13	39	1
13	40	1
13	41	1
13	42	1
13	43	1
13	44	1
13	45	1
13	46	1
13	47	1
13	48	1
13	49	1
13	50	1
13	51	1
13	52	1
14	32	1
14	33	1
14	34	1
14	35	1
14	36	1
14	37	1
14	38	1
14	39	1
14	40	1
14	41	1
14	42	1
14	43	1
14	44	1
14	45	1
14	46	1
14	47	1
14	48	1
14	49	1
14	50	1
14	51	1
14	52	1
15	33	1
15	34	1
15	35	1
15	36	1
15	37	1
15	38	1
15	39	1
15	40	1
15	41	1
15	42	1
15	43	1
15	44	1
15	45	1
15	46	1
15	47	1
15	48	1
15	49	1
15	50	1
15	51	1
16	33	1
16	34	1
16	35	1
16	36	1
16	37	1
16	38	1
16	39	1
16	40	1
16	41	1
16	42	1
16	43	1
16	44	1
16	45	1
16	46	1
16	47	1
16	48	1
16	49	1
16	50	1
16	51	1
17	34	1
17	35	1
17	36	1
17	37	1
17	38	1
17	39	1
17	40	1
17	41	1
17	42	1
17	43	1
17	44	1
17	45	1
17	46	1
17	47	1
17	48	1
17	49	1
17	50	1
18	35	1
18	36	1
18	37	1
18	38	1
18	39	1
18	40	1
18	41	1
18	42	1
18	43	1
18	44	1
18	45	1
18	46	1
18	47	1
18	48	1
18	49	1
19	36	1
19	37	1
19	38	1
19	39	1
19	40	1
19	41	1
19	42	1
19	43	1
19	44	1
19	45	1
19	46	1
19	47	1
19	48	1
20	38	1
20	39	1
20	40	1
20	41	1
20	42	1
20	43	1
20	44	1
20	45	1
20	46	1
21	42	1
16	39	1
17	35	1
17	36	1
17	37	1
17	38	1
17	39	1
17	40	1
17	41	1
17	42	1
17	43	1
18	33	1
18	34	1
18	35	1
18	36	1
18	37	1
18	38	1
18	39	1
18	40	1
18	41	1
18	42	1
18	43	1
18	44	1
18	45	1
19	32	1
19	33	1
19	34	1
19	35	1
19	36	1
19	37	1
19	38	1
19	39	1
19	40	1
19	41	1
19	42	1
19	43	1
19	44	1
19	45	1
19	46	1
20	31	1
20	32	1
20	33	1
20	34	1
20	35	1
20	36	1
20	37	1
20	38	1
20	39	1
20	40	1
20	41	1
20	42	1
20	43	1
20	44	1
20	45	1
20	46	1
20	47	1
21	30	1
21	31	1
21	32	1
21	33	1
21	34	1
21	35	1
21	36	1
21	37	1
21	38	1
21	39	1
21	40	1
21	41	1
21	42	1
21	43	1
21	44	1
21	45	1
21	46	1
21	47	1
21	48	1
22	30	1
22	31	1
22	32	1
22	33	1
22	34	1
22	35	1
22	36	1
22	37	1
22	38	1
22	39	1
22	40	1
22	41	1
22	42	1
22	43	1
22	44	1
22	45	1
22	46	1
22	47	1
22	48	1
23	29	1
23	30	1
23	31	1
23	32	1
23	33	1
23	34	1
23	35	1
23	36	1
23	37	1
23	38	1
23	39	1
23	40	1
23	41	1
23	42	1
23	43	1
23	44	1
23	45	1
23	46	1
23	47	1
23	48	1
23	49	1
24	29	1
24	30	1
24	31	1
24	32	1
24	33	1
24	34	1
24	35	1
24	36	1
24	37	1
24	38	1
24	39	1
24	40	1
24	41	1
24	42	1
24	43	1
24	44	1
24	45	1
24	46	1
24	47	1
24	48	1
24	49	1
25	29	1
25	30	1
25	31	1
25	32	1
25	33	1
25	34	1
25	35	1
25	36	1
25	37	1
25	38	1
25	39	1
25	40	1
25	41	1
25	42	1
25	43	1
25	44	1
25	45	1
25	46	1
25	47	1
25	48	1
25	49	1
26	29	1
26	30	1
26	31	1
26	32	1
26	33	1
26	34	1
26	35	1
26	36	1
26	37	1
26	38	1
26	39	1
26	40	1
26	41	1
26	42	1
26	43	1
26	44	1
26	45	1
26	46	1
26	47	1
26	48	1
26	49	1
27	28	1
27	29	1
27	30	1
27	31	1
27	32	1
27	33	1
27	34	1
27	35	1
27	36	1
27	37	1
27	38	1
27	39	1
27	40	1
27	41	1
27	42	1
27	43	1
27	44	1
27	45	1
27	46	1
27	47	1
27	48	1
27	49	1
27	50	1
28	29	1
28	30	1
28	31	1
28	32	1
28	33	1
28	34	1
28	35	1
28	36	1
28	37	1
28	38	1
28	39	1
28	40	1
28	41	1
28	42	1
28	43	1
28	44	1
28	45	1
28	46	1
28	47	1
28	48	1
28	49	1
29	29	1
29	30	1
29	31	1
29	32	1
29	33	1
29	34	1
29	35	1
29	36	1
29	37	1
29	38	1
29	39	1
29	40	1
29	41	1
29	42	1
29	43	1
29	44	1
29	45	1
29	46	1
29	47	1
29	48	1
29	49	1
30	29	1
30	30	1
30	31	1
30	32	1
30	33	1
30	34	1
30	35	1
30	36	1
30	37	1
30	38	1
30	39	1
30	40	1
30	41	1
30	42	1
30	43	1
30	44	1
30	45	1
30	46	1
30	47	1
30	48	1
30	49	1
31	29	1
31	30	1
31	31	1
31	32	1
31	33	1
31	34	1
31	35	1
31	36	1
31	37	1
31	38	1
31	39	1
31	40	1
31	41	1
31	42	1
31	43	1
31	44	1
31	45	1
31	46	1
31	47	1
31	48	1
31	49	1
32	30	1
32	31	1
32	32	1
32	33	1
32	34	1
32	35	1
32	36	1
32	37	1
32	38	1
32	39	1
32	40	1
32	41	1
32	42	1
32	43	1
32	44	1
32	45	1
32	46	1
32	47	1
32	48	1
33	30	1
33	31	1
33	32	1
33	33	1
33	34	1
33	35	1
33	36	1
33	37	1
33	38	1
33	39	1
33	40	1
33	41	1
33	42	1
33	43	1
33	44	1
33	45	1
33	46	1
33	47	1
33	48	1
34	31	1
34	32	1
34	33	1
34	34	1
34	35	1
34	36	1
34	37	1
34	38	1
34	39	1
34	40	1
34	41	1
34	42	1
34	43	1
34	44	1
34	45	1
34	46	1
34	47	1
35	32	1
35	33	1
35	34	1
35	35	1
35	36	1
35	37	1
35	38	1
35	39	1
35	40	1
35	41	1
35	42	1
35	43	1
35	44	1
35	45	1
35	46	1
36	33	1
36	34	1
36	35	1
36	36	1
36	37	1
36	38	1
36	39	1
36	40	1
36	41	1
36	42	1
36	43	1
36	44	1
36	45	1
37	35	1
37	36	1
37	37	1
37	38	1
37	39	1
37	40	1
37	41	1
37	42	1
37	43	1
38	39	1
6	57	1
7	53	1
7	54	1
7	55	1
7	56	1
7	57	1
7	58	1
7	59	1
7	60	1
7	61	1
8	51	1
8	52	1
8	53	1
8	54	1
8	55	1
8	56	1
8	57	1
8	58	1
8	59	1
8	60	1
8	61	1
8	62	1
8	63	1
9	50	1
9	51	1
9	52	1
9	53	1
9	54	1
9	55	1
9	56	1
9	57	1
9	58	1
9	59	1
9	60	1
9	61	1
9	62	1
9	63	1
9	64	1
10	49	1
10	50	1
10	51	1
10	52	1
10	53	1
10	54	1
10	55	1
10	56	1
10	57	1
10	58	1
10	59	1
10	60	1
10	61	1
10	62	1
10	63	1
10	64	1
10	65	1
11	48	1
11	49	1
11	50	1
11	51	1
11	52	1
11	53	1
11	54	1
11	55	1
11	56	1
11	57	1
11	58	1
11	59	1
11	60	1
11	61	1
11	62	1
11	63	1
11	64	1
11	65	1
11	66	1
12	48	1
12	49	1
12	50	1
12	51	1
12	52	1
12	53	1
12	54	1
12	55	1
12	56	1
12	57	1
12	58	1
12	59	1
12	60	1
12	61	1
12	62	1
12	63	1
12	64	1
12	65	1
12	66	1
13	47	1
13	48	1
13	49	1
13	50	1
13	51	1
13	52	1
13	53	1
13	54	1
13	55	1
13	56	1
13	57	1
13	58	1
13	59	1
13	60	1
13	61	1
13	62	1
13	63	1
13	64	1
13	65	1
13	66	1
13	67	1
14	47	1
14	48	1
14	49	1
14	50	1
14	51	1
14	52	1
14	53	1
14	54	1
14	55	1
14	56	1
14	57	1
14	58	1
14	59	1
14	60	1
14	61	1
14	62	1
14	63	1
14	64	1
14	65	1
14	66	1
14	67	1
15	47	1
15	48	1
15	49	1
15	50	1
15	51	1
15	52	1
15	53	1
15	54	1
15	55	1
15	56	1
15	57	1
15	58	1
15	59	1
15	60	1
15	61	1
15	62	1
15	63	1
15	64	1
15	65	1
15	66	1
15	67	1
16	47	1
16	48	1
16	49	1
16	50	1
16	51	1
16	52	1
16	53	1
16	54	1
16	55	1
16	56	1
16	57	1
16	58	1
16	59	1
16	60	1
16	61	1
16	62	1
16	63	1
16	64	1
16	65	1
16	66	1
16	67	1
17	46	1
17	47	1
17	48	1
17	49	1
17	50	1
17	51	1
17	52	1
17	53	1
17	54	1
17	55	1
17	56	1
17	57	1
17	58	1
17	59	1
17	60	1
17	61	1
17	62	1
17	63	1
17	64	1
17	65	1
17	66	1
17	67	1
17	68	1
18	47	1
18	48	1
18	49	1
18	50	1
18	51	1
18	52	1
18	53	1
18	54	1
18	55	1
18	56	1
18	57	1
18	58	1
18	59	1
18	60	1
18	61	1
18	62	1
18	63	1
18	64	1
18	65	1
18	66	1
18	67	1
19	47	1
19	48	1
19	49	1
19	50	1
19	51	1
19	52	1
19	53	1
19	54	1
19	55	1
19	56	1
19	57	1
19	58	1
19	59	1
19	60	1
19	61	1
19	62	1
19	63	1
19	64	1
19	65	1
19	66	1
19	67	1
20	47	1
20	48	1
20	49	1
20	50	1
20	51	1
20	52	1
20	53	1
20	54	1
20	55	1
20	56	1
20	57	1
20	58	1
20	59	1
20	60	1
20	61	1
20	62	1
20	63	1
20	64	1
20	65	1
20	66	1
20	67	1
21	47	1
21	48	1
21	49	1
21	50	1
21	51	1
21	52	1
21	53	1
21	54	1
21	55	1
21	56	1
21	57	1
21	58	1
21	59	1
21	60	1
21	61	1
21	62	1
21	63	1
21	64	1
21	65	1
21	66	1
21	67	1
22	48	1
22	49	1
22	50	1
22	51	1
22	52	1
22	53	1
22	54	1
22	55	1
22	56	1
22	57	1
22	58	1
22	59	1
22	60	1
22	61	1
22	62	1
22	63	1
22	64	1
22	65	1
22	66	1
23	48	1
23	49	1
23	50	1
23	51	1
23	52	1
23	53	1
23	54	1
23	55	1
23	56	1
23	57	1
23	58	1
23	59	1
23	60	1
23	61	1
23	62	1
23	63	1
23	64	1
23	65	1
23	66	1
24	49	1
24	50	1
24	51	1
24	52	1
24	53	1
24	54	1
24	55	1
24	56	1
24	57	1
24	58	1
24	59	1
24	60	1
24	61	1
24	62	1
24	63	1
24	64	1
24	65	1
25	50	1
25	51	1
25	52	1
25	53	1
25	54	1
25	55	1
25	56	1
25	57	1
25	58	1
25	59	1
25	60	1
25	61	1
25	62	1
25	63	1
25	64	1
26	51	1
26	52	1
26	53	1
26	54	1
26	55	1
26	56	1
26	57	1
26	58	1
26	59	1
26	60	1
26	61	1
26	62	1
26	63	1
27	53	1
27	54	1
27	55	1
27	56	1
27	57	1
27	58	1
27	59	1
27	60	1
27	61	1
28	57	1
6	57	1
7	53	1
7	54	1
7	55	1
7	56	1
7	57	1
7	58	1
7	59	1
7	60	1
7	61	1
8	51	1
8	52	1
8	53	1
8	54	1
8	55	1
8	56	1
8	57	1
8	58	1
8	59	1
8	60	1
8	61	1
8	62	1
8	63	1
9	50	1
9	51	1
9	52	1
9	53	1
9	54	1
9	55	1
9	56	1
9	57	1
9	58	1
9	59	1
9	60	1
9	61	1
9	62	1
9	63	1
9	64	1
10	49	1
10	50	1
10	51	1
10	52	1
10	53	1
10	54	1
10	55	1
10	56	1
10	57	1
10	58	1
10	59	1
10	60	1
10	61	1
10	62	1
10	63	1
10	64	1
10	65	1
11	48	1
11	49	1
11	50	1
11	51	1
11	52	1
11	53	1
11	54	1
11	55	1
11	56	1
11	57	1
11	58	1
11	59	1
11	60	1
11	61	1
11	62	1
11	63	1
11	64	1
11	65	1
11	66	1
12	48	1
12	49	1
12	50	1
12	51	1
12	52	1
12	53	1
12	54	1
12	55	1
12	56	1
12	57	1
12	58	1
12	59	1
12	60	1
12	61	1
12	62	1
12	63	1
12	64	1
12	65	1
12	66	1
13	47	1
13	48	1
13	49	1
13	50	1
13	51	1
13	52	1
13	53	1
13	54	1
13	55	1
13	56	1
13	57	1
13	58	1
13	59	1
13	60	1
13	61	1
13	62	1
13	63	1
13	64	1
13	65	1
13	66	1
13	67	1
14	47	1
14	48	1
14	49	1
14	50	1
14	51	1
14	52	1
14	53	1
14	54	1
14	55	1
14	56	1
14	57	1
14	58	1
14	59	1
14	60	1
14	61	1
14	62	1
14	63	1
14	64	1
14	65	1
14	66	1
14	67	1
15	47	1
15	48	1
15	49	1
15	50	1
15	51	1
15	52	1
15	53	1
15	54	1
15	55	1
15	56	1
15	57	1
15	58	1
15	59	1
15	60	1
15	61	1
15	62	1
15	63	1
15	64	1
15	65	1
15	66	1
15	67	1
16	47	1
16	48	1
16	49	1
16	50	1
16	51	1
16	52	1
16	53	1
16	54	1
16	55	1
16	56	1
16	57	1
16	58	1
16	59	1
16	60	1
16	61	1
16	62	1
16	63	1
16	64	1
16	65	1
16	66	1
16	67	1
17	46	1
17	47	1
17	48	1
17	49	1
17	50	1
17	51	1
17	52	1
17	53	1
17	54	1
17	55	1
17	56	1
17	57	1
17	58	1
17	59	1
17	60	1
17	61	1
17	62	1
17	63	1
17	64	1
17	65	1
17	66	1
17	67	1
17	68	1
18	47	1
18	48	1
18	49	1
18	50	1
18	51	1
18	52	1
18	53	1
18	54	1
18	55	1
18	56	1
18	57	1
18	58	1
18	59	1
18	60	1
18	61	1
18	62	1
18	63	1
18	64	1
18	65	1
18	66	1
18	67	1
19	47	1
19	48	1
19	49	1
19	50	1
19	51	1
19	52	1
19	53	1
19	54	1
19	55	1
19	56	1
19	57	1
19	58	1
19	59	1
19	60	1
19	61	1
19	62	1
19	63	1
19	64	1
19	65	1
19	66	1
19	67	1
20	47	1
20	48	1
20	49	1
20	50	1
20	51	1
20	52	1
20	53	1
20	54	1
20	55	1
20	56	1
20	57	1
20	58	1
20	59	1
20	60	1
20	61	1
20	62	1
20	63	1
20	64	1
20	65	1
20	66	1
20	67	1
21	47	1
21	48	1
21	49	1
21	50	1
21	51	1
21	52	1
21	53	1
21	54	1
21	55	1
21	56	1
21	57	1
21	58	1
21	59	1
21	60	1
21	61	1
21	62	1
21	63	1
21	64	1
21	65	1
21	66	1
21	67	1
22	48	1
22	49	1
22	50	1
22	51	1
22	52	1
22	53	1
22	54	1
22	55	1
22	56	1
22	57	1
22	58	1
22	59	1
22	60	1
22	61	1
22	62	1
22	63	1
22	64	1
22	65	1
22	66	1
23	48	1
23	49	1
23	50	1
23	51	1
23	52	1
23	53	1
23	54	1
23	55	1
23	56	1
23	57	1
23	58	1
23	59	1
23	60	1
23	61	1
23	62	1
23	63	1
23	64	1
23	65	1
23	66	1
24	49	1
24	50	1
24	51	1
24	52	1
24	53	1
24	54	1
24	55	1
24	56	1
24	57	1
24	58	1
24	59	1
24	60	1
24	61	1
24	62	1
24	63	1
24	64	1
24	65	1
25	50	1
25	51	1
25	52	1
25	53	1
25	54	1
25	55	1
25	56	1
25	57	1
25	58	1
25	59	1
25	60	1
25	61	1
25	62	1
25	63	1
25	64	1
26	51	1
26	52	1
26	53	1
26	54	1
26	55	1
26	56	1
26	57	1
26	58	1
26	59	1
26	60	1
26	61	1
26	62	1
26	63	1
27	53	1
27	54	1
27	55	1
27	56	1
27	57	1
27	58	1
27	59	1
27	60	1
27	61	1
28	57	1
