pix_x	pix_y	Flag
69	6	1
70	0	1
70	1	1
70	2	1
70	3	1
70	4	1
70	5	1
70	6	1
70	7	1
70	8	1
70	9	1
70	10	1
70	11	1
70	12	1
70	13	1
70	14	1
70	15	1
70	16	1
70	17	1
70	18	1
71	0	1
71	1	1
71	2	1
71	3	1
71	4	1
71	5	1
71	6	1
71	7	1
71	8	1
71	9	1
71	10	1
71	11	1
71	12	1
71	13	1
71	14	1
71	15	1
71	16	1
71	17	1
71	18	1
71	19	1
71	20	1
71	21	1
71	22	1
71	23	1
72	0	1
72	1	1
72	2	1
72	3	1
72	4	1
72	5	1
72	6	1
72	7	1
72	8	1
72	9	1
72	10	1
72	11	1
72	12	1
72	13	1
72	14	1
72	15	1
72	16	1
72	17	1
72	18	1
72	19	1
72	20	1
72	21	1
72	22	1
72	23	1
72	24	1
72	25	1
72	26	1
72	27	1
73	0	1
73	1	1
73	2	1
73	3	1
73	4	1
73	5	1
73	6	1
73	7	1
73	8	1
73	9	1
73	10	1
73	11	1
73	12	1
73	13	1
73	14	1
73	15	1
73	16	1
73	17	1
73	18	1
73	19	1
73	20	1
73	21	1
73	22	1
73	23	1
73	24	1
73	25	1
73	26	1
73	27	1
73	28	1
73	29	1
73	30	1
74	0	1
74	1	1
74	2	1
74	3	1
74	4	1
74	5	1
74	6	1
74	7	1
74	8	1
74	9	1
74	10	1
74	11	1
74	12	1
74	13	1
74	14	1
74	15	1
74	16	1
74	17	1
74	18	1
74	19	1
74	20	1
74	21	1
74	22	1
74	23	1
74	24	1
74	25	1
74	26	1
74	27	1
74	28	1
74	29	1
74	30	1
74	31	1
74	32	1
75	0	1
75	1	1
75	2	1
75	3	1
75	4	1
75	5	1
75	6	1
75	7	1
75	8	1
75	9	1
75	10	1
75	11	1
75	12	1
75	13	1
75	14	1
75	15	1
75	16	1
75	17	1
75	18	1
75	19	1
75	20	1
75	21	1
75	22	1
75	23	1
75	24	1
75	25	1
75	26	1
75	27	1
75	28	1
75	29	1
75	30	1
75	31	1
75	32	1
75	33	1
75	34	1
75	35	1
76	0	1
76	1	1
76	2	1
76	3	1
76	4	1
76	5	1
76	6	1
76	7	1
76	8	1
76	9	1
76	10	1
76	11	1
76	12	1
76	13	1
76	14	1
76	15	1
76	16	1
76	17	1
76	18	1
76	19	1
76	20	1
76	21	1
76	22	1
76	23	1
76	24	1
76	25	1
76	26	1
76	27	1
76	28	1
76	29	1
76	30	1
76	31	1
76	32	1
76	33	1
76	34	1
76	35	1
76	36	1
76	37	1
77	0	1
77	1	1
77	2	1
77	3	1
77	4	1
77	5	1
77	6	1
77	7	1
77	8	1
77	9	1
77	10	1
77	11	1
77	12	1
77	13	1
77	14	1
77	15	1
77	16	1
77	17	1
77	18	1
77	19	1
77	20	1
77	21	1
77	22	1
77	23	1
77	24	1
77	25	1
77	26	1
77	27	1
77	28	1
77	29	1
77	30	1
77	31	1
77	32	1
77	33	1
77	34	1
77	35	1
77	36	1
77	37	1
77	38	1
77	39	1
78	0	1
78	1	1
78	2	1
78	3	1
78	4	1
78	5	1
78	6	1
78	7	1
78	8	1
78	9	1
78	10	1
78	11	1
78	12	1
78	13	1
78	14	1
78	15	1
78	16	1
78	17	1
78	18	1
78	19	1
78	20	1
78	21	1
78	22	1
78	23	1
78	24	1
78	25	1
78	26	1
78	27	1
78	28	1
78	29	1
78	30	1
78	31	1
78	32	1
78	33	1
78	34	1
78	35	1
78	36	1
78	37	1
78	38	1
78	39	1
78	40	1
78	41	1
79	0	1
79	1	1
79	2	1
79	3	1
79	4	1
79	5	1
79	6	1
79	7	1
79	8	1
79	9	1
79	10	1
79	11	1
79	12	1
79	13	1
79	14	1
79	15	1
79	16	1
79	17	1
79	18	1
79	19	1
79	20	1
79	21	1
79	22	1
79	23	1
79	24	1
79	25	1
79	26	1
79	27	1
79	28	1
79	29	1
79	30	1
79	31	1
79	32	1
79	33	1
79	34	1
79	35	1
79	36	1
79	37	1
79	38	1
79	39	1
79	40	1
79	41	1
79	42	1
79	43	1
80	0	1
80	1	1
80	2	1
80	3	1
80	4	1
80	5	1
80	6	1
80	7	1
80	8	1
80	9	1
80	10	1
80	11	1
80	12	1
80	13	1
80	14	1
80	15	1
80	16	1
80	17	1
80	18	1
80	19	1
80	20	1
80	21	1
80	22	1
80	23	1
80	24	1
80	25	1
80	26	1
80	27	1
80	28	1
80	29	1
80	30	1
80	31	1
80	32	1
80	33	1
80	34	1
80	35	1
80	36	1
80	37	1
80	38	1
80	39	1
80	40	1
80	41	1
80	42	1
80	43	1
80	44	1
80	45	1
81	0	1
81	1	1
81	2	1
81	3	1
81	4	1
81	5	1
81	6	1
81	7	1
81	8	1
81	9	1
81	10	1
81	11	1
81	12	1
81	13	1
81	14	1
81	15	1
81	16	1
81	17	1
81	18	1
81	19	1
81	20	1
81	21	1
81	22	1
81	23	1
81	24	1
81	25	1
81	26	1
81	27	1
81	28	1
81	29	1
81	30	1
81	31	1
81	32	1
81	33	1
81	34	1
81	35	1
81	36	1
81	37	1
81	38	1
81	39	1
81	40	1
81	41	1
81	42	1
81	43	1
81	44	1
81	45	1
81	46	1
82	0	1
82	1	1
82	2	1
82	3	1
82	4	1
82	5	1
82	6	1
82	7	1
82	8	1
82	9	1
82	10	1
82	11	1
82	12	1
82	13	1
82	14	1
82	15	1
82	16	1
82	17	1
82	18	1
82	19	1
82	20	1
82	21	1
82	22	1
82	23	1
82	24	1
82	25	1
82	26	1
82	27	1
82	28	1
82	29	1
82	30	1
82	31	1
82	32	1
82	33	1
82	34	1
82	35	1
82	36	1
82	37	1
82	38	1
82	39	1
82	40	1
82	41	1
82	42	1
82	43	1
82	44	1
82	45	1
82	46	1
82	47	1
82	48	1
83	0	1
83	1	1
83	2	1
83	3	1
83	4	1
83	5	1
83	6	1
83	7	1
83	8	1
83	9	1
83	10	1
83	11	1
83	12	1
83	13	1
83	14	1
83	15	1
83	16	1
83	17	1
83	18	1
83	19	1
83	20	1
83	21	1
83	22	1
83	23	1
83	24	1
83	25	1
83	26	1
83	27	1
83	28	1
83	29	1
83	30	1
83	31	1
83	32	1
83	33	1
83	34	1
83	35	1
83	36	1
83	37	1
83	38	1
83	39	1
83	40	1
83	41	1
83	42	1
83	43	1
83	44	1
83	45	1
83	46	1
83	47	1
83	48	1
83	49	1
84	0	1
84	1	1
84	2	1
84	3	1
84	4	1
84	5	1
84	6	1
84	7	1
84	8	1
84	9	1
84	10	1
84	11	1
84	12	1
84	13	1
84	14	1
84	15	1
84	16	1
84	17	1
84	18	1
84	19	1
84	20	1
84	21	1
84	22	1
84	23	1
84	24	1
84	25	1
84	26	1
84	27	1
84	28	1
84	29	1
84	30	1
84	31	1
84	32	1
84	33	1
84	34	1
84	35	1
84	36	1
84	37	1
84	38	1
84	39	1
84	40	1
84	41	1
84	42	1
84	43	1
84	44	1
84	45	1
84	46	1
84	47	1
84	48	1
84	49	1
84	50	1
84	51	1
85	0	1
85	1	1
85	2	1
85	3	1
85	4	1
85	5	1
85	6	1
85	7	1
85	8	1
85	9	1
85	10	1
85	11	1
85	12	1
85	13	1
85	14	1
85	15	1
85	16	1
85	17	1
85	18	1
85	19	1
85	20	1
85	21	1
85	22	1
85	23	1
85	24	1
85	25	1
85	26	1
85	27	1
85	28	1
85	29	1
85	30	1
85	31	1
85	32	1
85	33	1
85	34	1
85	35	1
85	36	1
85	37	1
85	38	1
85	39	1
85	40	1
85	41	1
85	42	1
85	43	1
85	44	1
85	45	1
85	46	1
85	47	1
85	48	1
85	49	1
85	50	1
85	51	1
85	52	1
86	0	1
86	1	1
86	2	1
86	3	1
86	4	1
86	5	1
86	6	1
86	7	1
86	8	1
86	9	1
86	10	1
86	11	1
86	12	1
86	13	1
86	14	1
86	15	1
86	16	1
86	17	1
86	18	1
86	19	1
86	20	1
86	21	1
86	22	1
86	23	1
86	24	1
86	25	1
86	26	1
86	27	1
86	28	1
86	29	1
86	30	1
86	31	1
86	32	1
86	33	1
86	34	1
86	35	1
86	36	1
86	37	1
86	38	1
86	39	1
86	40	1
86	41	1
86	42	1
86	43	1
86	44	1
86	45	1
86	46	1
86	47	1
86	48	1
86	49	1
86	50	1
86	51	1
86	52	1
86	53	1
87	0	1
87	1	1
87	2	1
87	3	1
87	4	1
87	5	1
87	6	1
87	7	1
87	8	1
87	9	1
87	10	1
87	11	1
87	12	1
87	13	1
87	14	1
87	15	1
87	16	1
87	17	1
87	18	1
87	19	1
87	20	1
87	21	1
87	22	1
87	23	1
87	24	1
87	25	1
87	26	1
87	27	1
87	28	1
87	29	1
87	30	1
87	31	1
87	32	1
87	33	1
87	34	1
87	35	1
87	36	1
87	37	1
87	38	1
87	39	1
87	40	1
87	41	1
87	42	1
87	43	1
87	44	1
87	45	1
87	46	1
87	47	1
87	48	1
87	49	1
87	50	1
87	51	1
87	52	1
87	53	1
87	54	1
88	0	1
88	1	1
88	2	1
88	3	1
88	4	1
88	5	1
88	6	1
88	7	1
88	8	1
88	9	1
88	10	1
88	11	1
88	12	1
88	13	1
88	14	1
88	15	1
88	16	1
88	17	1
88	18	1
88	19	1
88	20	1
88	21	1
88	22	1
88	23	1
88	24	1
88	25	1
88	26	1
88	27	1
88	28	1
88	29	1
88	30	1
88	31	1
88	32	1
88	33	1
88	34	1
88	35	1
88	36	1
88	37	1
88	38	1
88	39	1
88	40	1
88	41	1
88	42	1
88	43	1
88	44	1
88	45	1
88	46	1
88	47	1
88	48	1
88	49	1
88	50	1
88	51	1
88	52	1
88	53	1
88	54	1
88	55	1
89	0	1
89	1	1
89	2	1
89	3	1
89	4	1
89	5	1
89	6	1
89	7	1
89	8	1
89	9	1
89	10	1
89	11	1
89	12	1
89	13	1
89	14	1
89	15	1
89	16	1
89	17	1
89	18	1
89	19	1
89	20	1
89	21	1
89	22	1
89	23	1
89	24	1
89	25	1
89	26	1
89	27	1
89	28	1
89	29	1
89	30	1
89	31	1
89	32	1
89	33	1
89	34	1
89	35	1
89	36	1
89	37	1
89	38	1
89	39	1
89	40	1
89	41	1
89	42	1
89	43	1
89	44	1
89	45	1
89	46	1
89	47	1
89	48	1
89	49	1
89	50	1
89	51	1
89	52	1
89	53	1
89	54	1
89	55	1
89	56	1
90	0	1
90	1	1
90	2	1
90	3	1
90	4	1
90	5	1
90	6	1
90	7	1
90	8	1
90	9	1
90	10	1
90	11	1
90	12	1
90	13	1
90	14	1
90	15	1
90	16	1
90	17	1
90	18	1
90	19	1
90	20	1
90	21	1
90	22	1
90	23	1
90	24	1
90	25	1
90	26	1
90	27	1
90	28	1
90	29	1
90	30	1
90	31	1
90	32	1
90	33	1
90	34	1
90	35	1
90	36	1
90	37	1
90	38	1
90	39	1
90	40	1
90	41	1
90	42	1
90	43	1
90	44	1
90	45	1
90	46	1
90	47	1
90	48	1
90	49	1
90	50	1
90	51	1
90	52	1
90	53	1
90	54	1
90	55	1
90	56	1
90	57	1
90	58	1
91	0	1
91	1	1
91	2	1
91	3	1
91	4	1
91	5	1
91	6	1
91	7	1
91	8	1
91	9	1
91	10	1
91	11	1
91	12	1
91	13	1
91	14	1
91	15	1
91	16	1
91	17	1
91	18	1
91	19	1
91	20	1
91	21	1
91	22	1
91	23	1
91	24	1
91	25	1
91	26	1
91	27	1
91	28	1
91	29	1
91	30	1
91	31	1
91	32	1
91	33	1
91	34	1
91	35	1
91	36	1
91	37	1
91	38	1
91	39	1
91	40	1
91	41	1
91	42	1
91	43	1
91	44	1
91	45	1
91	46	1
91	47	1
91	48	1
91	49	1
91	50	1
91	51	1
91	52	1
91	53	1
91	54	1
91	55	1
91	56	1
91	57	1
91	58	1
91	59	1
92	0	1
92	1	1
92	2	1
92	3	1
92	4	1
92	5	1
92	6	1
92	7	1
92	8	1
92	9	1
92	10	1
92	11	1
92	12	1
92	13	1
92	14	1
92	15	1
92	16	1
92	17	1
92	18	1
92	19	1
92	20	1
92	21	1
92	22	1
92	23	1
92	24	1
92	25	1
92	26	1
92	27	1
92	28	1
92	29	1
92	30	1
92	31	1
92	32	1
92	33	1
92	34	1
92	35	1
92	36	1
92	37	1
92	38	1
92	39	1
92	40	1
92	41	1
92	42	1
92	43	1
92	44	1
92	45	1
92	46	1
92	47	1
92	48	1
92	49	1
92	50	1
92	51	1
92	52	1
92	53	1
92	54	1
92	55	1
92	56	1
92	57	1
92	58	1
92	59	1
92	60	1
93	0	1
93	1	1
93	2	1
93	3	1
93	4	1
93	5	1
93	6	1
93	7	1
93	8	1
93	9	1
93	10	1
93	11	1
93	12	1
93	13	1
93	14	1
93	15	1
93	16	1
93	17	1
93	18	1
93	19	1
93	20	1
93	21	1
93	22	1
93	23	1
93	24	1
93	25	1
93	26	1
93	27	1
93	28	1
93	29	1
93	30	1
93	31	1
93	32	1
93	33	1
93	34	1
93	35	1
93	36	1
93	37	1
93	38	1
93	39	1
93	40	1
93	41	1
93	42	1
93	43	1
93	44	1
93	45	1
93	46	1
93	47	1
93	48	1
93	49	1
93	50	1
93	51	1
93	52	1
93	53	1
93	54	1
93	55	1
93	56	1
93	57	1
93	58	1
93	59	1
93	60	1
94	0	1
94	1	1
94	2	1
94	3	1
94	4	1
94	5	1
94	6	1
94	7	1
94	8	1
94	9	1
94	10	1
94	11	1
94	12	1
94	13	1
94	14	1
94	15	1
94	16	1
94	17	1
94	18	1
94	19	1
94	20	1
94	21	1
94	22	1
94	23	1
94	24	1
94	25	1
94	26	1
94	27	1
94	28	1
94	29	1
94	30	1
94	31	1
94	32	1
94	33	1
94	34	1
94	35	1
94	36	1
94	37	1
94	38	1
94	39	1
94	40	1
94	41	1
94	42	1
94	43	1
94	44	1
94	45	1
94	46	1
94	47	1
94	48	1
94	49	1
94	50	1
94	51	1
94	52	1
94	53	1
94	54	1
94	55	1
94	56	1
94	57	1
94	58	1
94	59	1
94	60	1
94	61	1
95	0	1
95	1	1
95	2	1
95	3	1
95	4	1
95	5	1
95	6	1
95	7	1
95	8	1
95	9	1
95	10	1
95	11	1
95	12	1
95	13	1
95	14	1
95	15	1
95	16	1
95	17	1
95	18	1
95	19	1
95	20	1
95	21	1
95	22	1
95	23	1
95	24	1
95	25	1
95	26	1
95	27	1
95	28	1
95	29	1
95	30	1
95	31	1
95	32	1
95	33	1
95	34	1
95	35	1
95	36	1
95	37	1
95	38	1
95	39	1
95	40	1
95	41	1
95	42	1
95	43	1
95	44	1
95	45	1
95	46	1
95	47	1
95	48	1
95	49	1
95	50	1
95	51	1
95	52	1
95	53	1
95	54	1
95	55	1
95	56	1
95	57	1
95	58	1
95	59	1
95	60	1
95	61	1
95	62	1
96	0	1
96	1	1
96	2	1
96	3	1
96	4	1
96	5	1
96	6	1
96	7	1
96	8	1
96	9	1
96	10	1
96	11	1
96	12	1
96	13	1
96	14	1
96	15	1
96	16	1
96	17	1
96	18	1
96	19	1
96	20	1
96	21	1
96	22	1
96	23	1
96	24	1
96	25	1
96	26	1
96	27	1
96	28	1
96	29	1
96	30	1
96	31	1
96	32	1
96	33	1
96	34	1
96	35	1
96	36	1
96	37	1
96	38	1
96	39	1
96	40	1
96	41	1
96	42	1
96	43	1
96	44	1
96	45	1
96	46	1
96	47	1
96	48	1
96	49	1
96	50	1
96	51	1
96	52	1
96	53	1
96	54	1
96	55	1
96	56	1
96	57	1
96	58	1
96	59	1
96	60	1
96	61	1
96	62	1
96	63	1
97	0	1
97	1	1
97	2	1
97	3	1
97	4	1
97	5	1
97	6	1
97	7	1
97	8	1
97	9	1
97	10	1
97	11	1
97	12	1
97	13	1
97	14	1
97	15	1
97	16	1
97	17	1
97	18	1
97	19	1
97	20	1
97	21	1
97	22	1
97	23	1
97	24	1
97	25	1
97	26	1
97	27	1
97	28	1
97	29	1
97	30	1
97	31	1
97	32	1
97	33	1
97	34	1
97	35	1
97	36	1
97	37	1
97	38	1
97	39	1
97	40	1
97	41	1
97	42	1
97	43	1
97	44	1
97	45	1
97	46	1
97	47	1
97	48	1
97	49	1
97	50	1
97	51	1
97	52	1
97	53	1
97	54	1
97	55	1
97	56	1
97	57	1
97	58	1
97	59	1
97	60	1
97	61	1
97	62	1
97	63	1
97	64	1
98	0	1
98	1	1
98	2	1
98	3	1
98	4	1
98	5	1
98	6	1
98	7	1
98	8	1
98	9	1
98	10	1
98	11	1
98	12	1
98	13	1
98	14	1
98	15	1
98	16	1
98	17	1
98	18	1
98	19	1
98	20	1
98	21	1
98	22	1
98	23	1
98	24	1
98	25	1
98	26	1
98	27	1
98	28	1
98	29	1
98	30	1
98	31	1
98	32	1
98	33	1
98	34	1
98	35	1
98	36	1
98	37	1
98	38	1
98	39	1
98	40	1
98	41	1
98	42	1
98	43	1
98	44	1
98	45	1
98	46	1
98	47	1
98	48	1
98	49	1
98	50	1
98	51	1
98	52	1
98	53	1
98	54	1
98	55	1
98	56	1
98	57	1
98	58	1
98	59	1
98	60	1
98	61	1
98	62	1
98	63	1
98	64	1
98	65	1
99	0	1
99	1	1
99	2	1
99	3	1
99	4	1
99	5	1
99	6	1
99	7	1
99	8	1
99	9	1
99	10	1
99	11	1
99	12	1
99	13	1
99	14	1
99	15	1
99	16	1
99	17	1
99	18	1
99	19	1
99	20	1
99	21	1
99	22	1
99	23	1
99	24	1
99	25	1
99	26	1
99	27	1
99	28	1
99	29	1
99	30	1
99	31	1
99	32	1
99	33	1
99	34	1
99	35	1
99	36	1
99	37	1
99	38	1
99	39	1
99	40	1
99	41	1
99	42	1
99	43	1
99	44	1
99	45	1
99	46	1
99	47	1
99	48	1
99	49	1
99	50	1
99	51	1
99	52	1
99	53	1
99	54	1
99	55	1
99	56	1
99	57	1
99	58	1
99	59	1
99	60	1
99	61	1
99	62	1
99	63	1
99	64	1
99	65	1
99	66	1
100	0	1
100	1	1
100	2	1
100	3	1
100	4	1
100	5	1
100	6	1
100	7	1
100	8	1
100	9	1
100	10	1
100	11	1
100	12	1
100	13	1
100	14	1
100	15	1
100	16	1
100	17	1
100	18	1
100	19	1
100	20	1
100	21	1
100	22	1
100	23	1
100	24	1
100	25	1
100	26	1
100	27	1
100	28	1
100	29	1
100	30	1
100	31	1
100	32	1
100	33	1
100	34	1
100	35	1
100	36	1
100	37	1
100	38	1
100	39	1
100	40	1
100	41	1
100	42	1
100	43	1
100	44	1
100	45	1
100	46	1
100	47	1
100	48	1
100	49	1
100	50	1
100	51	1
100	52	1
100	53	1
100	54	1
100	55	1
100	56	1
100	57	1
100	58	1
100	59	1
100	60	1
100	61	1
100	62	1
100	63	1
100	64	1
100	65	1
100	66	1
101	0	1
101	1	1
101	2	1
101	3	1
101	4	1
101	5	1
101	6	1
101	7	1
101	8	1
101	9	1
101	10	1
101	11	1
101	12	1
101	13	1
101	14	1
101	15	1
101	16	1
101	17	1
101	18	1
101	19	1
101	20	1
101	21	1
101	22	1
101	23	1
101	24	1
101	25	1
101	26	1
101	27	1
101	28	1
101	29	1
101	30	1
101	31	1
101	32	1
101	33	1
101	34	1
101	35	1
101	36	1
101	37	1
101	38	1
101	39	1
101	40	1
101	41	1
101	42	1
101	43	1
101	44	1
101	45	1
101	46	1
101	47	1
101	48	1
101	49	1
101	50	1
101	51	1
101	52	1
101	53	1
101	54	1
101	55	1
101	56	1
101	57	1
101	58	1
101	59	1
101	60	1
101	61	1
101	62	1
101	63	1
101	64	1
101	65	1
101	66	1
101	67	1
102	0	1
102	1	1
102	2	1
102	3	1
102	4	1
102	5	1
102	6	1
102	7	1
102	8	1
102	9	1
102	10	1
102	11	1
102	12	1
102	13	1
102	14	1
102	15	1
102	16	1
102	17	1
102	18	1
102	19	1
102	20	1
102	21	1
102	22	1
102	23	1
102	24	1
102	25	1
102	26	1
102	27	1
102	28	1
102	29	1
102	30	1
102	31	1
102	32	1
102	33	1
102	34	1
102	35	1
102	36	1
102	37	1
102	38	1
102	39	1
102	40	1
102	41	1
102	42	1
102	43	1
102	44	1
102	45	1
102	46	1
102	47	1
102	48	1
102	49	1
102	50	1
102	51	1
102	52	1
102	53	1
102	54	1
102	55	1
102	56	1
102	57	1
102	58	1
102	59	1
102	60	1
102	61	1
102	62	1
102	63	1
102	64	1
102	65	1
102	66	1
102	67	1
102	68	1
103	0	1
103	1	1
103	2	1
103	3	1
103	4	1
103	5	1
103	6	1
103	7	1
103	8	1
103	9	1
103	10	1
103	11	1
103	12	1
103	13	1
103	14	1
103	15	1
103	16	1
103	17	1
103	18	1
103	19	1
103	20	1
103	21	1
103	22	1
103	23	1
103	24	1
103	25	1
103	26	1
103	27	1
103	28	1
103	29	1
103	30	1
103	31	1
103	32	1
103	33	1
103	34	1
103	35	1
103	36	1
103	37	1
103	38	1
103	39	1
103	40	1
103	41	1
103	42	1
103	43	1
103	44	1
103	45	1
103	46	1
103	47	1
103	48	1
103	49	1
103	50	1
103	51	1
103	52	1
103	53	1
103	54	1
103	55	1
103	56	1
103	57	1
103	58	1
103	59	1
103	60	1
103	61	1
103	62	1
103	63	1
103	64	1
103	65	1
103	66	1
103	67	1
103	68	1
104	0	1
104	1	1
104	2	1
104	3	1
104	4	1
104	5	1
104	6	1
104	7	1
104	8	1
104	9	1
104	10	1
104	11	1
104	12	1
104	13	1
104	14	1
104	15	1
104	16	1
104	17	1
104	18	1
104	19	1
104	20	1
104	21	1
104	22	1
104	23	1
104	24	1
104	25	1
104	26	1
104	27	1
104	28	1
104	29	1
104	30	1
104	31	1
104	32	1
104	33	1
104	34	1
104	35	1
104	36	1
104	37	1
104	38	1
104	39	1
104	40	1
104	41	1
104	42	1
104	43	1
104	44	1
104	45	1
104	46	1
104	47	1
104	48	1
104	49	1
104	50	1
104	51	1
104	52	1
104	53	1
104	54	1
104	55	1
104	56	1
104	57	1
104	58	1
104	59	1
104	60	1
104	61	1
104	62	1
104	63	1
104	64	1
104	65	1
104	66	1
104	67	1
104	68	1
104	69	1
105	0	1
105	1	1
105	2	1
105	3	1
105	4	1
105	5	1
105	6	1
105	7	1
105	8	1
105	9	1
105	10	1
105	11	1
105	12	1
105	13	1
105	14	1
105	15	1
105	16	1
105	17	1
105	18	1
105	19	1
105	20	1
105	21	1
105	22	1
105	23	1
105	24	1
105	25	1
105	26	1
105	27	1
105	28	1
105	29	1
105	30	1
105	31	1
105	32	1
105	33	1
105	34	1
105	35	1
105	36	1
105	37	1
105	38	1
105	39	1
105	40	1
105	41	1
105	42	1
105	43	1
105	44	1
105	45	1
105	46	1
105	47	1
105	48	1
105	49	1
105	50	1
105	51	1
105	52	1
105	53	1
105	54	1
105	55	1
105	56	1
105	57	1
105	58	1
105	59	1
105	60	1
105	61	1
105	62	1
105	63	1
105	64	1
105	65	1
105	66	1
105	67	1
105	68	1
105	69	1
105	70	1
106	0	1
106	1	1
106	2	1
106	3	1
106	4	1
106	5	1
106	6	1
106	7	1
106	8	1
106	9	1
106	10	1
106	11	1
106	12	1
106	13	1
106	14	1
106	15	1
106	16	1
106	17	1
106	18	1
106	19	1
106	20	1
106	21	1
106	22	1
106	23	1
106	24	1
106	25	1
106	26	1
106	27	1
106	28	1
106	29	1
106	30	1
106	31	1
106	32	1
106	33	1
106	34	1
106	35	1
106	36	1
106	37	1
106	38	1
106	39	1
106	40	1
106	41	1
106	42	1
106	43	1
106	44	1
106	45	1
106	46	1
106	47	1
106	48	1
106	49	1
106	50	1
106	51	1
106	52	1
106	53	1
106	54	1
106	55	1
106	56	1
106	57	1
106	58	1
106	59	1
106	60	1
106	61	1
106	62	1
106	63	1
106	64	1
106	65	1
106	66	1
106	67	1
106	68	1
106	69	1
106	70	1
107	0	1
107	1	1
107	2	1
107	3	1
107	4	1
107	5	1
107	6	1
107	7	1
107	8	1
107	9	1
107	10	1
107	11	1
107	12	1
107	13	1
107	14	1
107	15	1
107	16	1
107	17	1
107	18	1
107	19	1
107	20	1
107	21	1
107	22	1
107	23	1
107	24	1
107	25	1
107	26	1
107	27	1
107	28	1
107	29	1
107	30	1
107	31	1
107	32	1
107	33	1
107	34	1
107	35	1
107	36	1
107	37	1
107	38	1
107	39	1
107	40	1
107	41	1
107	42	1
107	43	1
107	44	1
107	45	1
107	46	1
107	47	1
107	48	1
107	49	1
107	50	1
107	51	1
107	52	1
107	53	1
107	54	1
107	55	1
107	56	1
107	57	1
107	58	1
107	59	1
107	60	1
107	61	1
107	62	1
107	63	1
107	64	1
107	65	1
107	66	1
107	67	1
107	68	1
107	69	1
107	70	1
107	71	1
108	0	1
108	1	1
108	2	1
108	3	1
108	4	1
108	5	1
108	6	1
108	7	1
108	8	1
108	9	1
108	10	1
108	11	1
108	12	1
108	13	1
108	14	1
108	15	1
108	16	1
108	17	1
108	18	1
108	19	1
108	20	1
108	21	1
108	22	1
108	23	1
108	24	1
108	25	1
108	26	1
108	27	1
108	28	1
108	29	1
108	30	1
108	31	1
108	32	1
108	33	1
108	34	1
108	35	1
108	36	1
108	37	1
108	38	1
108	39	1
108	40	1
108	41	1
108	42	1
108	43	1
108	44	1
108	45	1
108	46	1
108	47	1
108	48	1
108	49	1
108	50	1
108	51	1
108	52	1
108	53	1
108	54	1
108	55	1
108	56	1
108	57	1
108	58	1
108	59	1
108	60	1
108	61	1
108	62	1
108	63	1
108	64	1
108	65	1
108	66	1
108	67	1
108	68	1
108	69	1
108	70	1
108	71	1
109	0	1
109	1	1
109	2	1
109	3	1
109	4	1
109	5	1
109	6	1
109	7	1
109	8	1
109	9	1
109	10	1
109	11	1
109	12	1
109	13	1
109	14	1
109	15	1
109	16	1
109	17	1
109	18	1
109	19	1
109	20	1
109	21	1
109	22	1
109	23	1
109	24	1
109	25	1
109	26	1
109	27	1
109	28	1
109	29	1
109	30	1
109	31	1
109	32	1
109	33	1
109	34	1
109	35	1
109	36	1
109	37	1
109	38	1
109	39	1
109	40	1
109	41	1
109	42	1
109	43	1
109	44	1
109	45	1
109	46	1
109	47	1
109	48	1
109	49	1
109	50	1
109	51	1
109	52	1
109	53	1
109	54	1
109	55	1
109	56	1
109	57	1
109	58	1
109	59	1
109	60	1
109	61	1
109	62	1
109	63	1
109	64	1
109	65	1
109	66	1
109	67	1
109	68	1
109	69	1
109	70	1
109	71	1
109	72	1
110	0	1
110	1	1
110	2	1
110	3	1
110	4	1
110	5	1
110	6	1
110	7	1
110	8	1
110	9	1
110	10	1
110	11	1
110	12	1
110	13	1
110	14	1
110	15	1
110	16	1
110	17	1
110	18	1
110	19	1
110	20	1
110	21	1
110	22	1
110	23	1
110	24	1
110	25	1
110	26	1
110	27	1
110	28	1
110	29	1
110	30	1
110	31	1
110	32	1
110	33	1
110	34	1
110	35	1
110	36	1
110	37	1
110	38	1
110	39	1
110	40	1
110	41	1
110	42	1
110	43	1
110	44	1
110	45	1
110	46	1
110	47	1
110	48	1
110	49	1
110	50	1
110	51	1
110	52	1
110	53	1
110	54	1
110	55	1
110	56	1
110	57	1
110	58	1
110	59	1
110	60	1
110	61	1
110	62	1
110	63	1
110	64	1
110	65	1
110	66	1
110	67	1
110	68	1
110	69	1
110	70	1
110	71	1
110	72	1
111	0	1
111	1	1
111	2	1
111	3	1
111	4	1
111	5	1
111	6	1
111	7	1
111	8	1
111	9	1
111	10	1
111	11	1
111	12	1
111	13	1
111	14	1
111	15	1
111	16	1
111	17	1
111	18	1
111	19	1
111	20	1
111	21	1
111	22	1
111	23	1
111	24	1
111	25	1
111	26	1
111	27	1
111	28	1
111	29	1
111	30	1
111	31	1
111	32	1
111	33	1
111	34	1
111	35	1
111	36	1
111	37	1
111	38	1
111	39	1
111	40	1
111	41	1
111	42	1
111	43	1
111	44	1
111	45	1
111	46	1
111	47	1
111	48	1
111	49	1
111	50	1
111	51	1
111	52	1
111	53	1
111	54	1
111	55	1
111	56	1
111	57	1
111	58	1
111	59	1
111	60	1
111	61	1
111	62	1
111	63	1
111	64	1
111	65	1
111	66	1
111	67	1
111	68	1
111	69	1
111	70	1
111	71	1
111	72	1
111	73	1
112	0	1
112	1	1
112	2	1
112	3	1
112	4	1
112	5	1
112	6	1
112	7	1
112	8	1
112	9	1
112	10	1
112	11	1
112	12	1
112	13	1
112	14	1
112	15	1
112	16	1
112	17	1
112	18	1
112	19	1
112	20	1
112	21	1
112	22	1
112	23	1
112	24	1
112	25	1
112	26	1
112	27	1
112	28	1
112	29	1
112	30	1
112	31	1
112	32	1
112	33	1
112	34	1
112	35	1
112	36	1
112	37	1
112	38	1
112	39	1
112	40	1
112	41	1
112	42	1
112	43	1
112	44	1
112	45	1
112	46	1
112	47	1
112	48	1
112	49	1
112	50	1
112	51	1
112	52	1
112	53	1
112	54	1
112	55	1
112	56	1
112	57	1
112	58	1
112	59	1
112	60	1
112	61	1
112	62	1
112	63	1
112	64	1
112	65	1
112	66	1
112	67	1
112	68	1
112	69	1
112	70	1
112	71	1
112	72	1
112	73	1
113	0	1
113	1	1
113	2	1
113	3	1
113	4	1
113	5	1
113	6	1
113	7	1
113	8	1
113	9	1
113	10	1
113	11	1
113	12	1
113	13	1
113	14	1
113	15	1
113	16	1
113	17	1
113	18	1
113	19	1
113	20	1
113	21	1
113	22	1
113	23	1
113	24	1
113	25	1
113	26	1
113	27	1
113	28	1
113	29	1
113	30	1
113	31	1
113	32	1
113	33	1
113	34	1
113	35	1
113	36	1
113	37	1
113	38	1
113	39	1
113	40	1
113	41	1
113	42	1
113	43	1
113	44	1
113	45	1
113	46	1
113	47	1
113	48	1
113	49	1
113	50	1
113	51	1
113	52	1
113	53	1
113	54	1
113	55	1
113	56	1
113	57	1
113	58	1
113	59	1
113	60	1
113	61	1
113	62	1
113	63	1
113	64	1
113	65	1
113	66	1
113	67	1
113	68	1
113	69	1
113	70	1
113	71	1
113	72	1
113	73	1
113	74	1
114	0	1
114	1	1
114	2	1
114	3	1
114	4	1
114	5	1
114	6	1
114	7	1
114	8	1
114	9	1
114	10	1
114	11	1
114	12	1
114	13	1
114	14	1
114	15	1
114	16	1
114	17	1
114	18	1
114	19	1
114	20	1
114	21	1
114	22	1
114	23	1
114	24	1
114	25	1
114	26	1
114	27	1
114	28	1
114	29	1
114	30	1
114	31	1
114	32	1
114	33	1
114	34	1
114	35	1
114	36	1
114	37	1
114	38	1
114	39	1
114	40	1
114	41	1
114	42	1
114	43	1
114	44	1
114	45	1
114	46	1
114	47	1
114	48	1
114	49	1
114	50	1
114	51	1
114	52	1
114	53	1
114	54	1
114	55	1
114	56	1
114	57	1
114	58	1
114	59	1
114	60	1
114	61	1
114	62	1
114	63	1
114	64	1
114	65	1
114	66	1
114	67	1
114	68	1
114	69	1
114	70	1
114	71	1
114	72	1
114	73	1
114	74	1
115	0	1
115	1	1
115	2	1
115	3	1
115	4	1
115	5	1
115	6	1
115	7	1
115	8	1
115	9	1
115	10	1
115	11	1
115	12	1
115	13	1
115	14	1
115	15	1
115	16	1
115	17	1
115	18	1
115	19	1
115	20	1
115	21	1
115	22	1
115	23	1
115	24	1
115	25	1
115	26	1
115	27	1
115	28	1
115	29	1
115	30	1
115	31	1
115	32	1
115	33	1
115	34	1
115	35	1
115	36	1
115	37	1
115	38	1
115	39	1
115	40	1
115	41	1
115	42	1
115	43	1
115	44	1
115	45	1
115	46	1
115	47	1
115	48	1
115	49	1
115	50	1
115	51	1
115	52	1
115	53	1
115	54	1
115	55	1
115	56	1
115	57	1
115	58	1
115	59	1
115	60	1
115	61	1
115	62	1
115	63	1
115	64	1
115	65	1
115	66	1
115	67	1
115	68	1
115	69	1
115	70	1
115	71	1
115	72	1
115	73	1
115	74	1
115	75	1
116	0	1
116	1	1
116	2	1
116	3	1
116	4	1
116	5	1
116	6	1
116	7	1
116	8	1
116	9	1
116	10	1
116	11	1
116	12	1
116	13	1
116	14	1
116	15	1
116	16	1
116	17	1
116	18	1
116	19	1
116	20	1
116	21	1
116	22	1
116	23	1
116	24	1
116	25	1
116	26	1
116	27	1
116	28	1
116	29	1
116	30	1
116	31	1
116	32	1
116	33	1
116	34	1
116	35	1
116	36	1
116	37	1
116	38	1
116	39	1
116	40	1
116	41	1
116	42	1
116	43	1
116	44	1
116	45	1
116	46	1
116	47	1
116	48	1
116	49	1
116	50	1
116	51	1
116	52	1
116	53	1
116	54	1
116	55	1
116	56	1
116	57	1
116	58	1
116	59	1
116	60	1
116	61	1
116	62	1
116	63	1
116	64	1
116	65	1
116	66	1
116	67	1
116	68	1
116	69	1
116	70	1
116	71	1
116	72	1
116	73	1
116	74	1
116	75	1
117	0	1
117	1	1
117	2	1
117	3	1
117	4	1
117	5	1
117	6	1
117	7	1
117	8	1
117	9	1
117	10	1
117	11	1
117	12	1
117	13	1
117	14	1
117	15	1
117	16	1
117	17	1
117	18	1
117	19	1
117	20	1
117	21	1
117	22	1
117	23	1
117	24	1
117	25	1
117	26	1
117	27	1
117	28	1
117	29	1
117	30	1
117	31	1
117	32	1
117	33	1
117	34	1
117	35	1
117	36	1
117	37	1
117	38	1
117	39	1
117	40	1
117	41	1
117	42	1
117	43	1
117	44	1
117	45	1
117	46	1
117	47	1
117	48	1
117	49	1
117	50	1
117	51	1
117	52	1
117	53	1
117	54	1
117	55	1
117	56	1
117	57	1
117	58	1
117	59	1
117	60	1
117	61	1
117	62	1
117	63	1
117	64	1
117	65	1
117	66	1
117	67	1
117	68	1
117	69	1
117	70	1
117	71	1
117	72	1
117	73	1
117	74	1
117	75	1
118	0	1
118	1	1
118	2	1
118	3	1
118	4	1
118	5	1
118	6	1
118	7	1
118	8	1
118	9	1
118	10	1
118	11	1
118	12	1
118	13	1
118	14	1
118	15	1
118	16	1
118	17	1
118	18	1
118	19	1
118	20	1
118	21	1
118	22	1
118	23	1
118	24	1
118	25	1
118	26	1
118	27	1
118	28	1
118	29	1
118	30	1
118	31	1
118	32	1
118	33	1
118	34	1
118	35	1
118	36	1
118	37	1
118	38	1
118	39	1
118	40	1
118	41	1
118	42	1
118	43	1
118	44	1
118	45	1
118	46	1
118	47	1
118	48	1
118	49	1
118	50	1
118	51	1
118	52	1
118	53	1
118	54	1
118	55	1
118	56	1
118	57	1
118	58	1
118	59	1
118	60	1
118	61	1
118	62	1
118	63	1
118	64	1
118	65	1
118	66	1
118	67	1
118	68	1
118	69	1
118	70	1
118	71	1
118	72	1
118	73	1
118	74	1
118	75	1
118	76	1
119	0	1
119	1	1
119	2	1
119	3	1
119	4	1
119	5	1
119	6	1
119	7	1
119	8	1
119	9	1
119	10	1
119	11	1
119	12	1
119	13	1
119	14	1
119	15	1
119	16	1
119	17	1
119	18	1
119	19	1
119	20	1
119	21	1
119	22	1
119	23	1
119	24	1
119	25	1
119	26	1
119	27	1
119	28	1
119	29	1
119	30	1
119	31	1
119	32	1
119	33	1
119	34	1
119	35	1
119	36	1
119	37	1
119	38	1
119	39	1
119	40	1
119	41	1
119	42	1
119	43	1
119	44	1
119	45	1
119	46	1
119	47	1
119	48	1
119	49	1
119	50	1
119	51	1
119	52	1
119	53	1
119	54	1
119	55	1
119	56	1
119	57	1
119	58	1
119	59	1
119	60	1
119	61	1
119	62	1
119	63	1
119	64	1
119	65	1
119	66	1
119	67	1
119	68	1
119	69	1
119	70	1
119	71	1
119	72	1
119	73	1
119	74	1
119	75	1
119	76	1
120	0	1
120	1	1
120	2	1
120	3	1
120	4	1
120	5	1
120	6	1
120	7	1
120	8	1
120	9	1
120	10	1
120	11	1
120	12	1
120	13	1
120	14	1
120	15	1
120	16	1
120	17	1
120	18	1
120	19	1
120	20	1
120	21	1
120	22	1
120	23	1
120	24	1
120	25	1
120	26	1
120	27	1
120	28	1
120	29	1
120	30	1
120	31	1
120	32	1
120	33	1
120	34	1
120	35	1
120	36	1
120	37	1
120	38	1
120	39	1
120	40	1
120	41	1
120	42	1
120	43	1
120	44	1
120	45	1
120	46	1
120	47	1
120	48	1
120	49	1
120	50	1
120	51	1
120	52	1
120	53	1
120	54	1
120	55	1
120	56	1
120	57	1
120	58	1
120	59	1
120	60	1
120	61	1
120	62	1
120	63	1
120	64	1
120	65	1
120	66	1
120	67	1
120	68	1
120	69	1
120	70	1
120	71	1
120	72	1
120	73	1
120	74	1
120	75	1
120	76	1
120	77	1
121	0	1
121	1	1
121	2	1
121	3	1
121	4	1
121	5	1
121	6	1
121	7	1
121	8	1
121	9	1
121	10	1
121	11	1
121	12	1
121	13	1
121	14	1
121	15	1
121	16	1
121	17	1
121	18	1
121	19	1
121	20	1
121	21	1
121	22	1
121	23	1
121	24	1
121	25	1
121	26	1
121	27	1
121	28	1
121	29	1
121	30	1
121	31	1
121	32	1
121	33	1
121	34	1
121	35	1
121	36	1
121	37	1
121	38	1
121	39	1
121	40	1
121	41	1
121	42	1
121	43	1
121	44	1
121	45	1
121	46	1
121	47	1
121	48	1
121	49	1
121	50	1
121	51	1
121	52	1
121	53	1
121	54	1
121	55	1
121	56	1
121	57	1
121	58	1
121	59	1
121	60	1
121	61	1
121	62	1
121	63	1
121	64	1
121	65	1
121	66	1
121	67	1
121	68	1
121	69	1
121	70	1
121	71	1
121	72	1
121	73	1
121	74	1
121	75	1
121	76	1
121	77	1
122	0	1
122	1	1
122	2	1
122	3	1
122	4	1
122	5	1
122	6	1
122	7	1
122	8	1
122	9	1
122	10	1
122	11	1
122	12	1
122	13	1
122	14	1
122	15	1
122	16	1
122	17	1
122	18	1
122	19	1
122	20	1
122	21	1
122	22	1
122	23	1
122	24	1
122	25	1
122	26	1
122	27	1
122	28	1
122	29	1
122	30	1
122	31	1
122	32	1
122	33	1
122	34	1
122	35	1
122	36	1
122	37	1
122	38	1
122	39	1
122	40	1
122	41	1
122	42	1
122	43	1
122	44	1
122	45	1
122	46	1
122	47	1
122	48	1
122	49	1
122	50	1
122	51	1
122	52	1
122	53	1
122	54	1
122	55	1
122	56	1
122	57	1
122	58	1
122	59	1
122	60	1
122	61	1
122	62	1
122	63	1
122	64	1
122	65	1
122	66	1
122	67	1
122	68	1
122	69	1
122	70	1
122	71	1
122	72	1
122	73	1
122	74	1
122	75	1
122	76	1
122	77	1
123	0	1
123	1	1
123	2	1
123	3	1
123	4	1
123	5	1
123	6	1
123	7	1
123	8	1
123	9	1
123	10	1
123	11	1
123	12	1
123	13	1
123	14	1
123	15	1
123	16	1
123	17	1
123	18	1
123	19	1
123	20	1
123	21	1
123	22	1
123	23	1
123	24	1
123	25	1
123	26	1
123	27	1
123	28	1
123	29	1
123	30	1
123	31	1
123	32	1
123	33	1
123	34	1
123	35	1
123	36	1
123	37	1
123	38	1
123	39	1
123	40	1
123	41	1
123	42	1
123	43	1
123	44	1
123	45	1
123	46	1
123	47	1
123	48	1
123	49	1
123	50	1
123	51	1
123	52	1
123	53	1
123	54	1
123	55	1
123	56	1
123	57	1
123	58	1
123	59	1
123	60	1
123	61	1
123	62	1
123	63	1
123	64	1
123	65	1
123	66	1
123	67	1
123	68	1
123	69	1
123	70	1
123	71	1
123	72	1
123	73	1
123	74	1
123	75	1
123	76	1
123	77	1
123	78	1
124	0	1
124	1	1
124	2	1
124	3	1
124	4	1
124	5	1
124	6	1
124	7	1
124	8	1
124	9	1
124	10	1
124	11	1
124	12	1
124	13	1
124	14	1
124	15	1
124	16	1
124	17	1
124	18	1
124	19	1
124	20	1
124	21	1
124	22	1
124	23	1
124	24	1
124	25	1
124	26	1
124	27	1
124	28	1
124	29	1
124	30	1
124	31	1
124	32	1
124	33	1
124	34	1
124	35	1
124	36	1
124	37	1
124	38	1
124	39	1
124	40	1
124	41	1
124	42	1
124	43	1
124	44	1
124	45	1
124	46	1
124	47	1
124	48	1
124	49	1
124	50	1
124	51	1
124	52	1
124	53	1
124	54	1
124	55	1
124	56	1
124	57	1
124	58	1
124	59	1
124	60	1
124	61	1
124	62	1
124	63	1
124	64	1
124	65	1
124	66	1
124	67	1
124	68	1
124	69	1
124	70	1
124	71	1
124	72	1
124	73	1
124	74	1
124	75	1
124	76	1
124	77	1
124	78	1
125	0	1
125	1	1
125	2	1
125	3	1
125	4	1
125	5	1
125	6	1
125	7	1
125	8	1
125	9	1
125	10	1
125	11	1
125	12	1
125	13	1
125	14	1
125	15	1
125	16	1
125	17	1
125	18	1
125	19	1
125	20	1
125	21	1
125	22	1
125	23	1
125	24	1
125	25	1
125	26	1
125	27	1
125	28	1
125	29	1
125	30	1
125	31	1
125	32	1
125	33	1
125	34	1
125	35	1
125	36	1
125	37	1
125	38	1
125	39	1
125	40	1
125	41	1
125	42	1
125	43	1
125	44	1
125	45	1
125	46	1
125	47	1
125	48	1
125	49	1
125	50	1
125	51	1
125	52	1
125	53	1
125	54	1
125	55	1
125	56	1
125	57	1
125	58	1
125	59	1
125	60	1
125	61	1
125	62	1
125	63	1
125	64	1
125	65	1
125	66	1
125	67	1
125	68	1
125	69	1
125	70	1
125	71	1
125	72	1
125	73	1
125	74	1
125	75	1
125	76	1
125	77	1
125	78	1
126	0	1
126	1	1
126	2	1
126	3	1
126	4	1
126	5	1
126	6	1
126	7	1
126	8	1
126	9	1
126	10	1
126	11	1
126	12	1
126	13	1
126	14	1
126	15	1
126	16	1
126	17	1
126	18	1
126	19	1
126	20	1
126	21	1
126	22	1
126	23	1
126	24	1
126	25	1
126	26	1
126	27	1
126	28	1
126	29	1
126	30	1
126	31	1
126	32	1
126	33	1
126	34	1
126	35	1
126	36	1
126	37	1
126	38	1
126	39	1
126	40	1
126	41	1
126	42	1
126	43	1
126	44	1
126	45	1
126	46	1
126	47	1
126	48	1
126	49	1
126	50	1
126	51	1
126	52	1
126	53	1
126	54	1
126	55	1
126	56	1
126	57	1
126	58	1
126	59	1
126	60	1
126	61	1
126	62	1
126	63	1
126	64	1
126	65	1
126	66	1
126	67	1
126	68	1
126	69	1
126	70	1
126	71	1
126	72	1
126	73	1
126	74	1
126	75	1
126	76	1
126	77	1
126	78	1
127	0	1
127	1	1
127	2	1
127	3	1
127	4	1
127	5	1
127	6	1
127	7	1
127	8	1
127	9	1
127	10	1
127	11	1
127	12	1
127	13	1
127	14	1
127	15	1
127	16	1
127	17	1
127	18	1
127	19	1
127	20	1
127	21	1
127	22	1
127	23	1
127	24	1
127	25	1
127	26	1
127	27	1
127	28	1
127	29	1
127	30	1
127	31	1
127	32	1
127	33	1
127	34	1
127	35	1
127	36	1
127	37	1
127	38	1
127	39	1
127	40	1
127	41	1
127	42	1
127	43	1
127	44	1
127	45	1
127	46	1
127	47	1
127	48	1
127	49	1
127	50	1
127	51	1
127	52	1
127	53	1
127	54	1
127	55	1
127	56	1
127	57	1
127	58	1
127	59	1
127	60	1
127	61	1
127	62	1
127	63	1
127	64	1
127	65	1
127	66	1
127	67	1
127	68	1
127	69	1
127	70	1
127	71	1
127	72	1
127	73	1
127	74	1
127	75	1
127	76	1
127	77	1
127	78	1
127	79	1
128	0	1
128	1	1
128	2	1
128	3	1
128	4	1
128	5	1
128	6	1
128	7	1
128	8	1
128	9	1
128	10	1
128	11	1
128	12	1
128	13	1
128	14	1
128	15	1
128	16	1
128	17	1
128	18	1
128	19	1
128	20	1
128	21	1
128	22	1
128	23	1
128	24	1
128	25	1
128	26	1
128	27	1
128	28	1
128	29	1
128	30	1
128	31	1
128	32	1
128	33	1
128	34	1
128	35	1
128	36	1
128	37	1
128	38	1
128	39	1
128	40	1
128	41	1
128	42	1
128	43	1
128	44	1
128	45	1
128	46	1
128	47	1
128	48	1
128	49	1
128	50	1
128	51	1
128	52	1
128	53	1
128	54	1
128	55	1
128	56	1
128	57	1
128	58	1
128	59	1
128	60	1
128	61	1
128	62	1
128	63	1
128	64	1
128	65	1
128	66	1
128	67	1
128	68	1
128	69	1
128	70	1
128	71	1
128	72	1
128	73	1
128	74	1
128	75	1
128	76	1
128	77	1
128	78	1
128	79	1
129	0	1
129	1	1
129	2	1
129	3	1
129	4	1
129	5	1
129	6	1
129	7	1
129	8	1
129	9	1
129	10	1
129	11	1
129	12	1
129	13	1
129	14	1
129	15	1
129	16	1
129	17	1
129	18	1
129	19	1
129	20	1
129	21	1
129	22	1
129	23	1
129	24	1
129	25	1
129	26	1
129	27	1
129	28	1
129	29	1
129	30	1
129	31	1
129	32	1
129	33	1
129	34	1
129	35	1
129	36	1
129	37	1
129	38	1
129	39	1
129	40	1
129	41	1
129	42	1
129	43	1
129	44	1
129	45	1
129	46	1
129	47	1
129	48	1
129	49	1
129	50	1
129	51	1
129	52	1
129	53	1
129	54	1
129	55	1
129	56	1
129	57	1
129	58	1
129	59	1
129	60	1
129	61	1
129	62	1
129	63	1
129	64	1
129	65	1
129	66	1
129	67	1
129	68	1
129	69	1
129	70	1
129	71	1
129	72	1
129	73	1
129	74	1
129	75	1
129	76	1
129	77	1
129	78	1
129	79	1
130	0	1
130	1	1
130	2	1
130	3	1
130	4	1
130	5	1
130	6	1
130	7	1
130	8	1
130	9	1
130	10	1
130	11	1
130	12	1
130	13	1
130	14	1
130	15	1
130	16	1
130	17	1
130	18	1
130	19	1
130	20	1
130	21	1
130	22	1
130	23	1
130	24	1
130	25	1
130	26	1
130	27	1
130	28	1
130	29	1
130	30	1
130	31	1
130	32	1
130	33	1
130	34	1
130	35	1
130	36	1
130	37	1
130	38	1
130	39	1
130	40	1
130	41	1
130	42	1
130	43	1
130	44	1
130	45	1
130	46	1
130	47	1
130	48	1
130	49	1
130	50	1
130	51	1
130	52	1
130	53	1
130	54	1
130	55	1
130	56	1
130	57	1
130	58	1
130	59	1
130	60	1
130	61	1
130	62	1
130	63	1
130	64	1
130	65	1
130	66	1
130	67	1
130	68	1
130	69	1
130	70	1
130	71	1
130	72	1
130	73	1
130	74	1
130	75	1
130	76	1
130	77	1
130	78	1
130	79	1
131	0	1
131	1	1
131	2	1
131	3	1
131	4	1
131	5	1
131	6	1
131	7	1
131	8	1
131	9	1
131	10	1
131	11	1
131	12	1
131	13	1
131	14	1
131	15	1
131	16	1
131	17	1
131	18	1
131	19	1
131	20	1
131	21	1
131	22	1
131	23	1
131	24	1
131	25	1
131	26	1
131	27	1
131	28	1
131	29	1
131	30	1
131	31	1
131	32	1
131	33	1
131	34	1
131	35	1
131	36	1
131	37	1
131	38	1
131	39	1
131	40	1
131	41	1
131	42	1
131	43	1
131	44	1
131	45	1
131	46	1
131	47	1
131	48	1
131	49	1
131	50	1
131	51	1
131	52	1
131	53	1
131	54	1
131	55	1
131	56	1
131	57	1
131	58	1
131	59	1
131	60	1
131	61	1
131	62	1
131	63	1
131	64	1
131	65	1
131	66	1
131	67	1
131	68	1
131	69	1
131	70	1
131	71	1
131	72	1
131	73	1
131	74	1
131	75	1
131	76	1
131	77	1
131	78	1
131	79	1
132	0	1
132	1	1
132	2	1
132	3	1
132	4	1
132	5	1
132	6	1
132	7	1
132	8	1
132	9	1
132	10	1
132	11	1
132	12	1
132	13	1
132	14	1
132	15	1
132	16	1
132	17	1
132	18	1
132	19	1
132	20	1
132	21	1
132	22	1
132	23	1
132	24	1
132	25	1
132	26	1
132	27	1
132	28	1
132	29	1
132	30	1
132	31	1
132	32	1
132	33	1
132	34	1
132	35	1
132	36	1
132	37	1
132	38	1
132	39	1
132	40	1
132	41	1
132	42	1
132	43	1
132	44	1
132	45	1
132	46	1
132	47	1
132	48	1
132	49	1
132	50	1
132	51	1
132	52	1
132	53	1
132	54	1
132	55	1
132	56	1
132	57	1
132	58	1
132	59	1
132	60	1
132	61	1
132	62	1
132	63	1
132	64	1
132	65	1
132	66	1
132	67	1
132	68	1
132	69	1
132	70	1
132	71	1
132	72	1
132	73	1
132	74	1
132	75	1
132	76	1
132	77	1
132	78	1
132	79	1
132	80	1
133	0	1
133	1	1
133	2	1
133	3	1
133	4	1
133	5	1
133	6	1
133	7	1
133	8	1
133	9	1
133	10	1
133	11	1
133	12	1
133	13	1
133	14	1
133	15	1
133	16	1
133	17	1
133	18	1
133	19	1
133	20	1
133	21	1
133	22	1
133	23	1
133	24	1
133	25	1
133	26	1
133	27	1
133	28	1
133	29	1
133	30	1
133	31	1
133	32	1
133	33	1
133	34	1
133	35	1
133	36	1
133	37	1
133	38	1
133	39	1
133	40	1
133	41	1
133	42	1
133	43	1
133	44	1
133	45	1
133	46	1
133	47	1
133	48	1
133	49	1
133	50	1
133	51	1
133	52	1
133	53	1
133	54	1
133	55	1
133	56	1
133	57	1
133	58	1
133	59	1
133	60	1
133	61	1
133	62	1
133	63	1
133	64	1
133	65	1
133	66	1
133	67	1
133	68	1
133	69	1
133	70	1
133	71	1
133	72	1
133	73	1
133	74	1
133	75	1
133	76	1
133	77	1
133	78	1
133	79	1
133	80	1
134	0	1
134	1	1
134	2	1
134	3	1
134	4	1
134	5	1
134	6	1
134	7	1
134	8	1
134	9	1
134	10	1
134	11	1
134	12	1
134	13	1
134	14	1
134	15	1
134	16	1
134	17	1
134	18	1
134	19	1
134	20	1
134	21	1
134	22	1
134	23	1
134	24	1
134	25	1
134	26	1
134	27	1
134	28	1
134	29	1
134	30	1
134	31	1
134	32	1
134	33	1
134	34	1
134	35	1
134	36	1
134	37	1
134	38	1
134	39	1
134	40	1
134	41	1
134	42	1
134	43	1
134	44	1
134	45	1
134	46	1
134	47	1
134	48	1
134	49	1
134	50	1
134	51	1
134	52	1
134	53	1
134	54	1
134	55	1
134	56	1
134	57	1
134	58	1
134	59	1
134	60	1
134	61	1
134	62	1
134	63	1
134	64	1
134	65	1
134	66	1
134	67	1
134	68	1
134	69	1
134	70	1
134	71	1
134	72	1
134	73	1
134	74	1
134	75	1
134	76	1
134	77	1
134	78	1
134	79	1
134	80	1
135	0	1
135	1	1
135	2	1
135	3	1
135	4	1
135	5	1
135	6	1
135	7	1
135	8	1
135	9	1
135	10	1
135	11	1
135	12	1
135	13	1
135	14	1
135	15	1
135	16	1
135	17	1
135	18	1
135	19	1
135	20	1
135	21	1
135	22	1
135	23	1
135	24	1
135	25	1
135	26	1
135	27	1
135	28	1
135	29	1
135	30	1
135	31	1
135	32	1
135	33	1
135	34	1
135	35	1
135	36	1
135	37	1
135	38	1
135	39	1
135	40	1
135	41	1
135	42	1
135	43	1
135	44	1
135	45	1
135	46	1
135	47	1
135	48	1
135	49	1
135	50	1
135	51	1
135	52	1
135	53	1
135	54	1
135	55	1
135	56	1
135	57	1
135	58	1
135	59	1
135	60	1
135	61	1
135	62	1
135	63	1
135	64	1
135	65	1
135	66	1
135	67	1
135	68	1
135	69	1
135	70	1
135	71	1
135	72	1
135	73	1
135	74	1
135	75	1
135	76	1
135	77	1
135	78	1
135	79	1
135	80	1
136	0	1
136	1	1
136	2	1
136	3	1
136	4	1
136	5	1
136	6	1
136	7	1
136	8	1
136	9	1
136	10	1
136	11	1
136	12	1
136	13	1
136	14	1
136	15	1
136	16	1
136	17	1
136	18	1
136	19	1
136	20	1
136	21	1
136	22	1
136	23	1
136	24	1
136	25	1
136	26	1
136	27	1
136	28	1
136	29	1
136	30	1
136	31	1
136	32	1
136	33	1
136	34	1
136	35	1
136	36	1
136	37	1
136	38	1
136	39	1
136	40	1
136	41	1
136	42	1
136	43	1
136	44	1
136	45	1
136	46	1
136	47	1
136	48	1
136	49	1
136	50	1
136	51	1
136	52	1
136	53	1
136	54	1
136	55	1
136	56	1
136	57	1
136	58	1
136	59	1
136	60	1
136	61	1
136	62	1
136	63	1
136	64	1
136	65	1
136	66	1
136	67	1
136	68	1
136	69	1
136	70	1
136	71	1
136	72	1
136	73	1
136	74	1
136	75	1
136	76	1
136	77	1
136	78	1
136	79	1
136	80	1
137	0	1
137	1	1
137	2	1
137	3	1
137	4	1
137	5	1
137	6	1
137	7	1
137	8	1
137	9	1
137	10	1
137	11	1
137	12	1
137	13	1
137	14	1
137	15	1
137	16	1
137	17	1
137	18	1
137	19	1
137	20	1
137	21	1
137	22	1
137	23	1
137	24	1
137	25	1
137	26	1
137	27	1
137	28	1
137	29	1
137	30	1
137	31	1
137	32	1
137	33	1
137	34	1
137	35	1
137	36	1
137	37	1
137	38	1
137	39	1
137	40	1
137	41	1
137	42	1
137	43	1
137	44	1
137	45	1
137	46	1
137	47	1
137	48	1
137	49	1
137	50	1
137	51	1
137	52	1
137	53	1
137	54	1
137	55	1
137	56	1
137	57	1
137	58	1
137	59	1
137	60	1
137	61	1
137	62	1
137	63	1
137	64	1
137	65	1
137	66	1
137	67	1
137	68	1
137	69	1
137	70	1
137	71	1
137	72	1
137	73	1
137	74	1
137	75	1
137	76	1
137	77	1
137	78	1
137	79	1
137	80	1
138	0	1
138	1	1
138	2	1
138	3	1
138	4	1
138	5	1
138	6	1
138	7	1
138	8	1
138	9	1
138	10	1
138	11	1
138	12	1
138	13	1
138	14	1
138	15	1
138	16	1
138	17	1
138	18	1
138	19	1
138	20	1
138	21	1
138	22	1
138	23	1
138	24	1
138	25	1
138	26	1
138	27	1
138	28	1
138	29	1
138	30	1
138	31	1
138	32	1
138	33	1
138	34	1
138	35	1
138	36	1
138	37	1
138	38	1
138	39	1
138	40	1
138	41	1
138	42	1
138	43	1
138	44	1
138	45	1
138	46	1
138	47	1
138	48	1
138	49	1
138	50	1
138	51	1
138	52	1
138	53	1
138	54	1
138	55	1
138	56	1
138	57	1
138	58	1
138	59	1
138	60	1
138	61	1
138	62	1
138	63	1
138	64	1
138	65	1
138	66	1
138	67	1
138	68	1
138	69	1
138	70	1
138	71	1
138	72	1
138	73	1
138	74	1
138	75	1
138	76	1
138	77	1
138	78	1
138	79	1
138	80	1
139	0	1
139	1	1
139	2	1
139	3	1
139	4	1
139	5	1
139	6	1
139	7	1
139	8	1
139	9	1
139	10	1
139	11	1
139	12	1
139	13	1
139	14	1
139	15	1
139	16	1
139	17	1
139	18	1
139	19	1
139	20	1
139	21	1
139	22	1
139	23	1
139	24	1
139	25	1
139	26	1
139	27	1
139	28	1
139	29	1
139	30	1
139	31	1
139	32	1
139	33	1
139	34	1
139	35	1
139	36	1
139	37	1
139	38	1
139	39	1
139	40	1
139	41	1
139	42	1
139	43	1
139	44	1
139	45	1
139	46	1
139	47	1
139	48	1
139	49	1
139	50	1
139	51	1
139	52	1
139	53	1
139	54	1
139	55	1
139	56	1
139	57	1
139	58	1
139	59	1
139	60	1
139	61	1
139	62	1
139	63	1
139	64	1
139	65	1
139	66	1
139	67	1
139	68	1
139	69	1
139	70	1
139	71	1
139	72	1
139	73	1
139	74	1
139	75	1
139	76	1
139	77	1
139	78	1
139	79	1
139	80	1
140	0	1
140	1	1
140	2	1
140	3	1
140	4	1
140	5	1
140	6	1
140	7	1
140	8	1
140	9	1
140	10	1
140	11	1
140	12	1
140	13	1
140	14	1
140	15	1
140	16	1
140	17	1
140	18	1
140	19	1
140	20	1
140	21	1
140	22	1
140	23	1
140	24	1
140	25	1
140	26	1
140	27	1
140	28	1
140	29	1
140	30	1
140	31	1
140	32	1
140	33	1
140	34	1
140	35	1
140	36	1
140	37	1
140	38	1
140	39	1
140	40	1
140	41	1
140	42	1
140	43	1
140	44	1
140	45	1
140	46	1
140	47	1
140	48	1
140	49	1
140	50	1
140	51	1
140	52	1
140	53	1
140	54	1
140	55	1
140	56	1
140	57	1
140	58	1
140	59	1
140	60	1
140	61	1
140	62	1
140	63	1
140	64	1
140	65	1
140	66	1
140	67	1
140	68	1
140	69	1
140	70	1
140	71	1
140	72	1
140	73	1
140	74	1
140	75	1
140	76	1
140	77	1
140	78	1
140	79	1
140	80	1
141	0	1
141	1	1
141	2	1
141	3	1
141	4	1
141	5	1
141	6	1
141	7	1
141	8	1
141	9	1
141	10	1
141	11	1
141	12	1
141	13	1
141	14	1
141	15	1
141	16	1
141	17	1
141	18	1
141	19	1
141	20	1
141	21	1
141	22	1
141	23	1
141	24	1
141	25	1
141	26	1
141	27	1
141	28	1
141	29	1
141	30	1
141	31	1
141	32	1
141	33	1
141	34	1
141	35	1
141	36	1
141	37	1
141	38	1
141	39	1
141	40	1
141	41	1
141	42	1
141	43	1
141	44	1
141	45	1
141	46	1
141	47	1
141	48	1
141	49	1
141	50	1
141	51	1
141	52	1
141	53	1
141	54	1
141	55	1
141	56	1
141	57	1
141	58	1
141	59	1
141	60	1
141	61	1
141	62	1
141	63	1
141	64	1
141	65	1
141	66	1
141	67	1
141	68	1
141	69	1
141	70	1
141	71	1
141	72	1
141	73	1
141	74	1
141	75	1
141	76	1
141	77	1
141	78	1
141	79	1
141	80	1
142	0	1
142	1	1
142	2	1
142	3	1
142	4	1
142	5	1
142	6	1
142	7	1
142	8	1
142	9	1
142	10	1
142	11	1
142	12	1
142	13	1
142	14	1
142	15	1
142	16	1
142	17	1
142	18	1
142	19	1
142	20	1
142	21	1
142	22	1
142	23	1
142	24	1
142	25	1
142	26	1
142	27	1
142	28	1
142	29	1
142	30	1
142	31	1
142	32	1
142	33	1
142	34	1
142	35	1
142	36	1
142	37	1
142	38	1
142	39	1
142	40	1
142	41	1
142	42	1
142	43	1
142	44	1
142	45	1
142	46	1
142	47	1
142	48	1
142	49	1
142	50	1
142	51	1
142	52	1
142	53	1
142	54	1
142	55	1
142	56	1
142	57	1
142	58	1
142	59	1
142	60	1
142	61	1
142	62	1
142	63	1
142	64	1
142	65	1
142	66	1
142	67	1
142	68	1
142	69	1
142	70	1
142	71	1
142	72	1
142	73	1
142	74	1
142	75	1
142	76	1
142	77	1
142	78	1
142	79	1
142	80	1
143	0	1
143	1	1
143	2	1
143	3	1
143	4	1
143	5	1
143	6	1
143	7	1
143	8	1
143	9	1
143	10	1
143	11	1
143	12	1
143	13	1
143	14	1
143	15	1
143	16	1
143	17	1
143	18	1
143	19	1
143	20	1
143	21	1
143	22	1
143	23	1
143	24	1
143	25	1
143	26	1
143	27	1
143	28	1
143	29	1
143	30	1
143	31	1
143	32	1
143	33	1
143	34	1
143	35	1
143	36	1
143	37	1
143	38	1
143	39	1
143	40	1
143	41	1
143	42	1
143	43	1
143	44	1
143	45	1
143	46	1
143	47	1
143	48	1
143	49	1
143	50	1
143	51	1
143	52	1
143	53	1
143	54	1
143	55	1
143	56	1
143	57	1
143	58	1
143	59	1
143	60	1
143	61	1
143	62	1
143	63	1
143	64	1
143	65	1
143	66	1
143	67	1
143	68	1
143	69	1
143	70	1
143	71	1
143	72	1
143	73	1
143	74	1
143	75	1
143	76	1
143	77	1
143	78	1
143	79	1
143	80	1
144	0	1
144	1	1
144	2	1
144	3	1
144	4	1
144	5	1
144	6	1
144	7	1
144	8	1
144	9	1
144	10	1
144	11	1
144	12	1
144	13	1
144	14	1
144	15	1
144	16	1
144	17	1
144	18	1
144	19	1
144	20	1
144	21	1
144	22	1
144	23	1
144	24	1
144	25	1
144	26	1
144	27	1
144	28	1
144	29	1
144	30	1
144	31	1
144	32	1
144	33	1
144	34	1
144	35	1
144	36	1
144	37	1
144	38	1
144	39	1
144	40	1
144	41	1
144	42	1
144	43	1
144	44	1
144	45	1
144	46	1
144	47	1
144	48	1
144	49	1
144	50	1
144	51	1
144	52	1
144	53	1
144	54	1
144	55	1
144	56	1
144	57	1
144	58	1
144	59	1
144	60	1
144	61	1
144	62	1
144	63	1
144	64	1
144	65	1
144	66	1
144	67	1
144	68	1
144	69	1
144	70	1
144	71	1
144	72	1
144	73	1
144	74	1
144	75	1
144	76	1
144	77	1
144	78	1
144	79	1
144	80	1
144	81	1
145	0	1
145	1	1
145	2	1
145	3	1
145	4	1
145	5	1
145	6	1
145	7	1
145	8	1
145	9	1
145	10	1
145	11	1
145	12	1
145	13	1
145	14	1
145	15	1
145	16	1
145	17	1
145	18	1
145	19	1
145	20	1
145	21	1
145	22	1
145	23	1
145	24	1
145	25	1
145	26	1
145	27	1
145	28	1
145	29	1
145	30	1
145	31	1
145	32	1
145	33	1
145	34	1
145	35	1
145	36	1
145	37	1
145	38	1
145	39	1
145	40	1
145	41	1
145	42	1
145	43	1
145	44	1
145	45	1
145	46	1
145	47	1
145	48	1
145	49	1
145	50	1
145	51	1
145	52	1
145	53	1
145	54	1
145	55	1
145	56	1
145	57	1
145	58	1
145	59	1
145	60	1
145	61	1
145	62	1
145	63	1
145	64	1
145	65	1
145	66	1
145	67	1
145	68	1
145	69	1
145	70	1
145	71	1
145	72	1
145	73	1
145	74	1
145	75	1
145	76	1
145	77	1
145	78	1
145	79	1
145	80	1
146	0	1
146	1	1
146	2	1
146	3	1
146	4	1
146	5	1
146	6	1
146	7	1
146	8	1
146	9	1
146	10	1
146	11	1
146	12	1
146	13	1
146	14	1
146	15	1
146	16	1
146	17	1
146	18	1
146	19	1
146	20	1
146	21	1
146	22	1
146	23	1
146	24	1
146	25	1
146	26	1
146	27	1
146	28	1
146	29	1
146	30	1
146	31	1
146	32	1
146	33	1
146	34	1
146	35	1
146	36	1
146	37	1
146	38	1
146	39	1
146	40	1
146	41	1
146	42	1
146	43	1
146	44	1
146	45	1
146	46	1
146	47	1
146	48	1
146	49	1
146	50	1
146	51	1
146	52	1
146	53	1
146	54	1
146	55	1
146	56	1
146	57	1
146	58	1
146	59	1
146	60	1
146	61	1
146	62	1
146	63	1
146	64	1
146	65	1
146	66	1
146	67	1
146	68	1
146	69	1
146	70	1
146	71	1
146	72	1
146	73	1
146	74	1
146	75	1
146	76	1
146	77	1
146	78	1
146	79	1
146	80	1
147	0	1
147	1	1
147	2	1
147	3	1
147	4	1
147	5	1
147	6	1
147	7	1
147	8	1
147	9	1
147	10	1
147	11	1
147	12	1
147	13	1
147	14	1
147	15	1
147	16	1
147	17	1
147	18	1
147	19	1
147	20	1
147	21	1
147	22	1
147	23	1
147	24	1
147	25	1
147	26	1
147	27	1
147	28	1
147	29	1
147	30	1
147	31	1
147	32	1
147	33	1
147	34	1
147	35	1
147	36	1
147	37	1
147	38	1
147	39	1
147	40	1
147	41	1
147	42	1
147	43	1
147	44	1
147	45	1
147	46	1
147	47	1
147	48	1
147	49	1
147	50	1
147	51	1
147	52	1
147	53	1
147	54	1
147	55	1
147	56	1
147	57	1
147	58	1
147	59	1
147	60	1
147	61	1
147	62	1
147	63	1
147	64	1
147	65	1
147	66	1
147	67	1
147	68	1
147	69	1
147	70	1
147	71	1
147	72	1
147	73	1
147	74	1
147	75	1
147	76	1
147	77	1
147	78	1
147	79	1
147	80	1
148	0	1
148	1	1
148	2	1
148	3	1
148	4	1
148	5	1
148	6	1
148	7	1
148	8	1
148	9	1
148	10	1
148	11	1
148	12	1
148	13	1
148	14	1
148	15	1
148	16	1
148	17	1
148	18	1
148	19	1
148	20	1
148	21	1
148	22	1
148	23	1
148	24	1
148	25	1
148	26	1
148	27	1
148	28	1
148	29	1
148	30	1
148	31	1
148	32	1
148	33	1
148	34	1
148	35	1
148	36	1
148	37	1
148	38	1
148	39	1
148	40	1
148	41	1
148	42	1
148	43	1
148	44	1
148	45	1
148	46	1
148	47	1
148	48	1
148	49	1
148	50	1
148	51	1
148	52	1
148	53	1
148	54	1
148	55	1
148	56	1
148	57	1
148	58	1
148	59	1
148	60	1
148	61	1
148	62	1
148	63	1
148	64	1
148	65	1
148	66	1
148	67	1
148	68	1
148	69	1
148	70	1
148	71	1
148	72	1
148	73	1
148	74	1
148	75	1
148	76	1
148	77	1
148	78	1
148	79	1
148	80	1
149	0	1
149	1	1
149	2	1
149	3	1
149	4	1
149	5	1
149	6	1
149	7	1
149	8	1
149	9	1
149	10	1
149	11	1
149	12	1
149	13	1
149	14	1
149	15	1
149	16	1
149	17	1
149	18	1
149	19	1
149	20	1
149	21	1
149	22	1
149	23	1
149	24	1
149	25	1
149	26	1
149	27	1
149	28	1
149	29	1
149	30	1
149	31	1
149	32	1
149	33	1
149	34	1
149	35	1
149	36	1
149	37	1
149	38	1
149	39	1
149	40	1
149	41	1
149	42	1
149	43	1
149	44	1
149	45	1
149	46	1
149	47	1
149	48	1
149	49	1
149	50	1
149	51	1
149	52	1
149	53	1
149	54	1
149	55	1
149	56	1
149	57	1
149	58	1
149	59	1
149	60	1
149	61	1
149	62	1
149	63	1
149	64	1
149	65	1
149	66	1
149	67	1
149	68	1
149	69	1
149	70	1
149	71	1
149	72	1
149	73	1
149	74	1
149	75	1
149	76	1
149	77	1
149	78	1
149	79	1
149	80	1
112	81	1
113	75	1
113	76	1
113	77	1
113	78	1
113	79	1
113	80	1
113	81	1
113	82	1
113	83	1
113	84	1
113	85	1
113	86	1
113	87	1
114	73	1
114	74	1
114	75	1
114	76	1
114	77	1
114	78	1
114	79	1
114	80	1
114	81	1
114	82	1
114	83	1
114	84	1
114	85	1
114	86	1
114	87	1
114	88	1
114	89	1
115	71	1
115	72	1
115	73	1
115	74	1
115	75	1
115	76	1
115	77	1
115	78	1
115	79	1
115	80	1
115	81	1
115	82	1
115	83	1
115	84	1
115	85	1
115	86	1
115	87	1
115	88	1
115	89	1
115	90	1
115	91	1
116	69	1
116	70	1
116	71	1
116	72	1
116	73	1
116	74	1
116	75	1
116	76	1
116	77	1
116	78	1
116	79	1
116	80	1
116	81	1
116	82	1
116	83	1
116	84	1
116	85	1
116	86	1
116	87	1
116	88	1
116	89	1
116	90	1
116	91	1
116	92	1
116	93	1
117	68	1
117	69	1
117	70	1
117	71	1
117	72	1
117	73	1
117	74	1
117	75	1
117	76	1
117	77	1
117	78	1
117	79	1
117	80	1
117	81	1
117	82	1
117	83	1
117	84	1
117	85	1
117	86	1
117	87	1
117	88	1
117	89	1
117	90	1
117	91	1
117	92	1
117	93	1
117	94	1
118	67	1
118	68	1
118	69	1
118	70	1
118	71	1
118	72	1
118	73	1
118	74	1
118	75	1
118	76	1
118	77	1
118	78	1
118	79	1
118	80	1
118	81	1
118	82	1
118	83	1
118	84	1
118	85	1
118	86	1
118	87	1
118	88	1
118	89	1
118	90	1
118	91	1
118	92	1
118	93	1
118	94	1
118	95	1
119	66	1
119	67	1
119	68	1
119	69	1
119	70	1
119	71	1
119	72	1
119	73	1
119	74	1
119	75	1
119	76	1
119	77	1
119	78	1
119	79	1
119	80	1
119	81	1
119	82	1
119	83	1
119	84	1
119	85	1
119	86	1
119	87	1
119	88	1
119	89	1
119	90	1
119	91	1
119	92	1
119	93	1
119	94	1
119	95	1
119	96	1
120	65	1
120	66	1
120	67	1
120	68	1
120	69	1
120	70	1
120	71	1
120	72	1
120	73	1
120	74	1
120	75	1
120	76	1
120	77	1
120	78	1
120	79	1
120	80	1
120	81	1
120	82	1
120	83	1
120	84	1
120	85	1
120	86	1
120	87	1
120	88	1
120	89	1
120	90	1
120	91	1
120	92	1
120	93	1
120	94	1
120	95	1
120	96	1
120	97	1
121	65	1
121	66	1
121	67	1
121	68	1
121	69	1
121	70	1
121	71	1
121	72	1
121	73	1
121	74	1
121	75	1
121	76	1
121	77	1
121	78	1
121	79	1
121	80	1
121	81	1
121	82	1
121	83	1
121	84	1
121	85	1
121	86	1
121	87	1
121	88	1
121	89	1
121	90	1
121	91	1
121	92	1
121	93	1
121	94	1
121	95	1
121	96	1
121	97	1
122	64	1
122	65	1
122	66	1
122	67	1
122	68	1
122	69	1
122	70	1
122	71	1
122	72	1
122	73	1
122	74	1
122	75	1
122	76	1
122	77	1
122	78	1
122	79	1
122	80	1
122	81	1
122	82	1
122	83	1
122	84	1
122	85	1
122	86	1
122	87	1
122	88	1
122	89	1
122	90	1
122	91	1
122	92	1
122	93	1
122	94	1
122	95	1
122	96	1
122	97	1
122	98	1
123	64	1
123	65	1
123	66	1
123	67	1
123	68	1
123	69	1
123	70	1
123	71	1
123	72	1
123	73	1
123	74	1
123	75	1
123	76	1
123	77	1
123	78	1
123	79	1
123	80	1
123	81	1
123	82	1
123	83	1
123	84	1
123	85	1
123	86	1
123	87	1
123	88	1
123	89	1
123	90	1
123	91	1
123	92	1
123	93	1
123	94	1
123	95	1
123	96	1
123	97	1
123	98	1
124	63	1
124	64	1
124	65	1
124	66	1
124	67	1
124	68	1
124	69	1
124	70	1
124	71	1
124	72	1
124	73	1
124	74	1
124	75	1
124	76	1
124	77	1
124	78	1
124	79	1
124	80	1
124	81	1
124	82	1
124	83	1
124	84	1
124	85	1
124	86	1
124	87	1
124	88	1
124	89	1
124	90	1
124	91	1
124	92	1
124	93	1
124	94	1
124	95	1
124	96	1
124	97	1
124	98	1
124	99	1
125	63	1
125	64	1
125	65	1
125	66	1
125	67	1
125	68	1
125	69	1
125	70	1
125	71	1
125	72	1
125	73	1
125	74	1
125	75	1
125	76	1
125	77	1
125	78	1
125	79	1
125	80	1
125	81	1
125	82	1
125	83	1
125	84	1
125	85	1
125	86	1
125	87	1
125	88	1
125	89	1
125	90	1
125	91	1
125	92	1
125	93	1
125	94	1
125	95	1
125	96	1
125	97	1
125	98	1
125	99	1
126	62	1
126	63	1
126	64	1
126	65	1
126	66	1
126	67	1
126	68	1
126	69	1
126	70	1
126	71	1
126	72	1
126	73	1
126	74	1
126	75	1
126	76	1
126	77	1
126	78	1
126	79	1
126	80	1
126	81	1
126	82	1
126	83	1
126	84	1
126	85	1
126	86	1
126	87	1
126	88	1
126	89	1
126	90	1
126	91	1
126	92	1
126	93	1
126	94	1
126	95	1
126	96	1
126	97	1
126	98	1
126	99	1
126	100	1
127	62	1
127	63	1
127	64	1
127	65	1
127	66	1
127	67	1
127	68	1
127	69	1
127	70	1
127	71	1
127	72	1
127	73	1
127	74	1
127	75	1
127	76	1
127	77	1
127	78	1
127	79	1
127	80	1
127	81	1
127	82	1
127	83	1
127	84	1
127	85	1
127	86	1
127	87	1
127	88	1
127	89	1
127	90	1
127	91	1
127	92	1
127	93	1
127	94	1
127	95	1
127	96	1
127	97	1
127	98	1
127	99	1
127	100	1
128	62	1
128	63	1
128	64	1
128	65	1
128	66	1
128	67	1
128	68	1
128	69	1
128	70	1
128	71	1
128	72	1
128	73	1
128	74	1
128	75	1
128	76	1
128	77	1
128	78	1
128	79	1
128	80	1
128	81	1
128	82	1
128	83	1
128	84	1
128	85	1
128	86	1
128	87	1
128	88	1
128	89	1
128	90	1
128	91	1
128	92	1
128	93	1
128	94	1
128	95	1
128	96	1
128	97	1
128	98	1
128	99	1
128	100	1
129	62	1
129	63	1
129	64	1
129	65	1
129	66	1
129	67	1
129	68	1
129	69	1
129	70	1
129	71	1
129	72	1
129	73	1
129	74	1
129	75	1
129	76	1
129	77	1
129	78	1
129	79	1
129	80	1
129	81	1
129	82	1
129	83	1
129	84	1
129	85	1
129	86	1
129	87	1
129	88	1
129	89	1
129	90	1
129	91	1
129	92	1
129	93	1
129	94	1
129	95	1
129	96	1
129	97	1
129	98	1
129	99	1
129	100	1
130	62	1
130	63	1
130	64	1
130	65	1
130	66	1
130	67	1
130	68	1
130	69	1
130	70	1
130	71	1
130	72	1
130	73	1
130	74	1
130	75	1
130	76	1
130	77	1
130	78	1
130	79	1
130	80	1
130	81	1
130	82	1
130	83	1
130	84	1
130	85	1
130	86	1
130	87	1
130	88	1
130	89	1
130	90	1
130	91	1
130	92	1
130	93	1
130	94	1
130	95	1
130	96	1
130	97	1
130	98	1
130	99	1
130	100	1
131	62	1
131	63	1
131	64	1
131	65	1
131	66	1
131	67	1
131	68	1
131	69	1
131	70	1
131	71	1
131	72	1
131	73	1
131	74	1
131	75	1
131	76	1
131	77	1
131	78	1
131	79	1
131	80	1
131	81	1
131	82	1
131	83	1
131	84	1
131	85	1
131	86	1
131	87	1
131	88	1
131	89	1
131	90	1
131	91	1
131	92	1
131	93	1
131	94	1
131	95	1
131	96	1
131	97	1
131	98	1
131	99	1
131	100	1
132	61	1
132	62	1
132	63	1
132	64	1
132	65	1
132	66	1
132	67	1
132	68	1
132	69	1
132	70	1
132	71	1
132	72	1
132	73	1
132	74	1
132	75	1
132	76	1
132	77	1
132	78	1
132	79	1
132	80	1
132	81	1
132	82	1
132	83	1
132	84	1
132	85	1
132	86	1
132	87	1
132	88	1
132	89	1
132	90	1
132	91	1
132	92	1
132	93	1
132	94	1
132	95	1
132	96	1
132	97	1
132	98	1
132	99	1
132	100	1
132	101	1
133	62	1
133	63	1
133	64	1
133	65	1
133	66	1
133	67	1
133	68	1
133	69	1
133	70	1
133	71	1
133	72	1
133	73	1
133	74	1
133	75	1
133	76	1
133	77	1
133	78	1
133	79	1
133	80	1
133	81	1
133	82	1
133	83	1
133	84	1
133	85	1
133	86	1
133	87	1
133	88	1
133	89	1
133	90	1
133	91	1
133	92	1
133	93	1
133	94	1
133	95	1
133	96	1
133	97	1
133	98	1
133	99	1
133	100	1
134	62	1
134	63	1
134	64	1
134	65	1
134	66	1
134	67	1
134	68	1
134	69	1
134	70	1
134	71	1
134	72	1
134	73	1
134	74	1
134	75	1
134	76	1
134	77	1
134	78	1
134	79	1
134	80	1
134	81	1
134	82	1
134	83	1
134	84	1
134	85	1
134	86	1
134	87	1
134	88	1
134	89	1
134	90	1
134	91	1
134	92	1
134	93	1
134	94	1
134	95	1
134	96	1
134	97	1
134	98	1
134	99	1
134	100	1
135	62	1
135	63	1
135	64	1
135	65	1
135	66	1
135	67	1
135	68	1
135	69	1
135	70	1
135	71	1
135	72	1
135	73	1
135	74	1
135	75	1
135	76	1
135	77	1
135	78	1
135	79	1
135	80	1
135	81	1
135	82	1
135	83	1
135	84	1
135	85	1
135	86	1
135	87	1
135	88	1
135	89	1
135	90	1
135	91	1
135	92	1
135	93	1
135	94	1
135	95	1
135	96	1
135	97	1
135	98	1
135	99	1
135	100	1
136	62	1
136	63	1
136	64	1
136	65	1
136	66	1
136	67	1
136	68	1
136	69	1
136	70	1
136	71	1
136	72	1
136	73	1
136	74	1
136	75	1
136	76	1
136	77	1
136	78	1
136	79	1
136	80	1
136	81	1
136	82	1
136	83	1
136	84	1
136	85	1
136	86	1
136	87	1
136	88	1
136	89	1
136	90	1
136	91	1
136	92	1
136	93	1
136	94	1
136	95	1
136	96	1
136	97	1
136	98	1
136	99	1
136	100	1
137	62	1
137	63	1
137	64	1
137	65	1
137	66	1
137	67	1
137	68	1
137	69	1
137	70	1
137	71	1
137	72	1
137	73	1
137	74	1
137	75	1
137	76	1
137	77	1
137	78	1
137	79	1
137	80	1
137	81	1
137	82	1
137	83	1
137	84	1
137	85	1
137	86	1
137	87	1
137	88	1
137	89	1
137	90	1
137	91	1
137	92	1
137	93	1
137	94	1
137	95	1
137	96	1
137	97	1
137	98	1
137	99	1
137	100	1
138	62	1
138	63	1
138	64	1
138	65	1
138	66	1
138	67	1
138	68	1
138	69	1
138	70	1
138	71	1
138	72	1
138	73	1
138	74	1
138	75	1
138	76	1
138	77	1
138	78	1
138	79	1
138	80	1
138	81	1
138	82	1
138	83	1
138	84	1
138	85	1
138	86	1
138	87	1
138	88	1
138	89	1
138	90	1
138	91	1
138	92	1
138	93	1
138	94	1
138	95	1
138	96	1
138	97	1
138	98	1
138	99	1
138	100	1
139	63	1
139	64	1
139	65	1
139	66	1
139	67	1
139	68	1
139	69	1
139	70	1
139	71	1
139	72	1
139	73	1
139	74	1
139	75	1
139	76	1
139	77	1
139	78	1
139	79	1
139	80	1
139	81	1
139	82	1
139	83	1
139	84	1
139	85	1
139	86	1
139	87	1
139	88	1
139	89	1
139	90	1
139	91	1
139	92	1
139	93	1
139	94	1
139	95	1
139	96	1
139	97	1
139	98	1
139	99	1
140	63	1
140	64	1
140	65	1
140	66	1
140	67	1
140	68	1
140	69	1
140	70	1
140	71	1
140	72	1
140	73	1
140	74	1
140	75	1
140	76	1
140	77	1
140	78	1
140	79	1
140	80	1
140	81	1
140	82	1
140	83	1
140	84	1
140	85	1
140	86	1
140	87	1
140	88	1
140	89	1
140	90	1
140	91	1
140	92	1
140	93	1
140	94	1
140	95	1
140	96	1
140	97	1
140	98	1
140	99	1
141	64	1
141	65	1
141	66	1
141	67	1
141	68	1
141	69	1
141	70	1
141	71	1
141	72	1
141	73	1
141	74	1
141	75	1
141	76	1
141	77	1
141	78	1
141	79	1
141	80	1
141	81	1
141	82	1
141	83	1
141	84	1
141	85	1
141	86	1
141	87	1
141	88	1
141	89	1
141	90	1
141	91	1
141	92	1
141	93	1
141	94	1
141	95	1
141	96	1
141	97	1
141	98	1
142	64	1
142	65	1
142	66	1
142	67	1
142	68	1
142	69	1
142	70	1
142	71	1
142	72	1
142	73	1
142	74	1
142	75	1
142	76	1
142	77	1
142	78	1
142	79	1
142	80	1
142	81	1
142	82	1
142	83	1
142	84	1
142	85	1
142	86	1
142	87	1
142	88	1
142	89	1
142	90	1
142	91	1
142	92	1
142	93	1
142	94	1
142	95	1
142	96	1
142	97	1
142	98	1
143	65	1
143	66	1
143	67	1
143	68	1
143	69	1
143	70	1
143	71	1
143	72	1
143	73	1
143	74	1
143	75	1
143	76	1
143	77	1
143	78	1
143	79	1
143	80	1
143	81	1
143	82	1
143	83	1
143	84	1
143	85	1
143	86	1
143	87	1
143	88	1
143	89	1
143	90	1
143	91	1
143	92	1
143	93	1
143	94	1
143	95	1
143	96	1
143	97	1
144	65	1
144	66	1
144	67	1
144	68	1
144	69	1
144	70	1
144	71	1
144	72	1
144	73	1
144	74	1
144	75	1
144	76	1
144	77	1
144	78	1
144	79	1
144	80	1
144	81	1
144	82	1
144	83	1
144	84	1
144	85	1
144	86	1
144	87	1
144	88	1
144	89	1
144	90	1
144	91	1
144	92	1
144	93	1
144	94	1
144	95	1
144	96	1
144	97	1
145	66	1
145	67	1
145	68	1
145	69	1
145	70	1
145	71	1
145	72	1
145	73	1
145	74	1
145	75	1
145	76	1
145	77	1
145	78	1
145	79	1
145	80	1
145	81	1
145	82	1
145	83	1
145	84	1
145	85	1
145	86	1
145	87	1
145	88	1
145	89	1
145	90	1
145	91	1
145	92	1
145	93	1
145	94	1
145	95	1
145	96	1
146	67	1
146	68	1
146	69	1
146	70	1
146	71	1
146	72	1
146	73	1
146	74	1
146	75	1
146	76	1
146	77	1
146	78	1
146	79	1
146	80	1
146	81	1
146	82	1
146	83	1
146	84	1
146	85	1
146	86	1
146	87	1
146	88	1
146	89	1
146	90	1
146	91	1
146	92	1
146	93	1
146	94	1
146	95	1
147	68	1
147	69	1
147	70	1
147	71	1
147	72	1
147	73	1
147	74	1
147	75	1
147	76	1
147	77	1
147	78	1
147	79	1
147	80	1
147	81	1
147	82	1
147	83	1
147	84	1
147	85	1
147	86	1
147	87	1
147	88	1
147	89	1
147	90	1
147	91	1
147	92	1
147	93	1
147	94	1
148	69	1
148	70	1
148	71	1
148	72	1
148	73	1
148	74	1
148	75	1
148	76	1
148	77	1
148	78	1
148	79	1
148	80	1
148	81	1
148	82	1
148	83	1
148	84	1
148	85	1
148	86	1
148	87	1
148	88	1
148	89	1
148	90	1
148	91	1
148	92	1
148	93	1
149	71	1
149	72	1
149	73	1
149	74	1
149	75	1
149	76	1
149	77	1
149	78	1
149	79	1
149	80	1
149	81	1
149	82	1
149	83	1
149	84	1
149	85	1
149	86	1
149	87	1
149	88	1
149	89	1
149	90	1
149	91	1
62	40	1
63	36	1
63	37	1
63	38	1
63	39	1
63	40	1
63	41	1
63	42	1
63	43	1
63	44	1
64	34	1
64	35	1
64	36	1
64	37	1
64	38	1
64	39	1
64	40	1
64	41	1
64	42	1
64	43	1
64	44	1
64	45	1
64	46	1
65	33	1
65	34	1
65	35	1
65	36	1
65	37	1
65	38	1
65	39	1
65	40	1
65	41	1
65	42	1
65	43	1
65	44	1
65	45	1
65	46	1
65	47	1
66	32	1
66	33	1
66	34	1
66	35	1
66	36	1
66	37	1
66	38	1
66	39	1
66	40	1
66	41	1
66	42	1
66	43	1
66	44	1
66	45	1
66	46	1
66	47	1
66	48	1
67	31	1
67	32	1
67	33	1
67	34	1
67	35	1
67	36	1
67	37	1
67	38	1
67	39	1
67	40	1
67	41	1
67	42	1
67	43	1
67	44	1
67	45	1
67	46	1
67	47	1
67	48	1
67	49	1
68	30	1
68	31	1
68	32	1
68	33	1
68	34	1
68	35	1
68	36	1
68	37	1
68	38	1
68	39	1
68	40	1
68	41	1
68	42	1
68	43	1
68	44	1
68	45	1
68	46	1
68	47	1
68	48	1
68	49	1
68	50	1
69	30	1
69	31	1
69	32	1
69	33	1
69	34	1
69	35	1
69	36	1
69	37	1
69	38	1
69	39	1
69	40	1
69	41	1
69	42	1
69	43	1
69	44	1
69	45	1
69	46	1
69	47	1
69	48	1
69	49	1
69	50	1
70	29	1
70	30	1
70	31	1
70	32	1
70	33	1
70	34	1
70	35	1
70	36	1
70	37	1
70	38	1
70	39	1
70	40	1
70	41	1
70	42	1
70	43	1
70	44	1
70	45	1
70	46	1
70	47	1
70	48	1
70	49	1
70	50	1
70	51	1
71	29	1
71	30	1
71	31	1
71	32	1
71	33	1
71	34	1
71	35	1
71	36	1
71	37	1
71	38	1
71	39	1
71	40	1
71	41	1
71	42	1
71	43	1
71	44	1
71	45	1
71	46	1
71	47	1
71	48	1
71	49	1
71	50	1
71	51	1
72	29	1
72	30	1
72	31	1
72	32	1
72	33	1
72	34	1
72	35	1
72	36	1
72	37	1
72	38	1
72	39	1
72	40	1
72	41	1
72	42	1
72	43	1
72	44	1
72	45	1
72	46	1
72	47	1
72	48	1
72	49	1
72	50	1
72	51	1
73	29	1
73	30	1
73	31	1
73	32	1
73	33	1
73	34	1
73	35	1
73	36	1
73	37	1
73	38	1
73	39	1
73	40	1
73	41	1
73	42	1
73	43	1
73	44	1
73	45	1
73	46	1
73	47	1
73	48	1
73	49	1
73	50	1
73	51	1
74	28	1
74	29	1
74	30	1
74	31	1
74	32	1
74	33	1
74	34	1
74	35	1
74	36	1
74	37	1
74	38	1
74	39	1
74	40	1
74	41	1
74	42	1
74	43	1
74	44	1
74	45	1
74	46	1
74	47	1
74	48	1
74	49	1
74	50	1
74	51	1
74	52	1
75	29	1
75	30	1
75	31	1
75	32	1
75	33	1
75	34	1
75	35	1
75	36	1
75	37	1
75	38	1
75	39	1
75	40	1
75	41	1
75	42	1
75	43	1
75	44	1
75	45	1
75	46	1
75	47	1
75	48	1
75	49	1
75	50	1
75	51	1
76	29	1
76	30	1
76	31	1
76	32	1
76	33	1
76	34	1
76	35	1
76	36	1
76	37	1
76	38	1
76	39	1
76	40	1
76	41	1
76	42	1
76	43	1
76	44	1
76	45	1
76	46	1
76	47	1
76	48	1
76	49	1
76	50	1
76	51	1
77	29	1
77	30	1
77	31	1
77	32	1
77	33	1
77	34	1
77	35	1
77	36	1
77	37	1
77	38	1
77	39	1
77	40	1
77	41	1
77	42	1
77	43	1
77	44	1
77	45	1
77	46	1
77	47	1
77	48	1
77	49	1
77	50	1
77	51	1
78	29	1
78	30	1
78	31	1
78	32	1
78	33	1
78	34	1
78	35	1
78	36	1
78	37	1
78	38	1
78	39	1
78	40	1
78	41	1
78	42	1
78	43	1
78	44	1
78	45	1
78	46	1
78	47	1
78	48	1
78	49	1
78	50	1
78	51	1
79	30	1
79	31	1
79	32	1
79	33	1
79	34	1
79	35	1
79	36	1
79	37	1
79	38	1
79	39	1
79	40	1
79	41	1
79	42	1
79	43	1
79	44	1
79	45	1
79	46	1
79	47	1
79	48	1
79	49	1
79	50	1
80	30	1
80	31	1
80	32	1
80	33	1
80	34	1
80	35	1
80	36	1
80	37	1
80	38	1
80	39	1
80	40	1
80	41	1
80	42	1
80	43	1
80	44	1
80	45	1
80	46	1
80	47	1
80	48	1
80	49	1
80	50	1
81	31	1
81	32	1
81	33	1
81	34	1
81	35	1
81	36	1
81	37	1
81	38	1
81	39	1
81	40	1
81	41	1
81	42	1
81	43	1
81	44	1
81	45	1
81	46	1
81	47	1
81	48	1
81	49	1
82	32	1
82	33	1
82	34	1
82	35	1
82	36	1
82	37	1
82	38	1
82	39	1
82	40	1
82	41	1
82	42	1
82	43	1
82	44	1
82	45	1
82	46	1
82	47	1
82	48	1
83	33	1
83	34	1
83	35	1
83	36	1
83	37	1
83	38	1
83	39	1
83	40	1
83	41	1
83	42	1
83	43	1
83	44	1
83	45	1
83	46	1
83	47	1
84	34	1
84	35	1
84	36	1
84	37	1
84	38	1
84	39	1
84	40	1
84	41	1
84	42	1
84	43	1
84	44	1
84	45	1
84	46	1
85	36	1
85	37	1
85	38	1
85	39	1
85	40	1
85	41	1
85	42	1
85	43	1
85	44	1
86	40	1
62	40	1
63	36	1
63	37	1
63	38	1
63	39	1
63	40	1
63	41	1
63	42	1
63	43	1
63	44	1
64	34	1
64	35	1
64	36	1
64	37	1
64	38	1
64	39	1
64	40	1
64	41	1
64	42	1
64	43	1
64	44	1
64	45	1
64	46	1
65	33	1
65	34	1
65	35	1
65	36	1
65	37	1
65	38	1
65	39	1
65	40	1
65	41	1
65	42	1
65	43	1
65	44	1
65	45	1
65	46	1
65	47	1
66	32	1
66	33	1
66	34	1
66	35	1
66	36	1
66	37	1
66	38	1
66	39	1
66	40	1
66	41	1
66	42	1
66	43	1
66	44	1
66	45	1
66	46	1
66	47	1
66	48	1
67	31	1
67	32	1
67	33	1
67	34	1
67	35	1
67	36	1
67	37	1
67	38	1
67	39	1
67	40	1
67	41	1
67	42	1
67	43	1
67	44	1
67	45	1
67	46	1
67	47	1
67	48	1
67	49	1
68	30	1
68	31	1
68	32	1
68	33	1
68	34	1
68	35	1
68	36	1
68	37	1
68	38	1
68	39	1
68	40	1
68	41	1
68	42	1
68	43	1
68	44	1
68	45	1
68	46	1
68	47	1
68	48	1
68	49	1
68	50	1
69	30	1
69	31	1
69	32	1
69	33	1
69	34	1
69	35	1
69	36	1
69	37	1
69	38	1
69	39	1
69	40	1
69	41	1
69	42	1
69	43	1
69	44	1
69	45	1
69	46	1
69	47	1
69	48	1
69	49	1
69	50	1
70	29	1
70	30	1
70	31	1
70	32	1
70	33	1
70	34	1
70	35	1
70	36	1
70	37	1
70	38	1
70	39	1
70	40	1
70	41	1
70	42	1
70	43	1
70	44	1
70	45	1
70	46	1
70	47	1
70	48	1
70	49	1
70	50	1
70	51	1
71	29	1
71	30	1
71	31	1
71	32	1
71	33	1
71	34	1
71	35	1
71	36	1
71	37	1
71	38	1
71	39	1
71	40	1
71	41	1
71	42	1
71	43	1
71	44	1
71	45	1
71	46	1
71	47	1
71	48	1
71	49	1
71	50	1
71	51	1
72	29	1
72	30	1
72	31	1
72	32	1
72	33	1
72	34	1
72	35	1
72	36	1
72	37	1
72	38	1
72	39	1
72	40	1
72	41	1
72	42	1
72	43	1
72	44	1
72	45	1
72	46	1
72	47	1
72	48	1
72	49	1
72	50	1
72	51	1
73	29	1
73	30	1
73	31	1
73	32	1
73	33	1
73	34	1
73	35	1
73	36	1
73	37	1
73	38	1
73	39	1
73	40	1
73	41	1
73	42	1
73	43	1
73	44	1
73	45	1
73	46	1
73	47	1
73	48	1
73	49	1
73	50	1
73	51	1
74	28	1
74	29	1
74	30	1
74	31	1
74	32	1
74	33	1
74	34	1
74	35	1
74	36	1
74	37	1
74	38	1
74	39	1
74	40	1
74	41	1
74	42	1
74	43	1
74	44	1
74	45	1
74	46	1
74	47	1
74	48	1
74	49	1
74	50	1
74	51	1
74	52	1
75	29	1
75	30	1
75	31	1
75	32	1
75	33	1
75	34	1
75	35	1
75	36	1
75	37	1
75	38	1
75	39	1
75	40	1
75	41	1
75	42	1
75	43	1
75	44	1
75	45	1
75	46	1
75	47	1
75	48	1
75	49	1
75	50	1
75	51	1
76	29	1
76	30	1
76	31	1
76	32	1
76	33	1
76	34	1
76	35	1
76	36	1
76	37	1
76	38	1
76	39	1
76	40	1
76	41	1
76	42	1
76	43	1
76	44	1
76	45	1
76	46	1
76	47	1
76	48	1
76	49	1
76	50	1
76	51	1
77	29	1
77	30	1
77	31	1
77	32	1
77	33	1
77	34	1
77	35	1
77	36	1
77	37	1
77	38	1
77	39	1
77	40	1
77	41	1
77	42	1
77	43	1
77	44	1
77	45	1
77	46	1
77	47	1
77	48	1
77	49	1
77	50	1
77	51	1
78	29	1
78	30	1
78	31	1
78	32	1
78	33	1
78	34	1
78	35	1
78	36	1
78	37	1
78	38	1
78	39	1
78	40	1
78	41	1
78	42	1
78	43	1
78	44	1
78	45	1
78	46	1
78	47	1
78	48	1
78	49	1
78	50	1
78	51	1
79	30	1
79	31	1
79	32	1
79	33	1
79	34	1
79	35	1
79	36	1
79	37	1
79	38	1
79	39	1
79	40	1
79	41	1
79	42	1
79	43	1
79	44	1
79	45	1
79	46	1
79	47	1
79	48	1
79	49	1
79	50	1
80	30	1
80	31	1
80	32	1
80	33	1
80	34	1
80	35	1
80	36	1
80	37	1
80	38	1
80	39	1
80	40	1
80	41	1
80	42	1
80	43	1
80	44	1
80	45	1
80	46	1
80	47	1
80	48	1
80	49	1
80	50	1
81	31	1
81	32	1
81	33	1
81	34	1
81	35	1
81	36	1
81	37	1
81	38	1
81	39	1
81	40	1
81	41	1
81	42	1
81	43	1
81	44	1
81	45	1
81	46	1
81	47	1
81	48	1
81	49	1
82	32	1
82	33	1
82	34	1
82	35	1
82	36	1
82	37	1
82	38	1
82	39	1
82	40	1
82	41	1
82	42	1
82	43	1
82	44	1
82	45	1
82	46	1
82	47	1
82	48	1
83	33	1
83	34	1
83	35	1
83	36	1
83	37	1
83	38	1
83	39	1
83	40	1
83	41	1
83	42	1
83	43	1
83	44	1
83	45	1
83	46	1
83	47	1
84	34	1
84	35	1
84	36	1
84	37	1
84	38	1
84	39	1
84	40	1
84	41	1
84	42	1
84	43	1
84	44	1
84	45	1
84	46	1
85	36	1
85	37	1
85	38	1
85	39	1
85	40	1
85	41	1
85	42	1
85	43	1
85	44	1
86	40	1
57	33	1
58	29	1
58	30	1
58	31	1
58	32	1
58	33	1
58	34	1
58	35	1
58	36	1
58	37	1
59	27	1
59	28	1
59	29	1
59	30	1
59	31	1
59	32	1
59	33	1
59	34	1
59	35	1
59	36	1
59	37	1
59	38	1
59	39	1
60	26	1
60	27	1
60	28	1
60	29	1
60	30	1
60	31	1
60	32	1
60	33	1
60	34	1
60	35	1
60	36	1
60	37	1
60	38	1
60	39	1
60	40	1
61	25	1
61	26	1
61	27	1
61	28	1
61	29	1
61	30	1
61	31	1
61	32	1
61	33	1
61	34	1
61	35	1
61	36	1
61	37	1
61	38	1
61	39	1
61	40	1
61	41	1
62	24	1
62	25	1
62	26	1
62	27	1
62	28	1
62	29	1
62	30	1
62	31	1
62	32	1
62	33	1
62	34	1
62	35	1
62	36	1
62	37	1
62	38	1
62	39	1
62	40	1
62	41	1
62	42	1
63	23	1
63	24	1
63	25	1
63	26	1
63	27	1
63	28	1
63	29	1
63	30	1
63	31	1
63	32	1
63	33	1
63	34	1
63	35	1
63	36	1
63	37	1
63	38	1
63	39	1
63	40	1
63	41	1
63	42	1
63	43	1
64	23	1
64	24	1
64	25	1
64	26	1
64	27	1
64	28	1
64	29	1
64	30	1
64	31	1
64	32	1
64	33	1
64	34	1
64	35	1
64	36	1
64	37	1
64	38	1
64	39	1
64	40	1
64	41	1
64	42	1
64	43	1
65	22	1
65	23	1
65	24	1
65	25	1
65	26	1
65	27	1
65	28	1
65	29	1
65	30	1
65	31	1
65	32	1
65	33	1
65	34	1
65	35	1
65	36	1
65	37	1
65	38	1
65	39	1
65	40	1
65	41	1
65	42	1
65	43	1
65	44	1
66	22	1
66	23	1
66	24	1
66	25	1
66	26	1
66	27	1
66	28	1
66	29	1
66	30	1
66	31	1
66	32	1
66	33	1
66	34	1
66	35	1
66	36	1
66	37	1
66	38	1
66	39	1
66	40	1
66	41	1
66	42	1
66	43	1
66	44	1
67	22	1
67	23	1
67	24	1
67	25	1
67	26	1
67	27	1
67	28	1
67	29	1
67	30	1
67	31	1
67	32	1
67	33	1
67	34	1
67	35	1
67	36	1
67	37	1
67	38	1
67	39	1
67	40	1
67	41	1
67	42	1
67	43	1
67	44	1
68	22	1
68	23	1
68	24	1
68	25	1
68	26	1
68	27	1
68	28	1
68	29	1
68	30	1
68	31	1
68	32	1
68	33	1
68	34	1
68	35	1
68	36	1
68	37	1
68	38	1
68	39	1
68	40	1
68	41	1
68	42	1
68	43	1
68	44	1
69	21	1
69	22	1
69	23	1
69	24	1
69	25	1
69	26	1
69	27	1
69	28	1
69	29	1
69	30	1
69	31	1
69	32	1
69	33	1
69	34	1
69	35	1
69	36	1
69	37	1
69	38	1
69	39	1
69	40	1
69	41	1
69	42	1
69	43	1
69	44	1
69	45	1
70	22	1
70	23	1
70	24	1
70	25	1
70	26	1
70	27	1
70	28	1
70	29	1
70	30	1
70	31	1
70	32	1
70	33	1
70	34	1
70	35	1
70	36	1
70	37	1
70	38	1
70	39	1
70	40	1
70	41	1
70	42	1
70	43	1
70	44	1
71	22	1
71	23	1
71	24	1
71	25	1
71	26	1
71	27	1
71	28	1
71	29	1
71	30	1
71	31	1
71	32	1
71	33	1
71	34	1
71	35	1
71	36	1
71	37	1
71	38	1
71	39	1
71	40	1
71	41	1
71	42	1
71	43	1
71	44	1
72	22	1
72	23	1
72	24	1
72	25	1
72	26	1
72	27	1
72	28	1
72	29	1
72	30	1
72	31	1
72	32	1
72	33	1
72	34	1
72	35	1
72	36	1
72	37	1
72	38	1
72	39	1
72	40	1
72	41	1
72	42	1
72	43	1
72	44	1
73	22	1
73	23	1
73	24	1
73	25	1
73	26	1
73	27	1
73	28	1
73	29	1
73	30	1
73	31	1
73	32	1
73	33	1
73	34	1
73	35	1
73	36	1
73	37	1
73	38	1
73	39	1
73	40	1
73	41	1
73	42	1
73	43	1
73	44	1
74	23	1
74	24	1
74	25	1
74	26	1
74	27	1
74	28	1
74	29	1
74	30	1
74	31	1
74	32	1
74	33	1
74	34	1
74	35	1
74	36	1
74	37	1
74	38	1
74	39	1
74	40	1
74	41	1
74	42	1
74	43	1
75	23	1
75	24	1
75	25	1
75	26	1
75	27	1
75	28	1
75	29	1
75	30	1
75	31	1
75	32	1
75	33	1
75	34	1
75	35	1
75	36	1
75	37	1
75	38	1
75	39	1
75	40	1
75	41	1
75	42	1
75	43	1
76	24	1
76	25	1
76	26	1
76	27	1
76	28	1
76	29	1
76	30	1
76	31	1
76	32	1
76	33	1
76	34	1
76	35	1
76	36	1
76	37	1
76	38	1
76	39	1
76	40	1
76	41	1
76	42	1
77	25	1
77	26	1
77	27	1
77	28	1
77	29	1
77	30	1
77	31	1
77	32	1
77	33	1
77	34	1
77	35	1
77	36	1
77	37	1
77	38	1
77	39	1
77	40	1
77	41	1
78	26	1
78	27	1
78	28	1
78	29	1
78	30	1
78	31	1
78	32	1
78	33	1
78	34	1
78	35	1
78	36	1
78	37	1
78	38	1
78	39	1
78	40	1
79	27	1
79	28	1
79	29	1
79	30	1
79	31	1
79	32	1
79	33	1
79	34	1
79	35	1
79	36	1
79	37	1
79	38	1
79	39	1
80	29	1
80	30	1
80	31	1
80	32	1
80	33	1
80	34	1
80	35	1
80	36	1
80	37	1
81	33	1
