pix_x	pix_y	Flag
123	93	1
123	94	1
123	95	1
124	92	1
124	93	1
124	94	1
124	95	1
124	96	1
125	91	1
125	92	1
125	93	1
125	94	1
125	95	1
125	96	1
125	97	1
126	91	1
126	92	1
126	93	1
126	94	1
126	95	1
126	96	1
126	97	1
127	91	1
127	92	1
127	93	1
127	94	1
127	95	1
127	96	1
127	97	1
128	92	1
128	93	1
128	94	1
128	95	1
128	96	1
129	93	1
129	94	1
129	95	1
96	81	1
96	82	1
96	83	1
97	80	1
97	81	1
97	82	1
97	83	1
97	84	1
98	79	1
98	80	1
98	81	1
98	82	1
98	83	1
98	84	1
98	85	1
99	79	1
99	80	1
99	81	1
99	82	1
99	83	1
99	84	1
99	85	1
100	79	1
100	80	1
100	81	1
100	82	1
100	83	1
100	84	1
100	85	1
101	80	1
101	81	1
101	82	1
101	83	1
101	84	1
102	81	1
102	82	1
102	83	1
2	79	1
3	76	1
3	77	1
3	78	1
3	79	1
3	80	1
3	81	1
3	82	1
4	75	1
4	76	1
4	77	1
4	78	1
4	79	1
4	80	1
4	81	1
4	82	1
4	83	1
5	75	1
5	76	1
5	77	1
5	78	1
5	79	1
5	80	1
5	81	1
5	82	1
5	83	1
6	75	1
6	76	1
6	77	1
6	78	1
6	79	1
6	80	1
6	81	1
6	82	1
6	83	1
7	74	1
7	75	1
7	76	1
7	77	1
7	78	1
7	79	1
7	80	1
7	81	1
7	82	1
7	83	1
7	84	1
8	75	1
8	76	1
8	77	1
8	78	1
8	79	1
8	80	1
8	81	1
8	82	1
8	83	1
9	75	1
9	76	1
9	77	1
9	78	1
9	79	1
9	80	1
9	81	1
9	82	1
9	83	1
10	75	1
10	76	1
10	77	1
10	78	1
10	79	1
10	80	1
10	81	1
10	82	1
10	83	1
11	76	1
11	77	1
11	78	1
11	79	1
11	80	1
11	81	1
11	82	1
12	79	1
