pix_x	pix_y	Flag
55	26	1
56	23	1
56	24	1
56	25	1
56	26	1
56	27	1
56	28	1
56	29	1
57	22	1
57	23	1
57	24	1
57	25	1
57	26	1
57	27	1
57	28	1
57	29	1
57	30	1
58	21	1
58	22	1
58	23	1
58	24	1
58	25	1
58	26	1
58	27	1
58	28	1
58	29	1
58	30	1
58	31	1
59	21	1
59	22	1
59	23	1
59	24	1
59	25	1
59	26	1
59	27	1
59	28	1
59	29	1
59	30	1
59	31	1
60	21	1
60	22	1
60	23	1
60	24	1
60	25	1
60	26	1
60	27	1
60	28	1
60	29	1
60	30	1
60	31	1
61	20	1
61	21	1
61	22	1
61	23	1
61	24	1
61	25	1
61	26	1
61	27	1
61	28	1
61	29	1
61	30	1
61	31	1
61	32	1
62	21	1
62	22	1
62	23	1
62	24	1
62	25	1
62	26	1
62	27	1
62	28	1
62	29	1
62	30	1
62	31	1
63	21	1
63	22	1
63	23	1
63	24	1
63	25	1
63	26	1
63	27	1
63	28	1
63	29	1
63	30	1
63	31	1
64	21	1
64	22	1
64	23	1
64	24	1
64	25	1
64	26	1
64	27	1
64	28	1
64	29	1
64	30	1
64	31	1
65	22	1
65	23	1
65	24	1
65	25	1
65	26	1
65	27	1
65	28	1
65	29	1
65	30	1
66	23	1
66	24	1
66	25	1
66	26	1
66	27	1
66	28	1
66	29	1
67	26	1
51	23	1
51	24	1
51	25	1
51	26	1
51	27	1
51	28	1
51	29	1
52	21	1
52	22	1
52	23	1
52	24	1
52	25	1
52	26	1
52	27	1
52	28	1
52	29	1
52	30	1
52	31	1
53	19	1
53	20	1
53	21	1
53	22	1
53	23	1
53	24	1
53	25	1
53	26	1
53	27	1
53	28	1
53	29	1
53	30	1
53	31	1
53	32	1
53	33	1
54	18	1
54	19	1
54	20	1
54	21	1
54	22	1
54	23	1
54	24	1
54	25	1
54	26	1
54	27	1
54	28	1
54	29	1
54	30	1
54	31	1
54	32	1
54	33	1
54	34	1
55	17	1
55	18	1
55	19	1
55	20	1
55	21	1
55	22	1
55	23	1
55	24	1
55	25	1
55	26	1
55	27	1
55	28	1
55	29	1
55	30	1
55	31	1
55	32	1
55	33	1
55	34	1
55	35	1
56	17	1
56	18	1
56	19	1
56	20	1
56	21	1
56	22	1
56	23	1
56	24	1
56	25	1
56	26	1
56	27	1
56	28	1
56	29	1
56	30	1
56	31	1
56	32	1
56	33	1
56	34	1
56	35	1
57	16	1
57	17	1
57	18	1
57	19	1
57	20	1
57	21	1
57	22	1
57	23	1
57	24	1
57	25	1
57	26	1
57	27	1
57	28	1
57	29	1
57	30	1
57	31	1
57	32	1
57	33	1
57	34	1
57	35	1
57	36	1
58	16	1
58	17	1
58	18	1
58	19	1
58	20	1
58	21	1
58	22	1
58	23	1
58	24	1
58	25	1
58	26	1
58	27	1
58	28	1
58	29	1
58	30	1
58	31	1
58	32	1
58	33	1
58	34	1
58	35	1
58	36	1
59	15	1
59	16	1
59	17	1
59	18	1
59	19	1
59	20	1
59	21	1
59	22	1
59	23	1
59	24	1
59	25	1
59	26	1
59	27	1
59	28	1
59	29	1
59	30	1
59	31	1
59	32	1
59	33	1
59	34	1
59	35	1
59	36	1
59	37	1
60	15	1
60	16	1
60	17	1
60	18	1
60	19	1
60	20	1
60	21	1
60	22	1
60	23	1
60	24	1
60	25	1
60	26	1
60	27	1
60	28	1
60	29	1
60	30	1
60	31	1
60	32	1
60	33	1
60	34	1
60	35	1
60	36	1
60	37	1
61	15	1
61	16	1
61	17	1
61	18	1
61	19	1
61	20	1
61	21	1
61	22	1
61	23	1
61	24	1
61	25	1
61	26	1
61	27	1
61	28	1
61	29	1
61	30	1
61	31	1
61	32	1
61	33	1
61	34	1
61	35	1
61	36	1
61	37	1
62	15	1
62	16	1
62	17	1
62	18	1
62	19	1
62	20	1
62	21	1
62	22	1
62	23	1
62	24	1
62	25	1
62	26	1
62	27	1
62	28	1
62	29	1
62	30	1
62	31	1
62	32	1
62	33	1
62	34	1
62	35	1
62	36	1
62	37	1
63	15	1
63	16	1
63	17	1
63	18	1
63	19	1
63	20	1
63	21	1
63	22	1
63	23	1
63	24	1
63	25	1
63	26	1
63	27	1
63	28	1
63	29	1
63	30	1
63	31	1
63	32	1
63	33	1
63	34	1
63	35	1
63	36	1
63	37	1
64	15	1
64	16	1
64	17	1
64	18	1
64	19	1
64	20	1
64	21	1
64	22	1
64	23	1
64	24	1
64	25	1
64	26	1
64	27	1
64	28	1
64	29	1
64	30	1
64	31	1
64	32	1
64	33	1
64	34	1
64	35	1
64	36	1
64	37	1
65	15	1
65	16	1
65	17	1
65	18	1
65	19	1
65	20	1
65	21	1
65	22	1
65	23	1
65	24	1
65	25	1
65	26	1
65	27	1
65	28	1
65	29	1
65	30	1
65	31	1
65	32	1
65	33	1
65	34	1
65	35	1
65	36	1
65	37	1
66	16	1
66	17	1
66	18	1
66	19	1
66	20	1
66	21	1
66	22	1
66	23	1
66	24	1
66	25	1
66	26	1
66	27	1
66	28	1
66	29	1
66	30	1
66	31	1
66	32	1
66	33	1
66	34	1
66	35	1
66	36	1
67	16	1
67	17	1
67	18	1
67	19	1
67	20	1
67	21	1
67	22	1
67	23	1
67	24	1
67	25	1
67	26	1
67	27	1
67	28	1
67	29	1
67	30	1
67	31	1
67	32	1
67	33	1
67	34	1
67	35	1
67	36	1
68	17	1
68	18	1
68	19	1
68	20	1
68	21	1
68	22	1
68	23	1
68	24	1
68	25	1
68	26	1
68	27	1
68	28	1
68	29	1
68	30	1
68	31	1
68	32	1
68	33	1
68	34	1
68	35	1
69	17	1
69	18	1
69	19	1
69	20	1
69	21	1
69	22	1
69	23	1
69	24	1
69	25	1
69	26	1
69	27	1
69	28	1
69	29	1
69	30	1
69	31	1
69	32	1
69	33	1
69	34	1
69	35	1
70	18	1
70	19	1
70	20	1
70	21	1
70	22	1
70	23	1
70	24	1
70	25	1
70	26	1
70	27	1
70	28	1
70	29	1
70	30	1
70	31	1
70	32	1
70	33	1
70	34	1
71	19	1
71	20	1
71	21	1
71	22	1
71	23	1
71	24	1
71	25	1
71	26	1
71	27	1
71	28	1
71	29	1
71	30	1
71	31	1
71	32	1
71	33	1
72	21	1
72	22	1
72	23	1
72	24	1
72	25	1
72	26	1
72	27	1
72	28	1
72	29	1
72	30	1
72	31	1
73	23	1
73	24	1
73	25	1
73	26	1
73	27	1
73	28	1
73	29	1
