pix_x	pix_y	Flag
62	151	-1
63	146	-1
63	147	-1
63	148	-1
63	149	-1
63	150	-1
63	151	-1
63	152	-1
63	153	-1
63	154	-1
63	155	-1
63	156	-1
64	144	-1
64	145	-1
64	146	-1
64	147	-1
64	148	-1
64	149	-1
64	150	-1
64	151	-1
64	152	-1
64	153	-1
64	154	-1
64	155	-1
64	156	-1
64	157	-1
64	158	-1
65	142	-1
65	143	-1
65	144	-1
65	145	-1
65	146	-1
65	147	-1
65	148	-1
65	149	-1
65	150	-1
65	151	-1
65	152	-1
65	153	-1
65	154	-1
65	155	-1
65	156	-1
65	157	-1
65	158	-1
65	159	-1
65	160	-1
66	141	-1
66	142	-1
66	143	-1
66	144	-1
66	145	-1
66	146	-1
66	147	-1
66	148	-1
66	149	-1
66	150	-1
66	151	-1
66	152	-1
66	153	-1
66	154	-1
66	155	-1
66	156	-1
66	157	-1
66	158	-1
66	159	-1
66	160	-1
66	161	-1
67	140	-1
67	141	-1
67	142	-1
67	143	-1
67	144	-1
67	145	-1
67	146	-1
67	147	-1
67	148	-1
67	149	-1
67	150	-1
67	151	-1
67	152	-1
67	153	-1
67	154	-1
67	155	-1
67	156	-1
67	157	-1
67	158	-1
67	159	-1
67	160	-1
67	161	-1
68	139	-1
68	140	-1
68	141	-1
68	142	-1
68	143	-1
68	144	-1
68	145	-1
68	146	-1
68	147	-1
68	148	-1
68	149	-1
68	150	-1
68	151	-1
68	152	-1
68	153	-1
68	154	-1
68	155	-1
68	156	-1
68	157	-1
68	158	-1
68	159	-1
68	160	-1
68	161	-1
69	139	-1
69	140	-1
69	141	-1
69	142	-1
69	143	-1
69	144	-1
69	145	-1
69	146	-1
69	147	-1
69	148	-1
69	149	-1
69	150	-1
69	151	-1
69	152	-1
69	153	-1
69	154	-1
69	155	-1
69	156	-1
69	157	-1
69	158	-1
69	159	-1
69	160	-1
69	161	-1
70	138	-1
70	139	-1
70	140	-1
70	141	-1
70	142	-1
70	143	-1
70	144	-1
70	145	-1
70	146	-1
70	147	-1
70	148	-1
70	149	-1
70	150	-1
70	151	-1
70	152	-1
70	153	-1
70	154	-1
70	155	-1
70	156	-1
70	157	-1
70	158	-1
70	159	-1
70	160	-1
70	161	-1
71	138	-1
71	139	-1
71	140	-1
71	141	-1
71	142	-1
71	143	-1
71	144	-1
71	145	-1
71	146	-1
71	147	-1
71	148	-1
71	149	-1
71	150	-1
71	151	-1
71	152	-1
71	153	-1
71	154	-1
71	155	-1
71	156	-1
71	157	-1
71	158	-1
71	159	-1
71	160	-1
71	161	-1
72	137	-1
72	138	-1
72	139	-1
72	140	-1
72	141	-1
72	142	-1
72	143	-1
72	144	-1
72	145	-1
72	146	-1
72	147	-1
72	148	-1
72	149	-1
72	150	-1
72	151	-1
72	152	-1
72	153	-1
72	154	-1
72	155	-1
72	156	-1
72	157	-1
72	158	-1
72	159	-1
72	160	-1
72	161	-1
73	137	-1
73	138	-1
73	139	-1
73	140	-1
73	141	-1
73	142	-1
73	143	-1
73	144	-1
73	145	-1
73	146	-1
73	147	-1
73	148	-1
73	149	-1
73	150	-1
73	151	-1
73	152	-1
73	153	-1
73	154	-1
73	155	-1
73	156	-1
73	157	-1
73	158	-1
73	159	-1
73	160	-1
73	161	-1
74	137	-1
74	138	-1
74	139	-1
74	140	-1
74	141	-1
74	142	-1
74	143	-1
74	144	-1
74	145	-1
74	146	-1
74	147	-1
74	148	-1
74	149	-1
74	150	-1
74	151	-1
74	152	-1
74	153	-1
74	154	-1
74	155	-1
74	156	-1
74	157	-1
74	158	-1
74	159	-1
74	160	-1
74	161	-1
75	137	-1
75	138	-1
75	139	-1
75	140	-1
75	141	-1
75	142	-1
75	143	-1
75	144	-1
75	145	-1
75	146	-1
75	147	-1
75	148	-1
75	149	-1
75	150	-1
75	151	-1
75	152	-1
75	153	-1
75	154	-1
75	155	-1
75	156	-1
75	157	-1
75	158	-1
75	159	-1
75	160	-1
75	161	-1
76	137	-1
76	138	-1
76	139	-1
76	140	-1
76	141	-1
76	142	-1
76	143	-1
76	144	-1
76	145	-1
76	146	-1
76	147	-1
76	148	-1
76	149	-1
76	150	-1
76	151	-1
76	152	-1
76	153	-1
76	154	-1
76	155	-1
76	156	-1
76	157	-1
76	158	-1
76	159	-1
76	160	-1
76	161	-1
77	136	-1
77	137	-1
77	138	-1
77	139	-1
77	140	-1
77	141	-1
77	142	-1
77	143	-1
77	144	-1
77	145	-1
77	146	-1
77	147	-1
77	148	-1
77	149	-1
77	150	-1
77	151	-1
77	152	-1
77	153	-1
77	154	-1
77	155	-1
77	156	-1
77	157	-1
77	158	-1
77	159	-1
77	160	-1
77	161	-1
78	137	-1
78	138	-1
78	139	-1
78	140	-1
78	141	-1
78	142	-1
78	143	-1
78	144	-1
78	145	-1
78	146	-1
78	147	-1
78	148	-1
78	149	-1
78	150	-1
78	151	-1
78	152	-1
78	153	-1
78	154	-1
78	155	-1
78	156	-1
78	157	-1
78	158	-1
78	159	-1
78	160	-1
78	161	-1
79	137	-1
79	138	-1
79	139	-1
79	140	-1
79	141	-1
79	142	-1
79	143	-1
79	144	-1
79	145	-1
79	146	-1
79	147	-1
79	148	-1
79	149	-1
79	150	-1
79	151	-1
79	152	-1
79	153	-1
79	154	-1
79	155	-1
79	156	-1
79	157	-1
79	158	-1
79	159	-1
79	160	-1
79	161	-1
80	137	-1
80	138	-1
80	139	-1
80	140	-1
80	141	-1
80	142	-1
80	143	-1
80	144	-1
80	145	-1
80	146	-1
80	147	-1
80	148	-1
80	149	-1
80	150	-1
80	151	-1
80	152	-1
80	153	-1
80	154	-1
80	155	-1
80	156	-1
80	157	-1
80	158	-1
80	159	-1
80	160	-1
80	161	-1
81	137	-1
81	138	-1
81	139	-1
81	140	-1
81	141	-1
81	142	-1
81	143	-1
81	144	-1
81	145	-1
81	146	-1
81	147	-1
81	148	-1
81	149	-1
81	150	-1
81	151	-1
81	152	-1
81	153	-1
81	154	-1
81	155	-1
81	156	-1
81	157	-1
81	158	-1
81	159	-1
81	160	-1
81	161	-1
82	137	-1
82	138	-1
82	139	-1
82	140	-1
82	141	-1
82	142	-1
82	143	-1
82	144	-1
82	145	-1
82	146	-1
82	147	-1
82	148	-1
82	149	-1
82	150	-1
82	151	-1
82	152	-1
82	153	-1
82	154	-1
82	155	-1
82	156	-1
82	157	-1
82	158	-1
82	159	-1
82	160	-1
82	161	-1
83	138	-1
83	139	-1
83	140	-1
83	141	-1
83	142	-1
83	143	-1
83	144	-1
83	145	-1
83	146	-1
83	147	-1
83	148	-1
83	149	-1
83	150	-1
83	151	-1
83	152	-1
83	153	-1
83	154	-1
83	155	-1
83	156	-1
83	157	-1
83	158	-1
83	159	-1
83	160	-1
83	161	-1
84	138	-1
84	139	-1
84	140	-1
84	141	-1
84	142	-1
84	143	-1
84	144	-1
84	145	-1
84	146	-1
84	147	-1
84	148	-1
84	149	-1
84	150	-1
84	151	-1
84	152	-1
84	153	-1
84	154	-1
84	155	-1
84	156	-1
84	157	-1
84	158	-1
84	159	-1
84	160	-1
84	161	-1
85	139	-1
85	140	-1
85	141	-1
85	142	-1
85	143	-1
85	144	-1
85	145	-1
85	146	-1
85	147	-1
85	148	-1
85	149	-1
85	150	-1
85	151	-1
85	152	-1
85	153	-1
85	154	-1
85	155	-1
85	156	-1
85	157	-1
85	158	-1
85	159	-1
85	160	-1
85	161	-1
86	139	-1
86	140	-1
86	141	-1
86	142	-1
86	143	-1
86	144	-1
86	145	-1
86	146	-1
86	147	-1
86	148	-1
86	149	-1
86	150	-1
86	151	-1
86	152	-1
86	153	-1
86	154	-1
86	155	-1
86	156	-1
86	157	-1
86	158	-1
86	159	-1
86	160	-1
86	161	-1
87	140	-1
87	141	-1
87	142	-1
87	143	-1
87	144	-1
87	145	-1
87	146	-1
87	147	-1
87	148	-1
87	149	-1
87	150	-1
87	151	-1
87	152	-1
87	153	-1
87	154	-1
87	155	-1
87	156	-1
87	157	-1
87	158	-1
87	159	-1
87	160	-1
87	161	-1
88	141	-1
88	142	-1
88	143	-1
88	144	-1
88	145	-1
88	146	-1
88	147	-1
88	148	-1
88	149	-1
88	150	-1
88	151	-1
88	152	-1
88	153	-1
88	154	-1
88	155	-1
88	156	-1
88	157	-1
88	158	-1
88	159	-1
88	160	-1
88	161	-1
89	142	-1
89	143	-1
89	144	-1
89	145	-1
89	146	-1
89	147	-1
89	148	-1
89	149	-1
89	150	-1
89	151	-1
89	152	-1
89	153	-1
89	154	-1
89	155	-1
89	156	-1
89	157	-1
89	158	-1
89	159	-1
89	160	-1
90	144	-1
90	145	-1
90	146	-1
90	147	-1
90	148	-1
90	149	-1
90	150	-1
90	151	-1
90	152	-1
90	153	-1
90	154	-1
90	155	-1
90	156	-1
90	157	-1
90	158	-1
91	146	-1
91	147	-1
91	148	-1
91	149	-1
91	150	-1
91	151	-1
91	152	-1
91	153	-1
91	154	-1
91	155	-1
91	156	-1
92	151	-1
