pix_x	pix_y	Flag
11	120	-1
12	118	-1
12	119	-1
12	120	-1
12	121	-1
12	122	-1
13	117	-1
13	118	-1
13	119	-1
13	120	-1
13	121	-1
13	122	-1
13	123	-1
14	117	-1
14	118	-1
14	119	-1
14	120	-1
14	121	-1
14	122	-1
14	123	-1
15	116	-1
15	117	-1
15	118	-1
15	119	-1
15	120	-1
15	121	-1
15	122	-1
15	123	-1
15	124	-1
16	117	-1
16	118	-1
16	119	-1
16	120	-1
16	121	-1
16	122	-1
16	123	-1
17	117	-1
17	118	-1
17	119	-1
17	120	-1
17	121	-1
17	122	-1
17	123	-1
18	118	-1
18	119	-1
18	120	-1
18	121	-1
18	122	-1
19	120	-1
51	15	-1
51	16	-1
51	17	-1
51	18	-1
51	19	-1
52	14	-1
52	15	-1
52	16	-1
52	17	-1
52	18	-1
52	19	-1
52	20	-1
53	13	-1
53	14	-1
53	15	-1
53	16	-1
53	17	-1
53	18	-1
53	19	-1
53	20	-1
53	21	-1
54	12	-1
54	13	-1
54	14	-1
54	15	-1
54	16	-1
54	17	-1
54	18	-1
54	19	-1
54	20	-1
54	21	-1
54	22	-1
55	12	-1
55	13	-1
55	14	-1
55	15	-1
55	16	-1
55	17	-1
55	18	-1
55	19	-1
55	20	-1
55	21	-1
55	22	-1
56	12	-1
56	13	-1
56	14	-1
56	15	-1
56	16	-1
56	17	-1
56	18	-1
56	19	-1
56	20	-1
56	21	-1
56	22	-1
57	12	-1
57	13	-1
57	14	-1
57	15	-1
57	16	-1
57	17	-1
57	18	-1
57	19	-1
57	20	-1
57	21	-1
57	22	-1
58	12	-1
58	13	-1
58	14	-1
58	15	-1
58	16	-1
58	17	-1
58	18	-1
58	19	-1
58	20	-1
58	21	-1
58	22	-1
59	13	-1
59	14	-1
59	15	-1
59	16	-1
59	17	-1
59	18	-1
59	19	-1
59	20	-1
59	21	-1
60	14	-1
60	15	-1
60	16	-1
60	17	-1
60	18	-1
60	19	-1
60	20	-1
61	15	-1
61	16	-1
61	17	-1
61	18	-1
61	19	-1
122	55	-1
123	52	-1
123	53	-1
123	54	-1
123	55	-1
123	56	-1
123	57	-1
123	58	-1
124	51	-1
124	52	-1
124	53	-1
124	54	-1
124	55	-1
124	56	-1
124	57	-1
124	58	-1
124	59	-1
125	50	-1
125	51	-1
125	52	-1
125	53	-1
125	54	-1
125	55	-1
125	56	-1
125	57	-1
125	58	-1
125	59	-1
125	60	-1
126	49	-1
126	50	-1
126	51	-1
126	52	-1
126	53	-1
126	54	-1
126	55	-1
126	56	-1
126	57	-1
126	58	-1
126	59	-1
126	60	-1
126	61	-1
127	49	-1
127	50	-1
127	51	-1
127	52	-1
127	53	-1
127	54	-1
127	55	-1
127	56	-1
127	57	-1
127	58	-1
127	59	-1
127	60	-1
127	61	-1
128	49	-1
128	50	-1
128	51	-1
128	52	-1
128	53	-1
128	54	-1
128	55	-1
128	56	-1
128	57	-1
128	58	-1
128	59	-1
128	60	-1
128	61	-1
129	48	-1
129	49	-1
129	50	-1
129	51	-1
129	52	-1
129	53	-1
129	54	-1
129	55	-1
129	56	-1
129	57	-1
129	58	-1
129	59	-1
129	60	-1
129	61	-1
129	62	-1
130	49	-1
130	50	-1
130	51	-1
130	52	-1
130	53	-1
130	54	-1
130	55	-1
130	56	-1
130	57	-1
130	58	-1
130	59	-1
130	60	-1
130	61	-1
131	49	-1
131	50	-1
131	51	-1
131	52	-1
131	53	-1
131	54	-1
131	55	-1
131	56	-1
131	57	-1
131	58	-1
131	59	-1
131	60	-1
131	61	-1
132	49	-1
132	50	-1
132	51	-1
132	52	-1
132	53	-1
132	54	-1
132	55	-1
132	56	-1
132	57	-1
132	58	-1
132	59	-1
132	60	-1
132	61	-1
133	50	-1
133	51	-1
133	52	-1
133	53	-1
133	54	-1
133	55	-1
133	56	-1
133	57	-1
133	58	-1
133	59	-1
133	60	-1
134	51	-1
134	52	-1
134	53	-1
134	54	-1
134	55	-1
134	56	-1
134	57	-1
134	58	-1
134	59	-1
135	52	-1
135	53	-1
135	54	-1
135	55	-1
135	56	-1
135	57	-1
135	58	-1
136	55	-1
