pix_x	pix_y	Flag
58	76	-1
59	71	-1
59	72	-1
59	73	-1
59	74	-1
59	75	-1
59	76	-1
59	77	-1
59	78	-1
59	79	-1
59	80	-1
59	81	-1
60	69	-1
60	70	-1
60	71	-1
60	72	-1
60	73	-1
60	74	-1
60	75	-1
60	76	-1
60	77	-1
60	78	-1
60	79	-1
60	80	-1
60	81	-1
60	82	-1
60	83	-1
61	67	-1
61	68	-1
61	69	-1
61	70	-1
61	71	-1
61	72	-1
61	73	-1
61	74	-1
61	75	-1
61	76	-1
61	77	-1
61	78	-1
61	79	-1
61	80	-1
61	81	-1
61	82	-1
61	83	-1
61	84	-1
61	85	-1
62	66	-1
62	67	-1
62	68	-1
62	69	-1
62	70	-1
62	71	-1
62	72	-1
62	73	-1
62	74	-1
62	75	-1
62	76	-1
62	77	-1
62	78	-1
62	79	-1
62	80	-1
62	81	-1
62	82	-1
62	83	-1
62	84	-1
62	85	-1
62	86	-1
63	65	-1
63	66	-1
63	67	-1
63	68	-1
63	69	-1
63	70	-1
63	71	-1
63	72	-1
63	73	-1
63	74	-1
63	75	-1
63	76	-1
63	77	-1
63	78	-1
63	79	-1
63	80	-1
63	81	-1
63	82	-1
63	83	-1
63	84	-1
63	85	-1
63	86	-1
63	87	-1
64	64	-1
64	65	-1
64	66	-1
64	67	-1
64	68	-1
64	69	-1
64	70	-1
64	71	-1
64	72	-1
64	73	-1
64	74	-1
64	75	-1
64	76	-1
64	77	-1
64	78	-1
64	79	-1
64	80	-1
64	81	-1
64	82	-1
64	83	-1
64	84	-1
64	85	-1
64	86	-1
64	87	-1
64	88	-1
65	64	-1
65	65	-1
65	66	-1
65	67	-1
65	68	-1
65	69	-1
65	70	-1
65	71	-1
65	72	-1
65	73	-1
65	74	-1
65	75	-1
65	76	-1
65	77	-1
65	78	-1
65	79	-1
65	80	-1
65	81	-1
65	82	-1
65	83	-1
65	84	-1
65	85	-1
65	86	-1
65	87	-1
65	88	-1
66	63	-1
66	64	-1
66	65	-1
66	66	-1
66	67	-1
66	68	-1
66	69	-1
66	70	-1
66	71	-1
66	72	-1
66	73	-1
66	74	-1
66	75	-1
66	76	-1
66	77	-1
66	78	-1
66	79	-1
66	80	-1
66	81	-1
66	82	-1
66	83	-1
66	84	-1
66	85	-1
66	86	-1
66	87	-1
66	88	-1
66	89	-1
67	63	-1
67	64	-1
67	65	-1
67	66	-1
67	67	-1
67	68	-1
67	69	-1
67	70	-1
67	71	-1
67	72	-1
67	73	-1
67	74	-1
67	75	-1
67	76	-1
67	77	-1
67	78	-1
67	79	-1
67	80	-1
67	81	-1
67	82	-1
67	83	-1
67	84	-1
67	85	-1
67	86	-1
67	87	-1
67	88	-1
67	89	-1
68	62	-1
68	63	-1
68	64	-1
68	65	-1
68	66	-1
68	67	-1
68	68	-1
68	69	-1
68	70	-1
68	71	-1
68	72	-1
68	73	-1
68	74	-1
68	75	-1
68	76	-1
68	77	-1
68	78	-1
68	79	-1
68	80	-1
68	81	-1
68	82	-1
68	83	-1
68	84	-1
68	85	-1
68	86	-1
68	87	-1
68	88	-1
68	89	-1
68	90	-1
69	62	-1
69	63	-1
69	64	-1
69	65	-1
69	66	-1
69	67	-1
69	68	-1
69	69	-1
69	70	-1
69	71	-1
69	72	-1
69	73	-1
69	74	-1
69	75	-1
69	76	-1
69	77	-1
69	78	-1
69	79	-1
69	80	-1
69	81	-1
69	82	-1
69	83	-1
69	84	-1
69	85	-1
69	86	-1
69	87	-1
69	88	-1
69	89	-1
69	90	-1
70	62	-1
70	63	-1
70	64	-1
70	65	-1
70	66	-1
70	67	-1
70	68	-1
70	69	-1
70	70	-1
70	71	-1
70	72	-1
70	73	-1
70	74	-1
70	75	-1
70	76	-1
70	77	-1
70	78	-1
70	79	-1
70	80	-1
70	81	-1
70	82	-1
70	83	-1
70	84	-1
70	85	-1
70	86	-1
70	87	-1
70	88	-1
70	89	-1
70	90	-1
71	62	-1
71	63	-1
71	64	-1
71	65	-1
71	66	-1
71	67	-1
71	68	-1
71	69	-1
71	70	-1
71	71	-1
71	72	-1
71	73	-1
71	74	-1
71	75	-1
71	76	-1
71	77	-1
71	78	-1
71	79	-1
71	80	-1
71	81	-1
71	82	-1
71	83	-1
71	84	-1
71	85	-1
71	86	-1
71	87	-1
71	88	-1
71	89	-1
71	90	-1
72	62	-1
72	63	-1
72	64	-1
72	65	-1
72	66	-1
72	67	-1
72	68	-1
72	69	-1
72	70	-1
72	71	-1
72	72	-1
72	73	-1
72	74	-1
72	75	-1
72	76	-1
72	77	-1
72	78	-1
72	79	-1
72	80	-1
72	81	-1
72	82	-1
72	83	-1
72	84	-1
72	85	-1
72	86	-1
72	87	-1
72	88	-1
72	89	-1
72	90	-1
73	61	-1
73	62	-1
73	63	-1
73	64	-1
73	65	-1
73	66	-1
73	67	-1
73	68	-1
73	69	-1
73	70	-1
73	71	-1
73	72	-1
73	73	-1
73	74	-1
73	75	-1
73	76	-1
73	77	-1
73	78	-1
73	79	-1
73	80	-1
73	81	-1
73	82	-1
73	83	-1
73	84	-1
73	85	-1
73	86	-1
73	87	-1
73	88	-1
73	89	-1
73	90	-1
73	91	-1
74	62	-1
74	63	-1
74	64	-1
74	65	-1
74	66	-1
74	67	-1
74	68	-1
74	69	-1
74	70	-1
74	71	-1
74	72	-1
74	73	-1
74	74	-1
74	75	-1
74	76	-1
74	77	-1
74	78	-1
74	79	-1
74	80	-1
74	81	-1
74	82	-1
74	83	-1
74	84	-1
74	85	-1
74	86	-1
74	87	-1
74	88	-1
74	89	-1
74	90	-1
75	62	-1
75	63	-1
75	64	-1
75	65	-1
75	66	-1
75	67	-1
75	68	-1
75	69	-1
75	70	-1
75	71	-1
75	72	-1
75	73	-1
75	74	-1
75	75	-1
75	76	-1
75	77	-1
75	78	-1
75	79	-1
75	80	-1
75	81	-1
75	82	-1
75	83	-1
75	84	-1
75	85	-1
75	86	-1
75	87	-1
75	88	-1
75	89	-1
75	90	-1
76	62	-1
76	63	-1
76	64	-1
76	65	-1
76	66	-1
76	67	-1
76	68	-1
76	69	-1
76	70	-1
76	71	-1
76	72	-1
76	73	-1
76	74	-1
76	75	-1
76	76	-1
76	77	-1
76	78	-1
76	79	-1
76	80	-1
76	81	-1
76	82	-1
76	83	-1
76	84	-1
76	85	-1
76	86	-1
76	87	-1
76	88	-1
76	89	-1
76	90	-1
77	62	-1
77	63	-1
77	64	-1
77	65	-1
77	66	-1
77	67	-1
77	68	-1
77	69	-1
77	70	-1
77	71	-1
77	72	-1
77	73	-1
77	74	-1
77	75	-1
77	76	-1
77	77	-1
77	78	-1
77	79	-1
77	80	-1
77	81	-1
77	82	-1
77	83	-1
77	84	-1
77	85	-1
77	86	-1
77	87	-1
77	88	-1
77	89	-1
77	90	-1
78	62	-1
78	63	-1
78	64	-1
78	65	-1
78	66	-1
78	67	-1
78	68	-1
78	69	-1
78	70	-1
78	71	-1
78	72	-1
78	73	-1
78	74	-1
78	75	-1
78	76	-1
78	77	-1
78	78	-1
78	79	-1
78	80	-1
78	81	-1
78	82	-1
78	83	-1
78	84	-1
78	85	-1
78	86	-1
78	87	-1
78	88	-1
78	89	-1
78	90	-1
79	63	-1
79	64	-1
79	65	-1
79	66	-1
79	67	-1
79	68	-1
79	69	-1
79	70	-1
79	71	-1
79	72	-1
79	73	-1
79	74	-1
79	75	-1
79	76	-1
79	77	-1
79	78	-1
79	79	-1
79	80	-1
79	81	-1
79	82	-1
79	83	-1
79	84	-1
79	85	-1
79	86	-1
79	87	-1
79	88	-1
79	89	-1
80	63	-1
80	64	-1
80	65	-1
80	66	-1
80	67	-1
80	68	-1
80	69	-1
80	70	-1
80	71	-1
80	72	-1
80	73	-1
80	74	-1
80	75	-1
80	76	-1
80	77	-1
80	78	-1
80	79	-1
80	80	-1
80	81	-1
80	82	-1
80	83	-1
80	84	-1
80	85	-1
80	86	-1
80	87	-1
80	88	-1
80	89	-1
81	64	-1
81	65	-1
81	66	-1
81	67	-1
81	68	-1
81	69	-1
81	70	-1
81	71	-1
81	72	-1
81	73	-1
81	74	-1
81	75	-1
81	76	-1
81	77	-1
81	78	-1
81	79	-1
81	80	-1
81	81	-1
81	82	-1
81	83	-1
81	84	-1
81	85	-1
81	86	-1
81	87	-1
81	88	-1
82	64	-1
82	65	-1
82	66	-1
82	67	-1
82	68	-1
82	69	-1
82	70	-1
82	71	-1
82	72	-1
82	73	-1
82	74	-1
82	75	-1
82	76	-1
82	77	-1
82	78	-1
82	79	-1
82	80	-1
82	81	-1
82	82	-1
82	83	-1
82	84	-1
82	85	-1
82	86	-1
82	87	-1
82	88	-1
83	65	-1
83	66	-1
83	67	-1
83	68	-1
83	69	-1
83	70	-1
83	71	-1
83	72	-1
83	73	-1
83	74	-1
83	75	-1
83	76	-1
83	77	-1
83	78	-1
83	79	-1
83	80	-1
83	81	-1
83	82	-1
83	83	-1
83	84	-1
83	85	-1
83	86	-1
83	87	-1
84	66	-1
84	67	-1
84	68	-1
84	69	-1
84	70	-1
84	71	-1
84	72	-1
84	73	-1
84	74	-1
84	75	-1
84	76	-1
84	77	-1
84	78	-1
84	79	-1
84	80	-1
84	81	-1
84	82	-1
84	83	-1
84	84	-1
84	85	-1
84	86	-1
85	67	-1
85	68	-1
85	69	-1
85	70	-1
85	71	-1
85	72	-1
85	73	-1
85	74	-1
85	75	-1
85	76	-1
85	77	-1
85	78	-1
85	79	-1
85	80	-1
85	81	-1
85	82	-1
85	83	-1
85	84	-1
85	85	-1
86	69	-1
86	70	-1
86	71	-1
86	72	-1
86	73	-1
86	74	-1
86	75	-1
86	76	-1
86	77	-1
86	78	-1
86	79	-1
86	80	-1
86	81	-1
86	82	-1
86	83	-1
87	71	-1
87	72	-1
87	73	-1
87	74	-1
87	75	-1
87	76	-1
87	77	-1
87	78	-1
87	79	-1
87	80	-1
87	81	-1
88	76	-1
42	39	1
43	37	1
43	38	1
43	39	1
43	40	1
43	41	1
44	37	1
44	38	1
44	39	1
44	40	1
44	41	1
45	36	1
45	37	1
45	38	1
45	39	1
45	40	1
45	41	1
45	42	1
46	37	1
46	38	1
46	39	1
46	40	1
46	41	1
47	37	1
47	38	1
47	39	1
47	40	1
47	41	1
48	39	1
67	56	1
67	57	1
67	58	1
68	55	1
68	56	1
68	57	1
68	58	1
68	59	1
69	54	1
69	55	1
69	56	1
69	57	1
69	58	1
69	59	1
69	60	1
70	54	1
70	55	1
70	56	1
70	57	1
70	58	1
70	59	1
70	60	1
71	54	1
71	55	1
71	56	1
71	57	1
71	58	1
71	59	1
71	60	1
72	55	1
72	56	1
72	57	1
72	58	1
72	59	1
73	56	1
73	57	1
73	58	1
53	81	1
54	79	1
54	80	1
54	81	1
54	82	1
54	83	1
55	79	1
55	80	1
55	81	1
55	82	1
55	83	1
56	78	1
56	79	1
56	80	1
56	81	1
56	82	1
56	83	1
56	84	1
57	79	1
57	80	1
57	81	1
57	82	1
57	83	1
58	79	1
58	80	1
58	81	1
58	82	1
58	83	1
59	81	1
