pix_x	pix_y	Flag
45	103	1
46	101	1
46	102	1
46	103	1
46	104	1
46	105	1
47	101	1
47	102	1
47	103	1
47	104	1
47	105	1
48	100	1
48	101	1
48	102	1
48	103	1
48	104	1
48	105	1
48	106	1
49	101	1
49	102	1
49	103	1
49	104	1
49	105	1
50	101	1
50	102	1
50	103	1
50	104	1
50	105	1
51	103	1
17	53	1
18	51	1
18	52	1
18	53	1
18	54	1
18	55	1
19	51	1
19	52	1
19	53	1
19	54	1
19	55	1
20	50	1
20	51	1
20	52	1
20	53	1
20	54	1
20	55	1
20	56	1
21	51	1
21	52	1
21	53	1
21	54	1
21	55	1
22	51	1
22	52	1
22	53	1
22	54	1
22	55	1
23	53	1
