pix_x	pix_y	Flag
9	109	1
10	105	1
10	106	1
10	107	1
10	108	1
10	109	1
10	110	1
10	111	1
10	112	1
10	113	1
11	103	1
11	104	1
11	105	1
11	106	1
11	107	1
11	108	1
11	109	1
11	110	1
11	111	1
11	112	1
11	113	1
11	114	1
11	115	1
12	102	1
12	103	1
12	104	1
12	105	1
12	106	1
12	107	1
12	108	1
12	109	1
12	110	1
12	111	1
12	112	1
12	113	1
12	114	1
12	115	1
12	116	1
13	101	1
13	102	1
13	103	1
13	104	1
13	105	1
13	106	1
13	107	1
13	108	1
13	109	1
13	110	1
13	111	1
13	112	1
13	113	1
13	114	1
13	115	1
13	116	1
13	117	1
14	100	1
14	101	1
14	102	1
14	103	1
14	104	1
14	105	1
14	106	1
14	107	1
14	108	1
14	109	1
14	110	1
14	111	1
14	112	1
14	113	1
14	114	1
14	115	1
14	116	1
14	117	1
14	118	1
15	100	1
15	101	1
15	102	1
15	103	1
15	104	1
15	105	1
15	106	1
15	107	1
15	108	1
15	109	1
15	110	1
15	111	1
15	112	1
15	113	1
15	114	1
15	115	1
15	116	1
15	117	1
15	118	1
16	99	1
16	100	1
16	101	1
16	102	1
16	103	1
16	104	1
16	105	1
16	106	1
16	107	1
16	108	1
16	109	1
16	110	1
16	111	1
16	112	1
16	113	1
16	114	1
16	115	1
16	116	1
16	117	1
16	118	1
16	119	1
17	99	1
17	100	1
17	101	1
17	102	1
17	103	1
17	104	1
17	105	1
17	106	1
17	107	1
17	108	1
17	109	1
17	110	1
17	111	1
17	112	1
17	113	1
17	114	1
17	115	1
17	116	1
17	117	1
17	118	1
17	119	1
18	99	1
18	100	1
18	101	1
18	102	1
18	103	1
18	104	1
18	105	1
18	106	1
18	107	1
18	108	1
18	109	1
18	110	1
18	111	1
18	112	1
18	113	1
18	114	1
18	115	1
18	116	1
18	117	1
18	118	1
18	119	1
19	99	1
19	100	1
19	101	1
19	102	1
19	103	1
19	104	1
19	105	1
19	106	1
19	107	1
19	108	1
19	109	1
19	110	1
19	111	1
19	112	1
19	113	1
19	114	1
19	115	1
19	116	1
19	117	1
19	118	1
19	119	1
20	98	1
20	99	1
20	100	1
20	101	1
20	102	1
20	103	1
20	104	1
20	105	1
20	106	1
20	107	1
20	108	1
20	109	1
20	110	1
20	111	1
20	112	1
20	113	1
20	114	1
20	115	1
20	116	1
20	117	1
20	118	1
20	119	1
20	120	1
21	99	1
21	100	1
21	101	1
21	102	1
21	103	1
21	104	1
21	105	1
21	106	1
21	107	1
21	108	1
21	109	1
21	110	1
21	111	1
21	112	1
21	113	1
21	114	1
21	115	1
21	116	1
21	117	1
21	118	1
21	119	1
22	99	1
22	100	1
22	101	1
22	102	1
22	103	1
22	104	1
22	105	1
22	106	1
22	107	1
22	108	1
22	109	1
22	110	1
22	111	1
22	112	1
22	113	1
22	114	1
22	115	1
22	116	1
22	117	1
22	118	1
22	119	1
23	99	1
23	100	1
23	101	1
23	102	1
23	103	1
23	104	1
23	105	1
23	106	1
23	107	1
23	108	1
23	109	1
23	110	1
23	111	1
23	112	1
23	113	1
23	114	1
23	115	1
23	116	1
23	117	1
23	118	1
23	119	1
24	99	1
24	100	1
24	101	1
24	102	1
24	103	1
24	104	1
24	105	1
24	106	1
24	107	1
24	108	1
24	109	1
24	110	1
24	111	1
24	112	1
24	113	1
24	114	1
24	115	1
24	116	1
24	117	1
24	118	1
24	119	1
25	100	1
25	101	1
25	102	1
25	103	1
25	104	1
25	105	1
25	106	1
25	107	1
25	108	1
25	109	1
25	110	1
25	111	1
25	112	1
25	113	1
25	114	1
25	115	1
25	116	1
25	117	1
25	118	1
26	100	1
26	101	1
26	102	1
26	103	1
26	104	1
26	105	1
26	106	1
26	107	1
26	108	1
26	109	1
26	110	1
26	111	1
26	112	1
26	113	1
26	114	1
26	115	1
26	116	1
26	117	1
26	118	1
27	101	1
27	102	1
27	103	1
27	104	1
27	105	1
27	106	1
27	107	1
27	108	1
27	109	1
27	110	1
27	111	1
27	112	1
27	113	1
27	114	1
27	115	1
27	116	1
27	117	1
28	102	1
28	103	1
28	104	1
28	105	1
28	106	1
28	107	1
28	108	1
28	109	1
28	110	1
28	111	1
28	112	1
28	113	1
28	114	1
28	115	1
28	116	1
29	103	1
29	104	1
29	105	1
29	106	1
29	107	1
29	108	1
29	109	1
29	110	1
29	111	1
29	112	1
29	113	1
29	114	1
29	115	1
30	105	1
30	106	1
30	107	1
30	108	1
30	109	1
30	110	1
30	111	1
30	112	1
30	113	1
31	109	1
111	60	1
112	57	1
112	58	1
112	59	1
112	60	1
112	61	1
112	62	1
112	63	1
113	55	1
113	56	1
113	57	1
113	58	1
113	59	1
113	60	1
113	61	1
113	62	1
113	63	1
113	64	1
113	65	1
114	54	1
114	55	1
114	56	1
114	57	1
114	58	1
114	59	1
114	60	1
114	61	1
114	62	1
114	63	1
114	64	1
114	65	1
114	66	1
115	54	1
115	55	1
115	56	1
115	57	1
115	58	1
115	59	1
115	60	1
115	61	1
115	62	1
115	63	1
115	64	1
115	65	1
115	66	1
116	53	1
116	54	1
116	55	1
116	56	1
116	57	1
116	58	1
116	59	1
116	60	1
116	61	1
116	62	1
116	63	1
116	64	1
116	65	1
116	66	1
116	67	1
117	53	1
117	54	1
117	55	1
117	56	1
117	57	1
117	58	1
117	59	1
117	60	1
117	61	1
117	62	1
117	63	1
117	64	1
117	65	1
117	66	1
117	67	1
118	53	1
118	54	1
118	55	1
118	56	1
118	57	1
118	58	1
118	59	1
118	60	1
118	61	1
118	62	1
118	63	1
118	64	1
118	65	1
118	66	1
118	67	1
119	52	1
119	53	1
119	54	1
119	55	1
119	56	1
119	57	1
119	58	1
119	59	1
119	60	1
119	61	1
119	62	1
119	63	1
119	64	1
119	65	1
119	66	1
119	67	1
119	68	1
120	53	1
120	54	1
120	55	1
120	56	1
120	57	1
120	58	1
120	59	1
120	60	1
120	61	1
120	62	1
120	63	1
120	64	1
120	65	1
120	66	1
120	67	1
121	53	1
121	54	1
121	55	1
121	56	1
121	57	1
121	58	1
121	59	1
121	60	1
121	61	1
121	62	1
121	63	1
121	64	1
121	65	1
121	66	1
121	67	1
122	53	1
122	54	1
122	55	1
122	56	1
122	57	1
122	58	1
122	59	1
122	60	1
122	61	1
122	62	1
122	63	1
122	64	1
122	65	1
122	66	1
122	67	1
123	54	1
123	55	1
123	56	1
123	57	1
123	58	1
123	59	1
123	60	1
123	61	1
123	62	1
123	63	1
123	64	1
123	65	1
123	66	1
124	54	1
124	55	1
124	56	1
124	57	1
124	58	1
124	59	1
124	60	1
124	61	1
124	62	1
124	63	1
124	64	1
124	65	1
124	66	1
125	55	1
125	56	1
125	57	1
125	58	1
125	59	1
125	60	1
125	61	1
125	62	1
125	63	1
125	64	1
125	65	1
126	57	1
126	58	1
126	59	1
126	60	1
126	61	1
126	62	1
126	63	1
127	60	1
104	44	1
105	40	1
105	41	1
105	42	1
105	43	1
105	44	1
105	45	1
105	46	1
105	47	1
105	48	1
106	38	1
106	39	1
106	40	1
106	41	1
106	42	1
106	43	1
106	44	1
106	45	1
106	46	1
106	47	1
106	48	1
106	49	1
106	50	1
107	37	1
107	38	1
107	39	1
107	40	1
107	41	1
107	42	1
107	43	1
107	44	1
107	45	1
107	46	1
107	47	1
107	48	1
107	49	1
107	50	1
107	51	1
108	36	1
108	37	1
108	38	1
108	39	1
108	40	1
108	41	1
108	42	1
108	43	1
108	44	1
108	45	1
108	46	1
108	47	1
108	48	1
108	49	1
108	50	1
108	51	1
108	52	1
109	36	1
109	37	1
109	38	1
109	39	1
109	40	1
109	41	1
109	42	1
109	43	1
109	44	1
109	45	1
109	46	1
109	47	1
109	48	1
109	49	1
109	50	1
109	51	1
109	52	1
110	35	1
110	36	1
110	37	1
110	38	1
110	39	1
110	40	1
110	41	1
110	42	1
110	43	1
110	44	1
110	45	1
110	46	1
110	47	1
110	48	1
110	49	1
110	50	1
110	51	1
110	52	1
110	53	1
111	35	1
111	36	1
111	37	1
111	38	1
111	39	1
111	40	1
111	41	1
111	42	1
111	43	1
111	44	1
111	45	1
111	46	1
111	47	1
111	48	1
111	49	1
111	50	1
111	51	1
111	52	1
111	53	1
112	35	1
112	36	1
112	37	1
112	38	1
112	39	1
112	40	1
112	41	1
112	42	1
112	43	1
112	44	1
112	45	1
112	46	1
112	47	1
112	48	1
112	49	1
112	50	1
112	51	1
112	52	1
112	53	1
113	35	1
113	36	1
113	37	1
113	38	1
113	39	1
113	40	1
113	41	1
113	42	1
113	43	1
113	44	1
113	45	1
113	46	1
113	47	1
113	48	1
113	49	1
113	50	1
113	51	1
113	52	1
113	53	1
114	34	1
114	35	1
114	36	1
114	37	1
114	38	1
114	39	1
114	40	1
114	41	1
114	42	1
114	43	1
114	44	1
114	45	1
114	46	1
114	47	1
114	48	1
114	49	1
114	50	1
114	51	1
114	52	1
114	53	1
114	54	1
115	35	1
115	36	1
115	37	1
115	38	1
115	39	1
115	40	1
115	41	1
115	42	1
115	43	1
115	44	1
115	45	1
115	46	1
115	47	1
115	48	1
115	49	1
115	50	1
115	51	1
115	52	1
115	53	1
116	35	1
116	36	1
116	37	1
116	38	1
116	39	1
116	40	1
116	41	1
116	42	1
116	43	1
116	44	1
116	45	1
116	46	1
116	47	1
116	48	1
116	49	1
116	50	1
116	51	1
116	52	1
116	53	1
117	35	1
117	36	1
117	37	1
117	38	1
117	39	1
117	40	1
117	41	1
117	42	1
117	43	1
117	44	1
117	45	1
117	46	1
117	47	1
117	48	1
117	49	1
117	50	1
117	51	1
117	52	1
117	53	1
118	35	1
118	36	1
118	37	1
118	38	1
118	39	1
118	40	1
118	41	1
118	42	1
118	43	1
118	44	1
118	45	1
118	46	1
118	47	1
118	48	1
118	49	1
118	50	1
118	51	1
118	52	1
118	53	1
119	36	1
119	37	1
119	38	1
119	39	1
119	40	1
119	41	1
119	42	1
119	43	1
119	44	1
119	45	1
119	46	1
119	47	1
119	48	1
119	49	1
119	50	1
119	51	1
119	52	1
120	36	1
120	37	1
120	38	1
120	39	1
120	40	1
120	41	1
120	42	1
120	43	1
120	44	1
120	45	1
120	46	1
120	47	1
120	48	1
120	49	1
120	50	1
120	51	1
120	52	1
121	37	1
121	38	1
121	39	1
121	40	1
121	41	1
121	42	1
121	43	1
121	44	1
121	45	1
121	46	1
121	47	1
121	48	1
121	49	1
121	50	1
121	51	1
122	38	1
122	39	1
122	40	1
122	41	1
122	42	1
122	43	1
122	44	1
122	45	1
122	46	1
122	47	1
122	48	1
122	49	1
122	50	1
123	40	1
123	41	1
123	42	1
123	43	1
123	44	1
123	45	1
123	46	1
123	47	1
123	48	1
124	44	1
