pix_x	pix_y	Flag
98	70	1
99	67	1
99	68	1
99	69	1
99	70	1
99	71	1
99	72	1
99	73	1
100	66	1
100	67	1
100	68	1
100	69	1
100	70	1
100	71	1
100	72	1
100	73	1
100	74	1
101	66	1
101	67	1
101	68	1
101	69	1
101	70	1
101	71	1
101	72	1
101	73	1
101	74	1
102	66	1
102	67	1
102	68	1
102	69	1
102	70	1
102	71	1
102	72	1
102	73	1
102	74	1
103	65	1
103	66	1
103	67	1
103	68	1
103	69	1
103	70	1
103	71	1
103	72	1
103	73	1
103	74	1
103	75	1
104	66	1
104	67	1
104	68	1
104	69	1
104	70	1
104	71	1
104	72	1
104	73	1
104	74	1
105	66	1
105	67	1
105	68	1
105	69	1
105	70	1
105	71	1
105	72	1
105	73	1
105	74	1
106	66	1
106	67	1
106	68	1
106	69	1
106	70	1
106	71	1
106	72	1
106	73	1
106	74	1
107	67	1
107	68	1
107	69	1
107	70	1
107	71	1
107	72	1
107	73	1
108	70	1
23	129	1
24	126	1
24	127	1
24	128	1
24	129	1
24	130	1
24	131	1
24	132	1
25	125	1
25	126	1
25	127	1
25	128	1
25	129	1
25	130	1
25	131	1
25	132	1
25	133	1
26	125	1
26	126	1
26	127	1
26	128	1
26	129	1
26	130	1
26	131	1
26	132	1
26	133	1
27	125	1
27	126	1
27	127	1
27	128	1
27	129	1
27	130	1
27	131	1
27	132	1
27	133	1
28	124	1
28	125	1
28	126	1
28	127	1
28	128	1
28	129	1
28	130	1
28	131	1
28	132	1
28	133	1
28	134	1
29	125	1
29	126	1
29	127	1
29	128	1
29	129	1
29	130	1
29	131	1
29	132	1
29	133	1
30	125	1
30	126	1
30	127	1
30	128	1
30	129	1
30	130	1
30	131	1
30	132	1
30	133	1
31	125	1
31	126	1
31	127	1
31	128	1
31	129	1
31	130	1
31	131	1
31	132	1
31	133	1
32	126	1
32	127	1
32	128	1
32	129	1
32	130	1
32	131	1
32	132	1
33	129	1
