pix_x	pix_y	Flag
0	0	1
0	1	1
0	2	1
0	3	1
0	4	1
0	5	1
0	6	1
0	7	1
0	8	1
0	9	1
0	10	1
0	11	1
0	12	1
0	13	1
0	14	1
0	15	1
0	16	1
0	17	1
0	18	1
0	19	1
0	20	1
0	21	1
0	22	1
0	23	1
0	24	1
0	25	1
0	26	1
0	27	1
0	28	1
0	29	1
0	30	1
0	31	1
0	32	1
0	33	1
0	34	1
0	35	1
0	36	1
0	37	1
0	38	1
0	39	1
0	40	1
0	41	1
0	42	1
0	43	1
0	44	1
0	45	1
0	46	1
0	47	1
0	48	1
0	49	1
0	50	1
0	51	1
0	52	1
0	53	1
0	54	1
0	55	1
0	56	1
0	57	1
0	58	1
0	59	1
0	60	1
0	61	1
0	62	1
0	63	1
0	64	1
1	0	1
1	1	1
1	2	1
1	3	1
1	4	1
1	5	1
1	6	1
1	7	1
1	8	1
1	9	1
1	10	1
1	11	1
1	12	1
1	13	1
1	14	1
1	15	1
1	16	1
1	17	1
1	18	1
1	19	1
1	20	1
1	21	1
1	22	1
1	23	1
1	24	1
1	25	1
1	26	1
1	27	1
1	28	1
1	29	1
1	30	1
1	31	1
1	32	1
1	33	1
1	34	1
1	35	1
1	36	1
1	37	1
1	38	1
1	39	1
1	40	1
1	41	1
1	42	1
1	43	1
1	44	1
1	45	1
1	46	1
1	47	1
1	48	1
1	49	1
1	50	1
1	51	1
1	52	1
1	53	1
1	54	1
1	55	1
1	56	1
1	57	1
1	58	1
1	59	1
1	60	1
1	61	1
1	62	1
1	63	1
1	64	1
2	0	1
2	1	1
2	2	1
2	3	1
2	4	1
2	5	1
2	6	1
2	7	1
2	8	1
2	9	1
2	10	1
2	11	1
2	12	1
2	13	1
2	14	1
2	15	1
2	16	1
2	17	1
2	18	1
2	19	1
2	20	1
2	21	1
2	22	1
2	23	1
2	24	1
2	25	1
2	26	1
2	27	1
2	28	1
2	29	1
2	30	1
2	31	1
2	32	1
2	33	1
2	34	1
2	35	1
2	36	1
2	37	1
2	38	1
2	39	1
2	40	1
2	41	1
2	42	1
2	43	1
2	44	1
2	45	1
2	46	1
2	47	1
2	48	1
2	49	1
2	50	1
2	51	1
2	52	1
2	53	1
2	54	1
2	55	1
2	56	1
2	57	1
2	58	1
2	59	1
2	60	1
2	61	1
2	62	1
2	63	1
2	64	1
2	65	1
3	0	1
3	1	1
3	2	1
3	3	1
3	4	1
3	5	1
3	6	1
3	7	1
3	8	1
3	9	1
3	10	1
3	11	1
3	12	1
3	13	1
3	14	1
3	15	1
3	16	1
3	17	1
3	18	1
3	19	1
3	20	1
3	21	1
3	22	1
3	23	1
3	24	1
3	25	1
3	26	1
3	27	1
3	28	1
3	29	1
3	30	1
3	31	1
3	32	1
3	33	1
3	34	1
3	35	1
3	36	1
3	37	1
3	38	1
3	39	1
3	40	1
3	41	1
3	42	1
3	43	1
3	44	1
3	45	1
3	46	1
3	47	1
3	48	1
3	49	1
3	50	1
3	51	1
3	52	1
3	53	1
3	54	1
3	55	1
3	56	1
3	57	1
3	58	1
3	59	1
3	60	1
3	61	1
3	62	1
3	63	1
3	64	1
3	65	1
4	0	1
4	1	1
4	2	1
4	3	1
4	4	1
4	5	1
4	6	1
4	7	1
4	8	1
4	9	1
4	10	1
4	11	1
4	12	1
4	13	1
4	14	1
4	15	1
4	16	1
4	17	1
4	18	1
4	19	1
4	20	1
4	21	1
4	22	1
4	23	1
4	24	1
4	25	1
4	26	1
4	27	1
4	28	1
4	29	1
4	30	1
4	31	1
4	32	1
4	33	1
4	34	1
4	35	1
4	36	1
4	37	1
4	38	1
4	39	1
4	40	1
4	41	1
4	42	1
4	43	1
4	44	1
4	45	1
4	46	1
4	47	1
4	48	1
4	49	1
4	50	1
4	51	1
4	52	1
4	53	1
4	54	1
4	55	1
4	56	1
4	57	1
4	58	1
4	59	1
4	60	1
4	61	1
4	62	1
4	63	1
4	64	1
4	65	1
5	0	1
5	1	1
5	2	1
5	3	1
5	4	1
5	5	1
5	6	1
5	7	1
5	8	1
5	9	1
5	10	1
5	11	1
5	12	1
5	13	1
5	14	1
5	15	1
5	16	1
5	17	1
5	18	1
5	19	1
5	20	1
5	21	1
5	22	1
5	23	1
5	24	1
5	25	1
5	26	1
5	27	1
5	28	1
5	29	1
5	30	1
5	31	1
5	32	1
5	33	1
5	34	1
5	35	1
5	36	1
5	37	1
5	38	1
5	39	1
5	40	1
5	41	1
5	42	1
5	43	1
5	44	1
5	45	1
5	46	1
5	47	1
5	48	1
5	49	1
5	50	1
5	51	1
5	52	1
5	53	1
5	54	1
5	55	1
5	56	1
5	57	1
5	58	1
5	59	1
5	60	1
5	61	1
5	62	1
5	63	1
5	64	1
5	65	1
6	0	1
6	1	1
6	2	1
6	3	1
6	4	1
6	5	1
6	6	1
6	7	1
6	8	1
6	9	1
6	10	1
6	11	1
6	12	1
6	13	1
6	14	1
6	15	1
6	16	1
6	17	1
6	18	1
6	19	1
6	20	1
6	21	1
6	22	1
6	23	1
6	24	1
6	25	1
6	26	1
6	27	1
6	28	1
6	29	1
6	30	1
6	31	1
6	32	1
6	33	1
6	34	1
6	35	1
6	36	1
6	37	1
6	38	1
6	39	1
6	40	1
6	41	1
6	42	1
6	43	1
6	44	1
6	45	1
6	46	1
6	47	1
6	48	1
6	49	1
6	50	1
6	51	1
6	52	1
6	53	1
6	54	1
6	55	1
6	56	1
6	57	1
6	58	1
6	59	1
6	60	1
6	61	1
6	62	1
6	63	1
6	64	1
6	65	1
6	66	1
7	0	1
7	1	1
7	2	1
7	3	1
7	4	1
7	5	1
7	6	1
7	7	1
7	8	1
7	9	1
7	10	1
7	11	1
7	12	1
7	13	1
7	14	1
7	15	1
7	16	1
7	17	1
7	18	1
7	19	1
7	20	1
7	21	1
7	22	1
7	23	1
7	24	1
7	25	1
7	26	1
7	27	1
7	28	1
7	29	1
7	30	1
7	31	1
7	32	1
7	33	1
7	34	1
7	35	1
7	36	1
7	37	1
7	38	1
7	39	1
7	40	1
7	41	1
7	42	1
7	43	1
7	44	1
7	45	1
7	46	1
7	47	1
7	48	1
7	49	1
7	50	1
7	51	1
7	52	1
7	53	1
7	54	1
7	55	1
7	56	1
7	57	1
7	58	1
7	59	1
7	60	1
7	61	1
7	62	1
7	63	1
7	64	1
7	65	1
7	66	1
8	0	1
8	1	1
8	2	1
8	3	1
8	4	1
8	5	1
8	6	1
8	7	1
8	8	1
8	9	1
8	10	1
8	11	1
8	12	1
8	13	1
8	14	1
8	15	1
8	16	1
8	17	1
8	18	1
8	19	1
8	20	1
8	21	1
8	22	1
8	23	1
8	24	1
8	25	1
8	26	1
8	27	1
8	28	1
8	29	1
8	30	1
8	31	1
8	32	1
8	33	1
8	34	1
8	35	1
8	36	1
8	37	1
8	38	1
8	39	1
8	40	1
8	41	1
8	42	1
8	43	1
8	44	1
8	45	1
8	46	1
8	47	1
8	48	1
8	49	1
8	50	1
8	51	1
8	52	1
8	53	1
8	54	1
8	55	1
8	56	1
8	57	1
8	58	1
8	59	1
8	60	1
8	61	1
8	62	1
8	63	1
8	64	1
8	65	1
8	66	1
9	0	1
9	1	1
9	2	1
9	3	1
9	4	1
9	5	1
9	6	1
9	7	1
9	8	1
9	9	1
9	10	1
9	11	1
9	12	1
9	13	1
9	14	1
9	15	1
9	16	1
9	17	1
9	18	1
9	19	1
9	20	1
9	21	1
9	22	1
9	23	1
9	24	1
9	25	1
9	26	1
9	27	1
9	28	1
9	29	1
9	30	1
9	31	1
9	32	1
9	33	1
9	34	1
9	35	1
9	36	1
9	37	1
9	38	1
9	39	1
9	40	1
9	41	1
9	42	1
9	43	1
9	44	1
9	45	1
9	46	1
9	47	1
9	48	1
9	49	1
9	50	1
9	51	1
9	52	1
9	53	1
9	54	1
9	55	1
9	56	1
9	57	1
9	58	1
9	59	1
9	60	1
9	61	1
9	62	1
9	63	1
9	64	1
9	65	1
9	66	1
10	0	1
10	1	1
10	2	1
10	3	1
10	4	1
10	5	1
10	6	1
10	7	1
10	8	1
10	9	1
10	10	1
10	11	1
10	12	1
10	13	1
10	14	1
10	15	1
10	16	1
10	17	1
10	18	1
10	19	1
10	20	1
10	21	1
10	22	1
10	23	1
10	24	1
10	25	1
10	26	1
10	27	1
10	28	1
10	29	1
10	30	1
10	31	1
10	32	1
10	33	1
10	34	1
10	35	1
10	36	1
10	37	1
10	38	1
10	39	1
10	40	1
10	41	1
10	42	1
10	43	1
10	44	1
10	45	1
10	46	1
10	47	1
10	48	1
10	49	1
10	50	1
10	51	1
10	52	1
10	53	1
10	54	1
10	55	1
10	56	1
10	57	1
10	58	1
10	59	1
10	60	1
10	61	1
10	62	1
10	63	1
10	64	1
10	65	1
10	66	1
11	0	1
11	1	1
11	2	1
11	3	1
11	4	1
11	5	1
11	6	1
11	7	1
11	8	1
11	9	1
11	10	1
11	11	1
11	12	1
11	13	1
11	14	1
11	15	1
11	16	1
11	17	1
11	18	1
11	19	1
11	20	1
11	21	1
11	22	1
11	23	1
11	24	1
11	25	1
11	26	1
11	27	1
11	28	1
11	29	1
11	30	1
11	31	1
11	32	1
11	33	1
11	34	1
11	35	1
11	36	1
11	37	1
11	38	1
11	39	1
11	40	1
11	41	1
11	42	1
11	43	1
11	44	1
11	45	1
11	46	1
11	47	1
11	48	1
11	49	1
11	50	1
11	51	1
11	52	1
11	53	1
11	54	1
11	55	1
11	56	1
11	57	1
11	58	1
11	59	1
11	60	1
11	61	1
11	62	1
11	63	1
11	64	1
11	65	1
11	66	1
12	0	1
12	1	1
12	2	1
12	3	1
12	4	1
12	5	1
12	6	1
12	7	1
12	8	1
12	9	1
12	10	1
12	11	1
12	12	1
12	13	1
12	14	1
12	15	1
12	16	1
12	17	1
12	18	1
12	19	1
12	20	1
12	21	1
12	22	1
12	23	1
12	24	1
12	25	1
12	26	1
12	27	1
12	28	1
12	29	1
12	30	1
12	31	1
12	32	1
12	33	1
12	34	1
12	35	1
12	36	1
12	37	1
12	38	1
12	39	1
12	40	1
12	41	1
12	42	1
12	43	1
12	44	1
12	45	1
12	46	1
12	47	1
12	48	1
12	49	1
12	50	1
12	51	1
12	52	1
12	53	1
12	54	1
12	55	1
12	56	1
12	57	1
12	58	1
12	59	1
12	60	1
12	61	1
12	62	1
12	63	1
12	64	1
12	65	1
12	66	1
13	0	1
13	1	1
13	2	1
13	3	1
13	4	1
13	5	1
13	6	1
13	7	1
13	8	1
13	9	1
13	10	1
13	11	1
13	12	1
13	13	1
13	14	1
13	15	1
13	16	1
13	17	1
13	18	1
13	19	1
13	20	1
13	21	1
13	22	1
13	23	1
13	24	1
13	25	1
13	26	1
13	27	1
13	28	1
13	29	1
13	30	1
13	31	1
13	32	1
13	33	1
13	34	1
13	35	1
13	36	1
13	37	1
13	38	1
13	39	1
13	40	1
13	41	1
13	42	1
13	43	1
13	44	1
13	45	1
13	46	1
13	47	1
13	48	1
13	49	1
13	50	1
13	51	1
13	52	1
13	53	1
13	54	1
13	55	1
13	56	1
13	57	1
13	58	1
13	59	1
13	60	1
13	61	1
13	62	1
13	63	1
13	64	1
13	65	1
13	66	1
14	0	1
14	1	1
14	2	1
14	3	1
14	4	1
14	5	1
14	6	1
14	7	1
14	8	1
14	9	1
14	10	1
14	11	1
14	12	1
14	13	1
14	14	1
14	15	1
14	16	1
14	17	1
14	18	1
14	19	1
14	20	1
14	21	1
14	22	1
14	23	1
14	24	1
14	25	1
14	26	1
14	27	1
14	28	1
14	29	1
14	30	1
14	31	1
14	32	1
14	33	1
14	34	1
14	35	1
14	36	1
14	37	1
14	38	1
14	39	1
14	40	1
14	41	1
14	42	1
14	43	1
14	44	1
14	45	1
14	46	1
14	47	1
14	48	1
14	49	1
14	50	1
14	51	1
14	52	1
14	53	1
14	54	1
14	55	1
14	56	1
14	57	1
14	58	1
14	59	1
14	60	1
14	61	1
14	62	1
14	63	1
14	64	1
14	65	1
14	66	1
14	67	1
15	0	1
15	1	1
15	2	1
15	3	1
15	4	1
15	5	1
15	6	1
15	7	1
15	8	1
15	9	1
15	10	1
15	11	1
15	12	1
15	13	1
15	14	1
15	15	1
15	16	1
15	17	1
15	18	1
15	19	1
15	20	1
15	21	1
15	22	1
15	23	1
15	24	1
15	25	1
15	26	1
15	27	1
15	28	1
15	29	1
15	30	1
15	31	1
15	32	1
15	33	1
15	34	1
15	35	1
15	36	1
15	37	1
15	38	1
15	39	1
15	40	1
15	41	1
15	42	1
15	43	1
15	44	1
15	45	1
15	46	1
15	47	1
15	48	1
15	49	1
15	50	1
15	51	1
15	52	1
15	53	1
15	54	1
15	55	1
15	56	1
15	57	1
15	58	1
15	59	1
15	60	1
15	61	1
15	62	1
15	63	1
15	64	1
15	65	1
15	66	1
16	0	1
16	1	1
16	2	1
16	3	1
16	4	1
16	5	1
16	6	1
16	7	1
16	8	1
16	9	1
16	10	1
16	11	1
16	12	1
16	13	1
16	14	1
16	15	1
16	16	1
16	17	1
16	18	1
16	19	1
16	20	1
16	21	1
16	22	1
16	23	1
16	24	1
16	25	1
16	26	1
16	27	1
16	28	1
16	29	1
16	30	1
16	31	1
16	32	1
16	33	1
16	34	1
16	35	1
16	36	1
16	37	1
16	38	1
16	39	1
16	40	1
16	41	1
16	42	1
16	43	1
16	44	1
16	45	1
16	46	1
16	47	1
16	48	1
16	49	1
16	50	1
16	51	1
16	52	1
16	53	1
16	54	1
16	55	1
16	56	1
16	57	1
16	58	1
16	59	1
16	60	1
16	61	1
16	62	1
16	63	1
16	64	1
16	65	1
16	66	1
17	0	1
17	1	1
17	2	1
17	3	1
17	4	1
17	5	1
17	6	1
17	7	1
17	8	1
17	9	1
17	10	1
17	11	1
17	12	1
17	13	1
17	14	1
17	15	1
17	16	1
17	17	1
17	18	1
17	19	1
17	20	1
17	21	1
17	22	1
17	23	1
17	24	1
17	25	1
17	26	1
17	27	1
17	28	1
17	29	1
17	30	1
17	31	1
17	32	1
17	33	1
17	34	1
17	35	1
17	36	1
17	37	1
17	38	1
17	39	1
17	40	1
17	41	1
17	42	1
17	43	1
17	44	1
17	45	1
17	46	1
17	47	1
17	48	1
17	49	1
17	50	1
17	51	1
17	52	1
17	53	1
17	54	1
17	55	1
17	56	1
17	57	1
17	58	1
17	59	1
17	60	1
17	61	1
17	62	1
17	63	1
17	64	1
17	65	1
17	66	1
18	0	1
18	1	1
18	2	1
18	3	1
18	4	1
18	5	1
18	6	1
18	7	1
18	8	1
18	9	1
18	10	1
18	11	1
18	12	1
18	13	1
18	14	1
18	15	1
18	16	1
18	17	1
18	18	1
18	19	1
18	20	1
18	21	1
18	22	1
18	23	1
18	24	1
18	25	1
18	26	1
18	27	1
18	28	1
18	29	1
18	30	1
18	31	1
18	32	1
18	33	1
18	34	1
18	35	1
18	36	1
18	37	1
18	38	1
18	39	1
18	40	1
18	41	1
18	42	1
18	43	1
18	44	1
18	45	1
18	46	1
18	47	1
18	48	1
18	49	1
18	50	1
18	51	1
18	52	1
18	53	1
18	54	1
18	55	1
18	56	1
18	57	1
18	58	1
18	59	1
18	60	1
18	61	1
18	62	1
18	63	1
18	64	1
18	65	1
18	66	1
19	0	1
19	1	1
19	2	1
19	3	1
19	4	1
19	5	1
19	6	1
19	7	1
19	8	1
19	9	1
19	10	1
19	11	1
19	12	1
19	13	1
19	14	1
19	15	1
19	16	1
19	17	1
19	18	1
19	19	1
19	20	1
19	21	1
19	22	1
19	23	1
19	24	1
19	25	1
19	26	1
19	27	1
19	28	1
19	29	1
19	30	1
19	31	1
19	32	1
19	33	1
19	34	1
19	35	1
19	36	1
19	37	1
19	38	1
19	39	1
19	40	1
19	41	1
19	42	1
19	43	1
19	44	1
19	45	1
19	46	1
19	47	1
19	48	1
19	49	1
19	50	1
19	51	1
19	52	1
19	53	1
19	54	1
19	55	1
19	56	1
19	57	1
19	58	1
19	59	1
19	60	1
19	61	1
19	62	1
19	63	1
19	64	1
19	65	1
19	66	1
20	0	1
20	1	1
20	2	1
20	3	1
20	4	1
20	5	1
20	6	1
20	7	1
20	8	1
20	9	1
20	10	1
20	11	1
20	12	1
20	13	1
20	14	1
20	15	1
20	16	1
20	17	1
20	18	1
20	19	1
20	20	1
20	21	1
20	22	1
20	23	1
20	24	1
20	25	1
20	26	1
20	27	1
20	28	1
20	29	1
20	30	1
20	31	1
20	32	1
20	33	1
20	34	1
20	35	1
20	36	1
20	37	1
20	38	1
20	39	1
20	40	1
20	41	1
20	42	1
20	43	1
20	44	1
20	45	1
20	46	1
20	47	1
20	48	1
20	49	1
20	50	1
20	51	1
20	52	1
20	53	1
20	54	1
20	55	1
20	56	1
20	57	1
20	58	1
20	59	1
20	60	1
20	61	1
20	62	1
20	63	1
20	64	1
20	65	1
20	66	1
21	0	1
21	1	1
21	2	1
21	3	1
21	4	1
21	5	1
21	6	1
21	7	1
21	8	1
21	9	1
21	10	1
21	11	1
21	12	1
21	13	1
21	14	1
21	15	1
21	16	1
21	17	1
21	18	1
21	19	1
21	20	1
21	21	1
21	22	1
21	23	1
21	24	1
21	25	1
21	26	1
21	27	1
21	28	1
21	29	1
21	30	1
21	31	1
21	32	1
21	33	1
21	34	1
21	35	1
21	36	1
21	37	1
21	38	1
21	39	1
21	40	1
21	41	1
21	42	1
21	43	1
21	44	1
21	45	1
21	46	1
21	47	1
21	48	1
21	49	1
21	50	1
21	51	1
21	52	1
21	53	1
21	54	1
21	55	1
21	56	1
21	57	1
21	58	1
21	59	1
21	60	1
21	61	1
21	62	1
21	63	1
21	64	1
21	65	1
21	66	1
22	0	1
22	1	1
22	2	1
22	3	1
22	4	1
22	5	1
22	6	1
22	7	1
22	8	1
22	9	1
22	10	1
22	11	1
22	12	1
22	13	1
22	14	1
22	15	1
22	16	1
22	17	1
22	18	1
22	19	1
22	20	1
22	21	1
22	22	1
22	23	1
22	24	1
22	25	1
22	26	1
22	27	1
22	28	1
22	29	1
22	30	1
22	31	1
22	32	1
22	33	1
22	34	1
22	35	1
22	36	1
22	37	1
22	38	1
22	39	1
22	40	1
22	41	1
22	42	1
22	43	1
22	44	1
22	45	1
22	46	1
22	47	1
22	48	1
22	49	1
22	50	1
22	51	1
22	52	1
22	53	1
22	54	1
22	55	1
22	56	1
22	57	1
22	58	1
22	59	1
22	60	1
22	61	1
22	62	1
22	63	1
22	64	1
22	65	1
22	66	1
23	0	1
23	1	1
23	2	1
23	3	1
23	4	1
23	5	1
23	6	1
23	7	1
23	8	1
23	9	1
23	10	1
23	11	1
23	12	1
23	13	1
23	14	1
23	15	1
23	16	1
23	17	1
23	18	1
23	19	1
23	20	1
23	21	1
23	22	1
23	23	1
23	24	1
23	25	1
23	26	1
23	27	1
23	28	1
23	29	1
23	30	1
23	31	1
23	32	1
23	33	1
23	34	1
23	35	1
23	36	1
23	37	1
23	38	1
23	39	1
23	40	1
23	41	1
23	42	1
23	43	1
23	44	1
23	45	1
23	46	1
23	47	1
23	48	1
23	49	1
23	50	1
23	51	1
23	52	1
23	53	1
23	54	1
23	55	1
23	56	1
23	57	1
23	58	1
23	59	1
23	60	1
23	61	1
23	62	1
23	63	1
23	64	1
23	65	1
24	0	1
24	1	1
24	2	1
24	3	1
24	4	1
24	5	1
24	6	1
24	7	1
24	8	1
24	9	1
24	10	1
24	11	1
24	12	1
24	13	1
24	14	1
24	15	1
24	16	1
24	17	1
24	18	1
24	19	1
24	20	1
24	21	1
24	22	1
24	23	1
24	24	1
24	25	1
24	26	1
24	27	1
24	28	1
24	29	1
24	30	1
24	31	1
24	32	1
24	33	1
24	34	1
24	35	1
24	36	1
24	37	1
24	38	1
24	39	1
24	40	1
24	41	1
24	42	1
24	43	1
24	44	1
24	45	1
24	46	1
24	47	1
24	48	1
24	49	1
24	50	1
24	51	1
24	52	1
24	53	1
24	54	1
24	55	1
24	56	1
24	57	1
24	58	1
24	59	1
24	60	1
24	61	1
24	62	1
24	63	1
24	64	1
24	65	1
25	0	1
25	1	1
25	2	1
25	3	1
25	4	1
25	5	1
25	6	1
25	7	1
25	8	1
25	9	1
25	10	1
25	11	1
25	12	1
25	13	1
25	14	1
25	15	1
25	16	1
25	17	1
25	18	1
25	19	1
25	20	1
25	21	1
25	22	1
25	23	1
25	24	1
25	25	1
25	26	1
25	27	1
25	28	1
25	29	1
25	30	1
25	31	1
25	32	1
25	33	1
25	34	1
25	35	1
25	36	1
25	37	1
25	38	1
25	39	1
25	40	1
25	41	1
25	42	1
25	43	1
25	44	1
25	45	1
25	46	1
25	47	1
25	48	1
25	49	1
25	50	1
25	51	1
25	52	1
25	53	1
25	54	1
25	55	1
25	56	1
25	57	1
25	58	1
25	59	1
25	60	1
25	61	1
25	62	1
25	63	1
25	64	1
25	65	1
26	0	1
26	1	1
26	2	1
26	3	1
26	4	1
26	5	1
26	6	1
26	7	1
26	8	1
26	9	1
26	10	1
26	11	1
26	12	1
26	13	1
26	14	1
26	15	1
26	16	1
26	17	1
26	18	1
26	19	1
26	20	1
26	21	1
26	22	1
26	23	1
26	24	1
26	25	1
26	26	1
26	27	1
26	28	1
26	29	1
26	30	1
26	31	1
26	32	1
26	33	1
26	34	1
26	35	1
26	36	1
26	37	1
26	38	1
26	39	1
26	40	1
26	41	1
26	42	1
26	43	1
26	44	1
26	45	1
26	46	1
26	47	1
26	48	1
26	49	1
26	50	1
26	51	1
26	52	1
26	53	1
26	54	1
26	55	1
26	56	1
26	57	1
26	58	1
26	59	1
26	60	1
26	61	1
26	62	1
26	63	1
26	64	1
26	65	1
27	0	1
27	1	1
27	2	1
27	3	1
27	4	1
27	5	1
27	6	1
27	7	1
27	8	1
27	9	1
27	10	1
27	11	1
27	12	1
27	13	1
27	14	1
27	15	1
27	16	1
27	17	1
27	18	1
27	19	1
27	20	1
27	21	1
27	22	1
27	23	1
27	24	1
27	25	1
27	26	1
27	27	1
27	28	1
27	29	1
27	30	1
27	31	1
27	32	1
27	33	1
27	34	1
27	35	1
27	36	1
27	37	1
27	38	1
27	39	1
27	40	1
27	41	1
27	42	1
27	43	1
27	44	1
27	45	1
27	46	1
27	47	1
27	48	1
27	49	1
27	50	1
27	51	1
27	52	1
27	53	1
27	54	1
27	55	1
27	56	1
27	57	1
27	58	1
27	59	1
27	60	1
27	61	1
27	62	1
27	63	1
27	64	1
28	0	1
28	1	1
28	2	1
28	3	1
28	4	1
28	5	1
28	6	1
28	7	1
28	8	1
28	9	1
28	10	1
28	11	1
28	12	1
28	13	1
28	14	1
28	15	1
28	16	1
28	17	1
28	18	1
28	19	1
28	20	1
28	21	1
28	22	1
28	23	1
28	24	1
28	25	1
28	26	1
28	27	1
28	28	1
28	29	1
28	30	1
28	31	1
28	32	1
28	33	1
28	34	1
28	35	1
28	36	1
28	37	1
28	38	1
28	39	1
28	40	1
28	41	1
28	42	1
28	43	1
28	44	1
28	45	1
28	46	1
28	47	1
28	48	1
28	49	1
28	50	1
28	51	1
28	52	1
28	53	1
28	54	1
28	55	1
28	56	1
28	57	1
28	58	1
28	59	1
28	60	1
28	61	1
28	62	1
28	63	1
28	64	1
29	0	1
29	1	1
29	2	1
29	3	1
29	4	1
29	5	1
29	6	1
29	7	1
29	8	1
29	9	1
29	10	1
29	11	1
29	12	1
29	13	1
29	14	1
29	15	1
29	16	1
29	17	1
29	18	1
29	19	1
29	20	1
29	21	1
29	22	1
29	23	1
29	24	1
29	25	1
29	26	1
29	27	1
29	28	1
29	29	1
29	30	1
29	31	1
29	32	1
29	33	1
29	34	1
29	35	1
29	36	1
29	37	1
29	38	1
29	39	1
29	40	1
29	41	1
29	42	1
29	43	1
29	44	1
29	45	1
29	46	1
29	47	1
29	48	1
29	49	1
29	50	1
29	51	1
29	52	1
29	53	1
29	54	1
29	55	1
29	56	1
29	57	1
29	58	1
29	59	1
29	60	1
29	61	1
29	62	1
29	63	1
29	64	1
30	0	1
30	1	1
30	2	1
30	3	1
30	4	1
30	5	1
30	6	1
30	7	1
30	8	1
30	9	1
30	10	1
30	11	1
30	12	1
30	13	1
30	14	1
30	15	1
30	16	1
30	17	1
30	18	1
30	19	1
30	20	1
30	21	1
30	22	1
30	23	1
30	24	1
30	25	1
30	26	1
30	27	1
30	28	1
30	29	1
30	30	1
30	31	1
30	32	1
30	33	1
30	34	1
30	35	1
30	36	1
30	37	1
30	38	1
30	39	1
30	40	1
30	41	1
30	42	1
30	43	1
30	44	1
30	45	1
30	46	1
30	47	1
30	48	1
30	49	1
30	50	1
30	51	1
30	52	1
30	53	1
30	54	1
30	55	1
30	56	1
30	57	1
30	58	1
30	59	1
30	60	1
30	61	1
30	62	1
30	63	1
31	0	1
31	1	1
31	2	1
31	3	1
31	4	1
31	5	1
31	6	1
31	7	1
31	8	1
31	9	1
31	10	1
31	11	1
31	12	1
31	13	1
31	14	1
31	15	1
31	16	1
31	17	1
31	18	1
31	19	1
31	20	1
31	21	1
31	22	1
31	23	1
31	24	1
31	25	1
31	26	1
31	27	1
31	28	1
31	29	1
31	30	1
31	31	1
31	32	1
31	33	1
31	34	1
31	35	1
31	36	1
31	37	1
31	38	1
31	39	1
31	40	1
31	41	1
31	42	1
31	43	1
31	44	1
31	45	1
31	46	1
31	47	1
31	48	1
31	49	1
31	50	1
31	51	1
31	52	1
31	53	1
31	54	1
31	55	1
31	56	1
31	57	1
31	58	1
31	59	1
31	60	1
31	61	1
31	62	1
31	63	1
32	0	1
32	1	1
32	2	1
32	3	1
32	4	1
32	5	1
32	6	1
32	7	1
32	8	1
32	9	1
32	10	1
32	11	1
32	12	1
32	13	1
32	14	1
32	15	1
32	16	1
32	17	1
32	18	1
32	19	1
32	20	1
32	21	1
32	22	1
32	23	1
32	24	1
32	25	1
32	26	1
32	27	1
32	28	1
32	29	1
32	30	1
32	31	1
32	32	1
32	33	1
32	34	1
32	35	1
32	36	1
32	37	1
32	38	1
32	39	1
32	40	1
32	41	1
32	42	1
32	43	1
32	44	1
32	45	1
32	46	1
32	47	1
32	48	1
32	49	1
32	50	1
32	51	1
32	52	1
32	53	1
32	54	1
32	55	1
32	56	1
32	57	1
32	58	1
32	59	1
32	60	1
32	61	1
32	62	1
33	0	1
33	1	1
33	2	1
33	3	1
33	4	1
33	5	1
33	6	1
33	7	1
33	8	1
33	9	1
33	10	1
33	11	1
33	12	1
33	13	1
33	14	1
33	15	1
33	16	1
33	17	1
33	18	1
33	19	1
33	20	1
33	21	1
33	22	1
33	23	1
33	24	1
33	25	1
33	26	1
33	27	1
33	28	1
33	29	1
33	30	1
33	31	1
33	32	1
33	33	1
33	34	1
33	35	1
33	36	1
33	37	1
33	38	1
33	39	1
33	40	1
33	41	1
33	42	1
33	43	1
33	44	1
33	45	1
33	46	1
33	47	1
33	48	1
33	49	1
33	50	1
33	51	1
33	52	1
33	53	1
33	54	1
33	55	1
33	56	1
33	57	1
33	58	1
33	59	1
33	60	1
33	61	1
33	62	1
34	0	1
34	1	1
34	2	1
34	3	1
34	4	1
34	5	1
34	6	1
34	7	1
34	8	1
34	9	1
34	10	1
34	11	1
34	12	1
34	13	1
34	14	1
34	15	1
34	16	1
34	17	1
34	18	1
34	19	1
34	20	1
34	21	1
34	22	1
34	23	1
34	24	1
34	25	1
34	26	1
34	27	1
34	28	1
34	29	1
34	30	1
34	31	1
34	32	1
34	33	1
34	34	1
34	35	1
34	36	1
34	37	1
34	38	1
34	39	1
34	40	1
34	41	1
34	42	1
34	43	1
34	44	1
34	45	1
34	46	1
34	47	1
34	48	1
34	49	1
34	50	1
34	51	1
34	52	1
34	53	1
34	54	1
34	55	1
34	56	1
34	57	1
34	58	1
34	59	1
34	60	1
34	61	1
35	0	1
35	1	1
35	2	1
35	3	1
35	4	1
35	5	1
35	6	1
35	7	1
35	8	1
35	9	1
35	10	1
35	11	1
35	12	1
35	13	1
35	14	1
35	15	1
35	16	1
35	17	1
35	18	1
35	19	1
35	20	1
35	21	1
35	22	1
35	23	1
35	24	1
35	25	1
35	26	1
35	27	1
35	28	1
35	29	1
35	30	1
35	31	1
35	32	1
35	33	1
35	34	1
35	35	1
35	36	1
35	37	1
35	38	1
35	39	1
35	40	1
35	41	1
35	42	1
35	43	1
35	44	1
35	45	1
35	46	1
35	47	1
35	48	1
35	49	1
35	50	1
35	51	1
35	52	1
35	53	1
35	54	1
35	55	1
35	56	1
35	57	1
35	58	1
35	59	1
35	60	1
35	61	1
36	0	1
36	1	1
36	2	1
36	3	1
36	4	1
36	5	1
36	6	1
36	7	1
36	8	1
36	9	1
36	10	1
36	11	1
36	12	1
36	13	1
36	14	1
36	15	1
36	16	1
36	17	1
36	18	1
36	19	1
36	20	1
36	21	1
36	22	1
36	23	1
36	24	1
36	25	1
36	26	1
36	27	1
36	28	1
36	29	1
36	30	1
36	31	1
36	32	1
36	33	1
36	34	1
36	35	1
36	36	1
36	37	1
36	38	1
36	39	1
36	40	1
36	41	1
36	42	1
36	43	1
36	44	1
36	45	1
36	46	1
36	47	1
36	48	1
36	49	1
36	50	1
36	51	1
36	52	1
36	53	1
36	54	1
36	55	1
36	56	1
36	57	1
36	58	1
36	59	1
36	60	1
37	0	1
37	1	1
37	2	1
37	3	1
37	4	1
37	5	1
37	6	1
37	7	1
37	8	1
37	9	1
37	10	1
37	11	1
37	12	1
37	13	1
37	14	1
37	15	1
37	16	1
37	17	1
37	18	1
37	19	1
37	20	1
37	21	1
37	22	1
37	23	1
37	24	1
37	25	1
37	26	1
37	27	1
37	28	1
37	29	1
37	30	1
37	31	1
37	32	1
37	33	1
37	34	1
37	35	1
37	36	1
37	37	1
37	38	1
37	39	1
37	40	1
37	41	1
37	42	1
37	43	1
37	44	1
37	45	1
37	46	1
37	47	1
37	48	1
37	49	1
37	50	1
37	51	1
37	52	1
37	53	1
37	54	1
37	55	1
37	56	1
37	57	1
37	58	1
37	59	1
38	0	1
38	1	1
38	2	1
38	3	1
38	4	1
38	5	1
38	6	1
38	7	1
38	8	1
38	9	1
38	10	1
38	11	1
38	12	1
38	13	1
38	14	1
38	15	1
38	16	1
38	17	1
38	18	1
38	19	1
38	20	1
38	21	1
38	22	1
38	23	1
38	24	1
38	25	1
38	26	1
38	27	1
38	28	1
38	29	1
38	30	1
38	31	1
38	32	1
38	33	1
38	34	1
38	35	1
38	36	1
38	37	1
38	38	1
38	39	1
38	40	1
38	41	1
38	42	1
38	43	1
38	44	1
38	45	1
38	46	1
38	47	1
38	48	1
38	49	1
38	50	1
38	51	1
38	52	1
38	53	1
38	54	1
38	55	1
38	56	1
38	57	1
38	58	1
38	59	1
39	0	1
39	1	1
39	2	1
39	3	1
39	4	1
39	5	1
39	6	1
39	7	1
39	8	1
39	9	1
39	10	1
39	11	1
39	12	1
39	13	1
39	14	1
39	15	1
39	16	1
39	17	1
39	18	1
39	19	1
39	20	1
39	21	1
39	22	1
39	23	1
39	24	1
39	25	1
39	26	1
39	27	1
39	28	1
39	29	1
39	30	1
39	31	1
39	32	1
39	33	1
39	34	1
39	35	1
39	36	1
39	37	1
39	38	1
39	39	1
39	40	1
39	41	1
39	42	1
39	43	1
39	44	1
39	45	1
39	46	1
39	47	1
39	48	1
39	49	1
39	50	1
39	51	1
39	52	1
39	53	1
39	54	1
39	55	1
39	56	1
39	57	1
39	58	1
40	0	1
40	1	1
40	2	1
40	3	1
40	4	1
40	5	1
40	6	1
40	7	1
40	8	1
40	9	1
40	10	1
40	11	1
40	12	1
40	13	1
40	14	1
40	15	1
40	16	1
40	17	1
40	18	1
40	19	1
40	20	1
40	21	1
40	22	1
40	23	1
40	24	1
40	25	1
40	26	1
40	27	1
40	28	1
40	29	1
40	30	1
40	31	1
40	32	1
40	33	1
40	34	1
40	35	1
40	36	1
40	37	1
40	38	1
40	39	1
40	40	1
40	41	1
40	42	1
40	43	1
40	44	1
40	45	1
40	46	1
40	47	1
40	48	1
40	49	1
40	50	1
40	51	1
40	52	1
40	53	1
40	54	1
40	55	1
40	56	1
40	57	1
41	0	1
41	1	1
41	2	1
41	3	1
41	4	1
41	5	1
41	6	1
41	7	1
41	8	1
41	9	1
41	10	1
41	11	1
41	12	1
41	13	1
41	14	1
41	15	1
41	16	1
41	17	1
41	18	1
41	19	1
41	20	1
41	21	1
41	22	1
41	23	1
41	24	1
41	25	1
41	26	1
41	27	1
41	28	1
41	29	1
41	30	1
41	31	1
41	32	1
41	33	1
41	34	1
41	35	1
41	36	1
41	37	1
41	38	1
41	39	1
41	40	1
41	41	1
41	42	1
41	43	1
41	44	1
41	45	1
41	46	1
41	47	1
41	48	1
41	49	1
41	50	1
41	51	1
41	52	1
41	53	1
41	54	1
41	55	1
41	56	1
42	0	1
42	1	1
42	2	1
42	3	1
42	4	1
42	5	1
42	6	1
42	7	1
42	8	1
42	9	1
42	10	1
42	11	1
42	12	1
42	13	1
42	14	1
42	15	1
42	16	1
42	17	1
42	18	1
42	19	1
42	20	1
42	21	1
42	22	1
42	23	1
42	24	1
42	25	1
42	26	1
42	27	1
42	28	1
42	29	1
42	30	1
42	31	1
42	32	1
42	33	1
42	34	1
42	35	1
42	36	1
42	37	1
42	38	1
42	39	1
42	40	1
42	41	1
42	42	1
42	43	1
42	44	1
42	45	1
42	46	1
42	47	1
42	48	1
42	49	1
42	50	1
42	51	1
42	52	1
42	53	1
42	54	1
42	55	1
43	0	1
43	1	1
43	2	1
43	3	1
43	4	1
43	5	1
43	6	1
43	7	1
43	8	1
43	9	1
43	10	1
43	11	1
43	12	1
43	13	1
43	14	1
43	15	1
43	16	1
43	17	1
43	18	1
43	19	1
43	20	1
43	21	1
43	22	1
43	23	1
43	24	1
43	25	1
43	26	1
43	27	1
43	28	1
43	29	1
43	30	1
43	31	1
43	32	1
43	33	1
43	34	1
43	35	1
43	36	1
43	37	1
43	38	1
43	39	1
43	40	1
43	41	1
43	42	1
43	43	1
43	44	1
43	45	1
43	46	1
43	47	1
43	48	1
43	49	1
43	50	1
43	51	1
43	52	1
43	53	1
43	54	1
44	1	1
44	2	1
44	3	1
44	4	1
44	5	1
44	6	1
44	7	1
44	8	1
44	9	1
44	10	1
44	11	1
44	12	1
44	13	1
44	14	1
44	15	1
44	16	1
44	17	1
44	18	1
44	19	1
44	20	1
44	21	1
44	22	1
44	23	1
44	24	1
44	25	1
44	26	1
44	27	1
44	28	1
44	29	1
44	30	1
44	31	1
44	32	1
44	33	1
44	34	1
44	35	1
44	36	1
44	37	1
44	38	1
44	39	1
44	40	1
44	41	1
44	42	1
44	43	1
44	44	1
44	45	1
44	46	1
44	47	1
44	48	1
44	49	1
44	50	1
44	51	1
44	52	1
44	53	1
45	2	1
45	3	1
45	4	1
45	5	1
45	6	1
45	7	1
45	8	1
45	9	1
45	10	1
45	11	1
45	12	1
45	13	1
45	14	1
45	15	1
45	16	1
45	17	1
45	18	1
45	19	1
45	20	1
45	21	1
45	22	1
45	23	1
45	24	1
45	25	1
45	26	1
45	27	1
45	28	1
45	29	1
45	30	1
45	31	1
45	32	1
45	33	1
45	34	1
45	35	1
45	36	1
45	37	1
45	38	1
45	39	1
45	40	1
45	41	1
45	42	1
45	43	1
45	44	1
45	45	1
45	46	1
45	47	1
45	48	1
45	49	1
45	50	1
45	51	1
45	52	1
46	3	1
46	4	1
46	5	1
46	6	1
46	7	1
46	8	1
46	9	1
46	10	1
46	11	1
46	12	1
46	13	1
46	14	1
46	15	1
46	16	1
46	17	1
46	18	1
46	19	1
46	20	1
46	21	1
46	22	1
46	23	1
46	24	1
46	25	1
46	26	1
46	27	1
46	28	1
46	29	1
46	30	1
46	31	1
46	32	1
46	33	1
46	34	1
46	35	1
46	36	1
46	37	1
46	38	1
46	39	1
46	40	1
46	41	1
46	42	1
46	43	1
46	44	1
46	45	1
46	46	1
46	47	1
46	48	1
46	49	1
46	50	1
46	51	1
47	5	1
47	6	1
47	7	1
47	8	1
47	9	1
47	10	1
47	11	1
47	12	1
47	13	1
47	14	1
47	15	1
47	16	1
47	17	1
47	18	1
47	19	1
47	20	1
47	21	1
47	22	1
47	23	1
47	24	1
47	25	1
47	26	1
47	27	1
47	28	1
47	29	1
47	30	1
47	31	1
47	32	1
47	33	1
47	34	1
47	35	1
47	36	1
47	37	1
47	38	1
47	39	1
47	40	1
47	41	1
47	42	1
47	43	1
47	44	1
47	45	1
47	46	1
47	47	1
47	48	1
47	49	1
48	6	1
48	7	1
48	8	1
48	9	1
48	10	1
48	11	1
48	12	1
48	13	1
48	14	1
48	15	1
48	16	1
48	17	1
48	18	1
48	19	1
48	20	1
48	21	1
48	22	1
48	23	1
48	24	1
48	25	1
48	26	1
48	27	1
48	28	1
48	29	1
48	30	1
48	31	1
48	32	1
48	33	1
48	34	1
48	35	1
48	36	1
48	37	1
48	38	1
48	39	1
48	40	1
48	41	1
48	42	1
48	43	1
48	44	1
48	45	1
48	46	1
48	47	1
48	48	1
49	8	1
49	9	1
49	10	1
49	11	1
49	12	1
49	13	1
49	14	1
49	15	1
49	16	1
49	17	1
49	18	1
49	19	1
49	20	1
49	21	1
49	22	1
49	23	1
49	24	1
49	25	1
49	26	1
49	27	1
49	28	1
49	29	1
49	30	1
49	31	1
49	32	1
49	33	1
49	34	1
49	35	1
49	36	1
49	37	1
49	38	1
49	39	1
49	40	1
49	41	1
49	42	1
49	43	1
49	44	1
49	45	1
49	46	1
50	10	1
50	11	1
50	12	1
50	13	1
50	14	1
50	15	1
50	16	1
50	17	1
50	18	1
50	19	1
50	20	1
50	21	1
50	22	1
50	23	1
50	24	1
50	25	1
50	26	1
50	27	1
50	28	1
50	29	1
50	30	1
50	31	1
50	32	1
50	33	1
50	34	1
50	35	1
50	36	1
50	37	1
50	38	1
50	39	1
50	40	1
50	41	1
50	42	1
50	43	1
50	44	1
51	12	1
51	13	1
51	14	1
51	15	1
51	16	1
51	17	1
51	18	1
51	19	1
51	20	1
51	21	1
51	22	1
51	23	1
51	24	1
51	25	1
51	26	1
51	27	1
51	28	1
51	29	1
51	30	1
51	31	1
51	32	1
51	33	1
51	34	1
51	35	1
51	36	1
51	37	1
51	38	1
51	39	1
51	40	1
51	41	1
51	42	1
52	15	1
52	16	1
52	17	1
52	18	1
52	19	1
52	20	1
52	21	1
52	22	1
52	23	1
52	24	1
52	25	1
52	26	1
52	27	1
52	28	1
52	29	1
52	30	1
52	31	1
52	32	1
52	33	1
52	34	1
52	35	1
52	36	1
52	37	1
52	38	1
52	39	1
53	19	1
53	20	1
53	21	1
53	22	1
53	23	1
53	24	1
53	25	1
53	26	1
53	27	1
53	28	1
53	29	1
53	30	1
53	31	1
53	32	1
53	33	1
53	34	1
53	35	1
54	27	1
43	145	1
44	137	1
44	138	1
44	139	1
44	140	1
44	141	1
44	142	1
44	143	1
44	144	1
44	145	1
44	146	1
44	147	1
44	148	1
44	149	1
44	150	1
44	151	1
44	152	1
44	153	1
45	133	1
45	134	1
45	135	1
45	136	1
45	137	1
45	138	1
45	139	1
45	140	1
45	141	1
45	142	1
45	143	1
45	144	1
45	145	1
45	146	1
45	147	1
45	148	1
45	149	1
45	150	1
45	151	1
45	152	1
45	153	1
45	154	1
45	155	1
45	156	1
45	157	1
46	130	1
46	131	1
46	132	1
46	133	1
46	134	1
46	135	1
46	136	1
46	137	1
46	138	1
46	139	1
46	140	1
46	141	1
46	142	1
46	143	1
46	144	1
46	145	1
46	146	1
46	147	1
46	148	1
46	149	1
46	150	1
46	151	1
46	152	1
46	153	1
46	154	1
46	155	1
46	156	1
46	157	1
46	158	1
46	159	1
46	160	1
47	128	1
47	129	1
47	130	1
47	131	1
47	132	1
47	133	1
47	134	1
47	135	1
47	136	1
47	137	1
47	138	1
47	139	1
47	140	1
47	141	1
47	142	1
47	143	1
47	144	1
47	145	1
47	146	1
47	147	1
47	148	1
47	149	1
47	150	1
47	151	1
47	152	1
47	153	1
47	154	1
47	155	1
47	156	1
47	157	1
47	158	1
47	159	1
47	160	1
47	161	1
48	126	1
48	127	1
48	128	1
48	129	1
48	130	1
48	131	1
48	132	1
48	133	1
48	134	1
48	135	1
48	136	1
48	137	1
48	138	1
48	139	1
48	140	1
48	141	1
48	142	1
48	143	1
48	144	1
48	145	1
48	146	1
48	147	1
48	148	1
48	149	1
48	150	1
48	151	1
48	152	1
48	153	1
48	154	1
48	155	1
48	156	1
48	157	1
48	158	1
48	159	1
48	160	1
48	161	1
49	124	1
49	125	1
49	126	1
49	127	1
49	128	1
49	129	1
49	130	1
49	131	1
49	132	1
49	133	1
49	134	1
49	135	1
49	136	1
49	137	1
49	138	1
49	139	1
49	140	1
49	141	1
49	142	1
49	143	1
49	144	1
49	145	1
49	146	1
49	147	1
49	148	1
49	149	1
49	150	1
49	151	1
49	152	1
49	153	1
49	154	1
49	155	1
49	156	1
49	157	1
49	158	1
49	159	1
49	160	1
49	161	1
50	123	1
50	124	1
50	125	1
50	126	1
50	127	1
50	128	1
50	129	1
50	130	1
50	131	1
50	132	1
50	133	1
50	134	1
50	135	1
50	136	1
50	137	1
50	138	1
50	139	1
50	140	1
50	141	1
50	142	1
50	143	1
50	144	1
50	145	1
50	146	1
50	147	1
50	148	1
50	149	1
50	150	1
50	151	1
50	152	1
50	153	1
50	154	1
50	155	1
50	156	1
50	157	1
50	158	1
50	159	1
50	160	1
50	161	1
51	121	1
51	122	1
51	123	1
51	124	1
51	125	1
51	126	1
51	127	1
51	128	1
51	129	1
51	130	1
51	131	1
51	132	1
51	133	1
51	134	1
51	135	1
51	136	1
51	137	1
51	138	1
51	139	1
51	140	1
51	141	1
51	142	1
51	143	1
51	144	1
51	145	1
51	146	1
51	147	1
51	148	1
51	149	1
51	150	1
51	151	1
51	152	1
51	153	1
51	154	1
51	155	1
51	156	1
51	157	1
51	158	1
51	159	1
51	160	1
51	161	1
52	120	1
52	121	1
52	122	1
52	123	1
52	124	1
52	125	1
52	126	1
52	127	1
52	128	1
52	129	1
52	130	1
52	131	1
52	132	1
52	133	1
52	134	1
52	135	1
52	136	1
52	137	1
52	138	1
52	139	1
52	140	1
52	141	1
52	142	1
52	143	1
52	144	1
52	145	1
52	146	1
52	147	1
52	148	1
52	149	1
52	150	1
52	151	1
52	152	1
52	153	1
52	154	1
52	155	1
52	156	1
52	157	1
52	158	1
52	159	1
52	160	1
52	161	1
53	119	1
53	120	1
53	121	1
53	122	1
53	123	1
53	124	1
53	125	1
53	126	1
53	127	1
53	128	1
53	129	1
53	130	1
53	131	1
53	132	1
53	133	1
53	134	1
53	135	1
53	136	1
53	137	1
53	138	1
53	139	1
53	140	1
53	141	1
53	142	1
53	143	1
53	144	1
53	145	1
53	146	1
53	147	1
53	148	1
53	149	1
53	150	1
53	151	1
53	152	1
53	153	1
53	154	1
53	155	1
53	156	1
53	157	1
53	158	1
53	159	1
53	160	1
53	161	1
54	118	1
54	119	1
54	120	1
54	121	1
54	122	1
54	123	1
54	124	1
54	125	1
54	126	1
54	127	1
54	128	1
54	129	1
54	130	1
54	131	1
54	132	1
54	133	1
54	134	1
54	135	1
54	136	1
54	137	1
54	138	1
54	139	1
54	140	1
54	141	1
54	142	1
54	143	1
54	144	1
54	145	1
54	146	1
54	147	1
54	148	1
54	149	1
54	150	1
54	151	1
54	152	1
54	153	1
54	154	1
54	155	1
54	156	1
54	157	1
54	158	1
54	159	1
54	160	1
54	161	1
55	117	1
55	118	1
55	119	1
55	120	1
55	121	1
55	122	1
55	123	1
55	124	1
55	125	1
55	126	1
55	127	1
55	128	1
55	129	1
55	130	1
55	131	1
55	132	1
55	133	1
55	134	1
55	135	1
55	136	1
55	137	1
55	138	1
55	139	1
55	140	1
55	141	1
55	142	1
55	143	1
55	144	1
55	145	1
55	146	1
55	147	1
55	148	1
55	149	1
55	150	1
55	151	1
55	152	1
55	153	1
55	154	1
55	155	1
55	156	1
55	157	1
55	158	1
55	159	1
55	160	1
55	161	1
56	116	1
56	117	1
56	118	1
56	119	1
56	120	1
56	121	1
56	122	1
56	123	1
56	124	1
56	125	1
56	126	1
56	127	1
56	128	1
56	129	1
56	130	1
56	131	1
56	132	1
56	133	1
56	134	1
56	135	1
56	136	1
56	137	1
56	138	1
56	139	1
56	140	1
56	141	1
56	142	1
56	143	1
56	144	1
56	145	1
56	146	1
56	147	1
56	148	1
56	149	1
56	150	1
56	151	1
56	152	1
56	153	1
56	154	1
56	155	1
56	156	1
56	157	1
56	158	1
56	159	1
56	160	1
56	161	1
57	115	1
57	116	1
57	117	1
57	118	1
57	119	1
57	120	1
57	121	1
57	122	1
57	123	1
57	124	1
57	125	1
57	126	1
57	127	1
57	128	1
57	129	1
57	130	1
57	131	1
57	132	1
57	133	1
57	134	1
57	135	1
57	136	1
57	137	1
57	138	1
57	139	1
57	140	1
57	141	1
57	142	1
57	143	1
57	144	1
57	145	1
57	146	1
57	147	1
57	148	1
57	149	1
57	150	1
57	151	1
57	152	1
57	153	1
57	154	1
57	155	1
57	156	1
57	157	1
57	158	1
57	159	1
57	160	1
57	161	1
58	114	1
58	115	1
58	116	1
58	117	1
58	118	1
58	119	1
58	120	1
58	121	1
58	122	1
58	123	1
58	124	1
58	125	1
58	126	1
58	127	1
58	128	1
58	129	1
58	130	1
58	131	1
58	132	1
58	133	1
58	134	1
58	135	1
58	136	1
58	137	1
58	138	1
58	139	1
58	140	1
58	141	1
58	142	1
58	143	1
58	144	1
58	145	1
58	146	1
58	147	1
58	148	1
58	149	1
58	150	1
58	151	1
58	152	1
58	153	1
58	154	1
58	155	1
58	156	1
58	157	1
58	158	1
58	159	1
58	160	1
58	161	1
59	113	1
59	114	1
59	115	1
59	116	1
59	117	1
59	118	1
59	119	1
59	120	1
59	121	1
59	122	1
59	123	1
59	124	1
59	125	1
59	126	1
59	127	1
59	128	1
59	129	1
59	130	1
59	131	1
59	132	1
59	133	1
59	134	1
59	135	1
59	136	1
59	137	1
59	138	1
59	139	1
59	140	1
59	141	1
59	142	1
59	143	1
59	144	1
59	145	1
59	146	1
59	147	1
59	148	1
59	149	1
59	150	1
59	151	1
59	152	1
59	153	1
59	154	1
59	155	1
59	156	1
59	157	1
59	158	1
59	159	1
59	160	1
59	161	1
60	113	1
60	114	1
60	115	1
60	116	1
60	117	1
60	118	1
60	119	1
60	120	1
60	121	1
60	122	1
60	123	1
60	124	1
60	125	1
60	126	1
60	127	1
60	128	1
60	129	1
60	130	1
60	131	1
60	132	1
60	133	1
60	134	1
60	135	1
60	136	1
60	137	1
60	138	1
60	139	1
60	140	1
60	141	1
60	142	1
60	143	1
60	144	1
60	145	1
60	146	1
60	147	1
60	148	1
60	149	1
60	150	1
60	151	1
60	152	1
60	153	1
60	154	1
60	155	1
60	156	1
60	157	1
60	158	1
60	159	1
60	160	1
60	161	1
61	112	1
61	113	1
61	114	1
61	115	1
61	116	1
61	117	1
61	118	1
61	119	1
61	120	1
61	121	1
61	122	1
61	123	1
61	124	1
61	125	1
61	126	1
61	127	1
61	128	1
61	129	1
61	130	1
61	131	1
61	132	1
61	133	1
61	134	1
61	135	1
61	136	1
61	137	1
61	138	1
61	139	1
61	140	1
61	141	1
61	142	1
61	143	1
61	144	1
61	145	1
61	146	1
61	147	1
61	148	1
61	149	1
61	150	1
61	151	1
61	152	1
61	153	1
61	154	1
61	155	1
61	156	1
61	157	1
61	158	1
61	159	1
61	160	1
61	161	1
62	111	1
62	112	1
62	113	1
62	114	1
62	115	1
62	116	1
62	117	1
62	118	1
62	119	1
62	120	1
62	121	1
62	122	1
62	123	1
62	124	1
62	125	1
62	126	1
62	127	1
62	128	1
62	129	1
62	130	1
62	131	1
62	132	1
62	133	1
62	134	1
62	135	1
62	136	1
62	137	1
62	138	1
62	139	1
62	140	1
62	141	1
62	142	1
62	143	1
62	144	1
62	145	1
62	146	1
62	147	1
62	148	1
62	149	1
62	150	1
62	151	1
62	152	1
62	153	1
62	154	1
62	155	1
62	156	1
62	157	1
62	158	1
62	159	1
62	160	1
62	161	1
63	111	1
63	112	1
63	113	1
63	114	1
63	115	1
63	116	1
63	117	1
63	118	1
63	119	1
63	120	1
63	121	1
63	122	1
63	123	1
63	124	1
63	125	1
63	126	1
63	127	1
63	128	1
63	129	1
63	130	1
63	131	1
63	132	1
63	133	1
63	134	1
63	135	1
63	136	1
63	137	1
63	138	1
63	139	1
63	140	1
63	141	1
63	142	1
63	143	1
63	144	1
63	145	1
63	146	1
63	147	1
63	148	1
63	149	1
63	150	1
63	151	1
63	152	1
63	153	1
63	154	1
63	155	1
63	156	1
63	157	1
63	158	1
63	159	1
63	160	1
63	161	1
64	110	1
64	111	1
64	112	1
64	113	1
64	114	1
64	115	1
64	116	1
64	117	1
64	118	1
64	119	1
64	120	1
64	121	1
64	122	1
64	123	1
64	124	1
64	125	1
64	126	1
64	127	1
64	128	1
64	129	1
64	130	1
64	131	1
64	132	1
64	133	1
64	134	1
64	135	1
64	136	1
64	137	1
64	138	1
64	139	1
64	140	1
64	141	1
64	142	1
64	143	1
64	144	1
64	145	1
64	146	1
64	147	1
64	148	1
64	149	1
64	150	1
64	151	1
64	152	1
64	153	1
64	154	1
64	155	1
64	156	1
64	157	1
64	158	1
64	159	1
64	160	1
64	161	1
65	110	1
65	111	1
65	112	1
65	113	1
65	114	1
65	115	1
65	116	1
65	117	1
65	118	1
65	119	1
65	120	1
65	121	1
65	122	1
65	123	1
65	124	1
65	125	1
65	126	1
65	127	1
65	128	1
65	129	1
65	130	1
65	131	1
65	132	1
65	133	1
65	134	1
65	135	1
65	136	1
65	137	1
65	138	1
65	139	1
65	140	1
65	141	1
65	142	1
65	143	1
65	144	1
65	145	1
65	146	1
65	147	1
65	148	1
65	149	1
65	150	1
65	151	1
65	152	1
65	153	1
65	154	1
65	155	1
65	156	1
65	157	1
65	158	1
65	159	1
65	160	1
65	161	1
66	109	1
66	110	1
66	111	1
66	112	1
66	113	1
66	114	1
66	115	1
66	116	1
66	117	1
66	118	1
66	119	1
66	120	1
66	121	1
66	122	1
66	123	1
66	124	1
66	125	1
66	126	1
66	127	1
66	128	1
66	129	1
66	130	1
66	131	1
66	132	1
66	133	1
66	134	1
66	135	1
66	136	1
66	137	1
66	138	1
66	139	1
66	140	1
66	141	1
66	142	1
66	143	1
66	144	1
66	145	1
66	146	1
66	147	1
66	148	1
66	149	1
66	150	1
66	151	1
66	152	1
66	153	1
66	154	1
66	155	1
66	156	1
66	157	1
66	158	1
66	159	1
66	160	1
66	161	1
67	109	1
67	110	1
67	111	1
67	112	1
67	113	1
67	114	1
67	115	1
67	116	1
67	117	1
67	118	1
67	119	1
67	120	1
67	121	1
67	122	1
67	123	1
67	124	1
67	125	1
67	126	1
67	127	1
67	128	1
67	129	1
67	130	1
67	131	1
67	132	1
67	133	1
67	134	1
67	135	1
67	136	1
67	137	1
67	138	1
67	139	1
67	140	1
67	141	1
67	142	1
67	143	1
67	144	1
67	145	1
67	146	1
67	147	1
67	148	1
67	149	1
67	150	1
67	151	1
67	152	1
67	153	1
67	154	1
67	155	1
67	156	1
67	157	1
67	158	1
67	159	1
67	160	1
67	161	1
68	108	1
68	109	1
68	110	1
68	111	1
68	112	1
68	113	1
68	114	1
68	115	1
68	116	1
68	117	1
68	118	1
68	119	1
68	120	1
68	121	1
68	122	1
68	123	1
68	124	1
68	125	1
68	126	1
68	127	1
68	128	1
68	129	1
68	130	1
68	131	1
68	132	1
68	133	1
68	134	1
68	135	1
68	136	1
68	137	1
68	138	1
68	139	1
68	140	1
68	141	1
68	142	1
68	143	1
68	144	1
68	145	1
68	146	1
68	147	1
68	148	1
68	149	1
68	150	1
68	151	1
68	152	1
68	153	1
68	154	1
68	155	1
68	156	1
68	157	1
68	158	1
68	159	1
68	160	1
68	161	1
69	108	1
69	109	1
69	110	1
69	111	1
69	112	1
69	113	1
69	114	1
69	115	1
69	116	1
69	117	1
69	118	1
69	119	1
69	120	1
69	121	1
69	122	1
69	123	1
69	124	1
69	125	1
69	126	1
69	127	1
69	128	1
69	129	1
69	130	1
69	131	1
69	132	1
69	133	1
69	134	1
69	135	1
69	136	1
69	137	1
69	138	1
69	139	1
69	140	1
69	141	1
69	142	1
69	143	1
69	144	1
69	145	1
69	146	1
69	147	1
69	148	1
69	149	1
69	150	1
69	151	1
69	152	1
69	153	1
69	154	1
69	155	1
69	156	1
69	157	1
69	158	1
69	159	1
69	160	1
69	161	1
70	108	1
70	109	1
70	110	1
70	111	1
70	112	1
70	113	1
70	114	1
70	115	1
70	116	1
70	117	1
70	118	1
70	119	1
70	120	1
70	121	1
70	122	1
70	123	1
70	124	1
70	125	1
70	126	1
70	127	1
70	128	1
70	129	1
70	130	1
70	131	1
70	132	1
70	133	1
70	134	1
70	135	1
70	136	1
70	137	1
70	138	1
70	139	1
70	140	1
70	141	1
70	142	1
70	143	1
70	144	1
70	145	1
70	146	1
70	147	1
70	148	1
70	149	1
70	150	1
70	151	1
70	152	1
70	153	1
70	154	1
70	155	1
70	156	1
70	157	1
70	158	1
70	159	1
70	160	1
70	161	1
71	107	1
71	108	1
71	109	1
71	110	1
71	111	1
71	112	1
71	113	1
71	114	1
71	115	1
71	116	1
71	117	1
71	118	1
71	119	1
71	120	1
71	121	1
71	122	1
71	123	1
71	124	1
71	125	1
71	126	1
71	127	1
71	128	1
71	129	1
71	130	1
71	131	1
71	132	1
71	133	1
71	134	1
71	135	1
71	136	1
71	137	1
71	138	1
71	139	1
71	140	1
71	141	1
71	142	1
71	143	1
71	144	1
71	145	1
71	146	1
71	147	1
71	148	1
71	149	1
71	150	1
71	151	1
71	152	1
71	153	1
71	154	1
71	155	1
71	156	1
71	157	1
71	158	1
71	159	1
71	160	1
71	161	1
72	107	1
72	108	1
72	109	1
72	110	1
72	111	1
72	112	1
72	113	1
72	114	1
72	115	1
72	116	1
72	117	1
72	118	1
72	119	1
72	120	1
72	121	1
72	122	1
72	123	1
72	124	1
72	125	1
72	126	1
72	127	1
72	128	1
72	129	1
72	130	1
72	131	1
72	132	1
72	133	1
72	134	1
72	135	1
72	136	1
72	137	1
72	138	1
72	139	1
72	140	1
72	141	1
72	142	1
72	143	1
72	144	1
72	145	1
72	146	1
72	147	1
72	148	1
72	149	1
72	150	1
72	151	1
72	152	1
72	153	1
72	154	1
72	155	1
72	156	1
72	157	1
72	158	1
72	159	1
72	160	1
72	161	1
73	107	1
73	108	1
73	109	1
73	110	1
73	111	1
73	112	1
73	113	1
73	114	1
73	115	1
73	116	1
73	117	1
73	118	1
73	119	1
73	120	1
73	121	1
73	122	1
73	123	1
73	124	1
73	125	1
73	126	1
73	127	1
73	128	1
73	129	1
73	130	1
73	131	1
73	132	1
73	133	1
73	134	1
73	135	1
73	136	1
73	137	1
73	138	1
73	139	1
73	140	1
73	141	1
73	142	1
73	143	1
73	144	1
73	145	1
73	146	1
73	147	1
73	148	1
73	149	1
73	150	1
73	151	1
73	152	1
73	153	1
73	154	1
73	155	1
73	156	1
73	157	1
73	158	1
73	159	1
73	160	1
73	161	1
74	107	1
74	108	1
74	109	1
74	110	1
74	111	1
74	112	1
74	113	1
74	114	1
74	115	1
74	116	1
74	117	1
74	118	1
74	119	1
74	120	1
74	121	1
74	122	1
74	123	1
74	124	1
74	125	1
74	126	1
74	127	1
74	128	1
74	129	1
74	130	1
74	131	1
74	132	1
74	133	1
74	134	1
74	135	1
74	136	1
74	137	1
74	138	1
74	139	1
74	140	1
74	141	1
74	142	1
74	143	1
74	144	1
74	145	1
74	146	1
74	147	1
74	148	1
74	149	1
74	150	1
74	151	1
74	152	1
74	153	1
74	154	1
74	155	1
74	156	1
74	157	1
74	158	1
74	159	1
74	160	1
74	161	1
75	106	1
75	107	1
75	108	1
75	109	1
75	110	1
75	111	1
75	112	1
75	113	1
75	114	1
75	115	1
75	116	1
75	117	1
75	118	1
75	119	1
75	120	1
75	121	1
75	122	1
75	123	1
75	124	1
75	125	1
75	126	1
75	127	1
75	128	1
75	129	1
75	130	1
75	131	1
75	132	1
75	133	1
75	134	1
75	135	1
75	136	1
75	137	1
75	138	1
75	139	1
75	140	1
75	141	1
75	142	1
75	143	1
75	144	1
75	145	1
75	146	1
75	147	1
75	148	1
75	149	1
75	150	1
75	151	1
75	152	1
75	153	1
75	154	1
75	155	1
75	156	1
75	157	1
75	158	1
75	159	1
75	160	1
75	161	1
76	106	1
76	107	1
76	108	1
76	109	1
76	110	1
76	111	1
76	112	1
76	113	1
76	114	1
76	115	1
76	116	1
76	117	1
76	118	1
76	119	1
76	120	1
76	121	1
76	122	1
76	123	1
76	124	1
76	125	1
76	126	1
76	127	1
76	128	1
76	129	1
76	130	1
76	131	1
76	132	1
76	133	1
76	134	1
76	135	1
76	136	1
76	137	1
76	138	1
76	139	1
76	140	1
76	141	1
76	142	1
76	143	1
76	144	1
76	145	1
76	146	1
76	147	1
76	148	1
76	149	1
76	150	1
76	151	1
76	152	1
76	153	1
76	154	1
76	155	1
76	156	1
76	157	1
76	158	1
76	159	1
76	160	1
76	161	1
77	106	1
77	107	1
77	108	1
77	109	1
77	110	1
77	111	1
77	112	1
77	113	1
77	114	1
77	115	1
77	116	1
77	117	1
77	118	1
77	119	1
77	120	1
77	121	1
77	122	1
77	123	1
77	124	1
77	125	1
77	126	1
77	127	1
77	128	1
77	129	1
77	130	1
77	131	1
77	132	1
77	133	1
77	134	1
77	135	1
77	136	1
77	137	1
77	138	1
77	139	1
77	140	1
77	141	1
77	142	1
77	143	1
77	144	1
77	145	1
77	146	1
77	147	1
77	148	1
77	149	1
77	150	1
77	151	1
77	152	1
77	153	1
77	154	1
77	155	1
77	156	1
77	157	1
77	158	1
77	159	1
77	160	1
77	161	1
78	106	1
78	107	1
78	108	1
78	109	1
78	110	1
78	111	1
78	112	1
78	113	1
78	114	1
78	115	1
78	116	1
78	117	1
78	118	1
78	119	1
78	120	1
78	121	1
78	122	1
78	123	1
78	124	1
78	125	1
78	126	1
78	127	1
78	128	1
78	129	1
78	130	1
78	131	1
78	132	1
78	133	1
78	134	1
78	135	1
78	136	1
78	137	1
78	138	1
78	139	1
78	140	1
78	141	1
78	142	1
78	143	1
78	144	1
78	145	1
78	146	1
78	147	1
78	148	1
78	149	1
78	150	1
78	151	1
78	152	1
78	153	1
78	154	1
78	155	1
78	156	1
78	157	1
78	158	1
78	159	1
78	160	1
78	161	1
79	106	1
79	107	1
79	108	1
79	109	1
79	110	1
79	111	1
79	112	1
79	113	1
79	114	1
79	115	1
79	116	1
79	117	1
79	118	1
79	119	1
79	120	1
79	121	1
79	122	1
79	123	1
79	124	1
79	125	1
79	126	1
79	127	1
79	128	1
79	129	1
79	130	1
79	131	1
79	132	1
79	133	1
79	134	1
79	135	1
79	136	1
79	137	1
79	138	1
79	139	1
79	140	1
79	141	1
79	142	1
79	143	1
79	144	1
79	145	1
79	146	1
79	147	1
79	148	1
79	149	1
79	150	1
79	151	1
79	152	1
79	153	1
79	154	1
79	155	1
79	156	1
79	157	1
79	158	1
79	159	1
79	160	1
79	161	1
80	106	1
80	107	1
80	108	1
80	109	1
80	110	1
80	111	1
80	112	1
80	113	1
80	114	1
80	115	1
80	116	1
80	117	1
80	118	1
80	119	1
80	120	1
80	121	1
80	122	1
80	123	1
80	124	1
80	125	1
80	126	1
80	127	1
80	128	1
80	129	1
80	130	1
80	131	1
80	132	1
80	133	1
80	134	1
80	135	1
80	136	1
80	137	1
80	138	1
80	139	1
80	140	1
80	141	1
80	142	1
80	143	1
80	144	1
80	145	1
80	146	1
80	147	1
80	148	1
80	149	1
80	150	1
80	151	1
80	152	1
80	153	1
80	154	1
80	155	1
80	156	1
80	157	1
80	158	1
80	159	1
80	160	1
80	161	1
81	106	1
81	107	1
81	108	1
81	109	1
81	110	1
81	111	1
81	112	1
81	113	1
81	114	1
81	115	1
81	116	1
81	117	1
81	118	1
81	119	1
81	120	1
81	121	1
81	122	1
81	123	1
81	124	1
81	125	1
81	126	1
81	127	1
81	128	1
81	129	1
81	130	1
81	131	1
81	132	1
81	133	1
81	134	1
81	135	1
81	136	1
81	137	1
81	138	1
81	139	1
81	140	1
81	141	1
81	142	1
81	143	1
81	144	1
81	145	1
81	146	1
81	147	1
81	148	1
81	149	1
81	150	1
81	151	1
81	152	1
81	153	1
81	154	1
81	155	1
81	156	1
81	157	1
81	158	1
81	159	1
81	160	1
81	161	1
82	106	1
82	107	1
82	108	1
82	109	1
82	110	1
82	111	1
82	112	1
82	113	1
82	114	1
82	115	1
82	116	1
82	117	1
82	118	1
82	119	1
82	120	1
82	121	1
82	122	1
82	123	1
82	124	1
82	125	1
82	126	1
82	127	1
82	128	1
82	129	1
82	130	1
82	131	1
82	132	1
82	133	1
82	134	1
82	135	1
82	136	1
82	137	1
82	138	1
82	139	1
82	140	1
82	141	1
82	142	1
82	143	1
82	144	1
82	145	1
82	146	1
82	147	1
82	148	1
82	149	1
82	150	1
82	151	1
82	152	1
82	153	1
82	154	1
82	155	1
82	156	1
82	157	1
82	158	1
82	159	1
82	160	1
82	161	1
83	105	1
83	106	1
83	107	1
83	108	1
83	109	1
83	110	1
83	111	1
83	112	1
83	113	1
83	114	1
83	115	1
83	116	1
83	117	1
83	118	1
83	119	1
83	120	1
83	121	1
83	122	1
83	123	1
83	124	1
83	125	1
83	126	1
83	127	1
83	128	1
83	129	1
83	130	1
83	131	1
83	132	1
83	133	1
83	134	1
83	135	1
83	136	1
83	137	1
83	138	1
83	139	1
83	140	1
83	141	1
83	142	1
83	143	1
83	144	1
83	145	1
83	146	1
83	147	1
83	148	1
83	149	1
83	150	1
83	151	1
83	152	1
83	153	1
83	154	1
83	155	1
83	156	1
83	157	1
83	158	1
83	159	1
83	160	1
83	161	1
84	106	1
84	107	1
84	108	1
84	109	1
84	110	1
84	111	1
84	112	1
84	113	1
84	114	1
84	115	1
84	116	1
84	117	1
84	118	1
84	119	1
84	120	1
84	121	1
84	122	1
84	123	1
84	124	1
84	125	1
84	126	1
84	127	1
84	128	1
84	129	1
84	130	1
84	131	1
84	132	1
84	133	1
84	134	1
84	135	1
84	136	1
84	137	1
84	138	1
84	139	1
84	140	1
84	141	1
84	142	1
84	143	1
84	144	1
84	145	1
84	146	1
84	147	1
84	148	1
84	149	1
84	150	1
84	151	1
84	152	1
84	153	1
84	154	1
84	155	1
84	156	1
84	157	1
84	158	1
84	159	1
84	160	1
84	161	1
85	106	1
85	107	1
85	108	1
85	109	1
85	110	1
85	111	1
85	112	1
85	113	1
85	114	1
85	115	1
85	116	1
85	117	1
85	118	1
85	119	1
85	120	1
85	121	1
85	122	1
85	123	1
85	124	1
85	125	1
85	126	1
85	127	1
85	128	1
85	129	1
85	130	1
85	131	1
85	132	1
85	133	1
85	134	1
85	135	1
85	136	1
85	137	1
85	138	1
85	139	1
85	140	1
85	141	1
85	142	1
85	143	1
85	144	1
85	145	1
85	146	1
85	147	1
85	148	1
85	149	1
85	150	1
85	151	1
85	152	1
85	153	1
85	154	1
85	155	1
85	156	1
85	157	1
85	158	1
85	159	1
85	160	1
85	161	1
86	106	1
86	107	1
86	108	1
86	109	1
86	110	1
86	111	1
86	112	1
86	113	1
86	114	1
86	115	1
86	116	1
86	117	1
86	118	1
86	119	1
86	120	1
86	121	1
86	122	1
86	123	1
86	124	1
86	125	1
86	126	1
86	127	1
86	128	1
86	129	1
86	130	1
86	131	1
86	132	1
86	133	1
86	134	1
86	135	1
86	136	1
86	137	1
86	138	1
86	139	1
86	140	1
86	141	1
86	142	1
86	143	1
86	144	1
86	145	1
86	146	1
86	147	1
86	148	1
86	149	1
86	150	1
86	151	1
86	152	1
86	153	1
86	154	1
86	155	1
86	156	1
86	157	1
86	158	1
86	159	1
86	160	1
86	161	1
87	106	1
87	107	1
87	108	1
87	109	1
87	110	1
87	111	1
87	112	1
87	113	1
87	114	1
87	115	1
87	116	1
87	117	1
87	118	1
87	119	1
87	120	1
87	121	1
87	122	1
87	123	1
87	124	1
87	125	1
87	126	1
87	127	1
87	128	1
87	129	1
87	130	1
87	131	1
87	132	1
87	133	1
87	134	1
87	135	1
87	136	1
87	137	1
87	138	1
87	139	1
87	140	1
87	141	1
87	142	1
87	143	1
87	144	1
87	145	1
87	146	1
87	147	1
87	148	1
87	149	1
87	150	1
87	151	1
87	152	1
87	153	1
87	154	1
87	155	1
87	156	1
87	157	1
87	158	1
87	159	1
87	160	1
87	161	1
88	106	1
88	107	1
88	108	1
88	109	1
88	110	1
88	111	1
88	112	1
88	113	1
88	114	1
88	115	1
88	116	1
88	117	1
88	118	1
88	119	1
88	120	1
88	121	1
88	122	1
88	123	1
88	124	1
88	125	1
88	126	1
88	127	1
88	128	1
88	129	1
88	130	1
88	131	1
88	132	1
88	133	1
88	134	1
88	135	1
88	136	1
88	137	1
88	138	1
88	139	1
88	140	1
88	141	1
88	142	1
88	143	1
88	144	1
88	145	1
88	146	1
88	147	1
88	148	1
88	149	1
88	150	1
88	151	1
88	152	1
88	153	1
88	154	1
88	155	1
88	156	1
88	157	1
88	158	1
88	159	1
88	160	1
88	161	1
89	106	1
89	107	1
89	108	1
89	109	1
89	110	1
89	111	1
89	112	1
89	113	1
89	114	1
89	115	1
89	116	1
89	117	1
89	118	1
89	119	1
89	120	1
89	121	1
89	122	1
89	123	1
89	124	1
89	125	1
89	126	1
89	127	1
89	128	1
89	129	1
89	130	1
89	131	1
89	132	1
89	133	1
89	134	1
89	135	1
89	136	1
89	137	1
89	138	1
89	139	1
89	140	1
89	141	1
89	142	1
89	143	1
89	144	1
89	145	1
89	146	1
89	147	1
89	148	1
89	149	1
89	150	1
89	151	1
89	152	1
89	153	1
89	154	1
89	155	1
89	156	1
89	157	1
89	158	1
89	159	1
89	160	1
89	161	1
90	106	1
90	107	1
90	108	1
90	109	1
90	110	1
90	111	1
90	112	1
90	113	1
90	114	1
90	115	1
90	116	1
90	117	1
90	118	1
90	119	1
90	120	1
90	121	1
90	122	1
90	123	1
90	124	1
90	125	1
90	126	1
90	127	1
90	128	1
90	129	1
90	130	1
90	131	1
90	132	1
90	133	1
90	134	1
90	135	1
90	136	1
90	137	1
90	138	1
90	139	1
90	140	1
90	141	1
90	142	1
90	143	1
90	144	1
90	145	1
90	146	1
90	147	1
90	148	1
90	149	1
90	150	1
90	151	1
90	152	1
90	153	1
90	154	1
90	155	1
90	156	1
90	157	1
90	158	1
90	159	1
90	160	1
90	161	1
91	106	1
91	107	1
91	108	1
91	109	1
91	110	1
91	111	1
91	112	1
91	113	1
91	114	1
91	115	1
91	116	1
91	117	1
91	118	1
91	119	1
91	120	1
91	121	1
91	122	1
91	123	1
91	124	1
91	125	1
91	126	1
91	127	1
91	128	1
91	129	1
91	130	1
91	131	1
91	132	1
91	133	1
91	134	1
91	135	1
91	136	1
91	137	1
91	138	1
91	139	1
91	140	1
91	141	1
91	142	1
91	143	1
91	144	1
91	145	1
91	146	1
91	147	1
91	148	1
91	149	1
91	150	1
91	151	1
91	152	1
91	153	1
91	154	1
91	155	1
91	156	1
91	157	1
91	158	1
91	159	1
91	160	1
91	161	1
92	107	1
92	108	1
92	109	1
92	110	1
92	111	1
92	112	1
92	113	1
92	114	1
92	115	1
92	116	1
92	117	1
92	118	1
92	119	1
92	120	1
92	121	1
92	122	1
92	123	1
92	124	1
92	125	1
92	126	1
92	127	1
92	128	1
92	129	1
92	130	1
92	131	1
92	132	1
92	133	1
92	134	1
92	135	1
92	136	1
92	137	1
92	138	1
92	139	1
92	140	1
92	141	1
92	142	1
92	143	1
92	144	1
92	145	1
92	146	1
92	147	1
92	148	1
92	149	1
92	150	1
92	151	1
92	152	1
92	153	1
92	154	1
92	155	1
92	156	1
92	157	1
92	158	1
92	159	1
92	160	1
92	161	1
93	107	1
93	108	1
93	109	1
93	110	1
93	111	1
93	112	1
93	113	1
93	114	1
93	115	1
93	116	1
93	117	1
93	118	1
93	119	1
93	120	1
93	121	1
93	122	1
93	123	1
93	124	1
93	125	1
93	126	1
93	127	1
93	128	1
93	129	1
93	130	1
93	131	1
93	132	1
93	133	1
93	134	1
93	135	1
93	136	1
93	137	1
93	138	1
93	139	1
93	140	1
93	141	1
93	142	1
93	143	1
93	144	1
93	145	1
93	146	1
93	147	1
93	148	1
93	149	1
93	150	1
93	151	1
93	152	1
93	153	1
93	154	1
93	155	1
93	156	1
93	157	1
93	158	1
93	159	1
93	160	1
93	161	1
94	107	1
94	108	1
94	109	1
94	110	1
94	111	1
94	112	1
94	113	1
94	114	1
94	115	1
94	116	1
94	117	1
94	118	1
94	119	1
94	120	1
94	121	1
94	122	1
94	123	1
94	124	1
94	125	1
94	126	1
94	127	1
94	128	1
94	129	1
94	130	1
94	131	1
94	132	1
94	133	1
94	134	1
94	135	1
94	136	1
94	137	1
94	138	1
94	139	1
94	140	1
94	141	1
94	142	1
94	143	1
94	144	1
94	145	1
94	146	1
94	147	1
94	148	1
94	149	1
94	150	1
94	151	1
94	152	1
94	153	1
94	154	1
94	155	1
94	156	1
94	157	1
94	158	1
94	159	1
94	160	1
94	161	1
95	107	1
95	108	1
95	109	1
95	110	1
95	111	1
95	112	1
95	113	1
95	114	1
95	115	1
95	116	1
95	117	1
95	118	1
95	119	1
95	120	1
95	121	1
95	122	1
95	123	1
95	124	1
95	125	1
95	126	1
95	127	1
95	128	1
95	129	1
95	130	1
95	131	1
95	132	1
95	133	1
95	134	1
95	135	1
95	136	1
95	137	1
95	138	1
95	139	1
95	140	1
95	141	1
95	142	1
95	143	1
95	144	1
95	145	1
95	146	1
95	147	1
95	148	1
95	149	1
95	150	1
95	151	1
95	152	1
95	153	1
95	154	1
95	155	1
95	156	1
95	157	1
95	158	1
95	159	1
95	160	1
95	161	1
96	108	1
96	109	1
96	110	1
96	111	1
96	112	1
96	113	1
96	114	1
96	115	1
96	116	1
96	117	1
96	118	1
96	119	1
96	120	1
96	121	1
96	122	1
96	123	1
96	124	1
96	125	1
96	126	1
96	127	1
96	128	1
96	129	1
96	130	1
96	131	1
96	132	1
96	133	1
96	134	1
96	135	1
96	136	1
96	137	1
96	138	1
96	139	1
96	140	1
96	141	1
96	142	1
96	143	1
96	144	1
96	145	1
96	146	1
96	147	1
96	148	1
96	149	1
96	150	1
96	151	1
96	152	1
96	153	1
96	154	1
96	155	1
96	156	1
96	157	1
96	158	1
96	159	1
96	160	1
96	161	1
97	108	1
97	109	1
97	110	1
97	111	1
97	112	1
97	113	1
97	114	1
97	115	1
97	116	1
97	117	1
97	118	1
97	119	1
97	120	1
97	121	1
97	122	1
97	123	1
97	124	1
97	125	1
97	126	1
97	127	1
97	128	1
97	129	1
97	130	1
97	131	1
97	132	1
97	133	1
97	134	1
97	135	1
97	136	1
97	137	1
97	138	1
97	139	1
97	140	1
97	141	1
97	142	1
97	143	1
97	144	1
97	145	1
97	146	1
97	147	1
97	148	1
97	149	1
97	150	1
97	151	1
97	152	1
97	153	1
97	154	1
97	155	1
97	156	1
97	157	1
97	158	1
97	159	1
97	160	1
97	161	1
98	108	1
98	109	1
98	110	1
98	111	1
98	112	1
98	113	1
98	114	1
98	115	1
98	116	1
98	117	1
98	118	1
98	119	1
98	120	1
98	121	1
98	122	1
98	123	1
98	124	1
98	125	1
98	126	1
98	127	1
98	128	1
98	129	1
98	130	1
98	131	1
98	132	1
98	133	1
98	134	1
98	135	1
98	136	1
98	137	1
98	138	1
98	139	1
98	140	1
98	141	1
98	142	1
98	143	1
98	144	1
98	145	1
98	146	1
98	147	1
98	148	1
98	149	1
98	150	1
98	151	1
98	152	1
98	153	1
98	154	1
98	155	1
98	156	1
98	157	1
98	158	1
98	159	1
98	160	1
98	161	1
99	109	1
99	110	1
99	111	1
99	112	1
99	113	1
99	114	1
99	115	1
99	116	1
99	117	1
99	118	1
99	119	1
99	120	1
99	121	1
99	122	1
99	123	1
99	124	1
99	125	1
99	126	1
99	127	1
99	128	1
99	129	1
99	130	1
99	131	1
99	132	1
99	133	1
99	134	1
99	135	1
99	136	1
99	137	1
99	138	1
99	139	1
99	140	1
99	141	1
99	142	1
99	143	1
99	144	1
99	145	1
99	146	1
99	147	1
99	148	1
99	149	1
99	150	1
99	151	1
99	152	1
99	153	1
99	154	1
99	155	1
99	156	1
99	157	1
99	158	1
99	159	1
99	160	1
99	161	1
100	109	1
100	110	1
100	111	1
100	112	1
100	113	1
100	114	1
100	115	1
100	116	1
100	117	1
100	118	1
100	119	1
100	120	1
100	121	1
100	122	1
100	123	1
100	124	1
100	125	1
100	126	1
100	127	1
100	128	1
100	129	1
100	130	1
100	131	1
100	132	1
100	133	1
100	134	1
100	135	1
100	136	1
100	137	1
100	138	1
100	139	1
100	140	1
100	141	1
100	142	1
100	143	1
100	144	1
100	145	1
100	146	1
100	147	1
100	148	1
100	149	1
100	150	1
100	151	1
100	152	1
100	153	1
100	154	1
100	155	1
100	156	1
100	157	1
100	158	1
100	159	1
100	160	1
100	161	1
101	110	1
101	111	1
101	112	1
101	113	1
101	114	1
101	115	1
101	116	1
101	117	1
101	118	1
101	119	1
101	120	1
101	121	1
101	122	1
101	123	1
101	124	1
101	125	1
101	126	1
101	127	1
101	128	1
101	129	1
101	130	1
101	131	1
101	132	1
101	133	1
101	134	1
101	135	1
101	136	1
101	137	1
101	138	1
101	139	1
101	140	1
101	141	1
101	142	1
101	143	1
101	144	1
101	145	1
101	146	1
101	147	1
101	148	1
101	149	1
101	150	1
101	151	1
101	152	1
101	153	1
101	154	1
101	155	1
101	156	1
101	157	1
101	158	1
101	159	1
101	160	1
101	161	1
102	110	1
102	111	1
102	112	1
102	113	1
102	114	1
102	115	1
102	116	1
102	117	1
102	118	1
102	119	1
102	120	1
102	121	1
102	122	1
102	123	1
102	124	1
102	125	1
102	126	1
102	127	1
102	128	1
102	129	1
102	130	1
102	131	1
102	132	1
102	133	1
102	134	1
102	135	1
102	136	1
102	137	1
102	138	1
102	139	1
102	140	1
102	141	1
102	142	1
102	143	1
102	144	1
102	145	1
102	146	1
102	147	1
102	148	1
102	149	1
102	150	1
102	151	1
102	152	1
102	153	1
102	154	1
102	155	1
102	156	1
102	157	1
102	158	1
102	159	1
102	160	1
102	161	1
103	111	1
103	112	1
103	113	1
103	114	1
103	115	1
103	116	1
103	117	1
103	118	1
103	119	1
103	120	1
103	121	1
103	122	1
103	123	1
103	124	1
103	125	1
103	126	1
103	127	1
103	128	1
103	129	1
103	130	1
103	131	1
103	132	1
103	133	1
103	134	1
103	135	1
103	136	1
103	137	1
103	138	1
103	139	1
103	140	1
103	141	1
103	142	1
103	143	1
103	144	1
103	145	1
103	146	1
103	147	1
103	148	1
103	149	1
103	150	1
103	151	1
103	152	1
103	153	1
103	154	1
103	155	1
103	156	1
103	157	1
103	158	1
103	159	1
103	160	1
103	161	1
104	111	1
104	112	1
104	113	1
104	114	1
104	115	1
104	116	1
104	117	1
104	118	1
104	119	1
104	120	1
104	121	1
104	122	1
104	123	1
104	124	1
104	125	1
104	126	1
104	127	1
104	128	1
104	129	1
104	130	1
104	131	1
104	132	1
104	133	1
104	134	1
104	135	1
104	136	1
104	137	1
104	138	1
104	139	1
104	140	1
104	141	1
104	142	1
104	143	1
104	144	1
104	145	1
104	146	1
104	147	1
104	148	1
104	149	1
104	150	1
104	151	1
104	152	1
104	153	1
104	154	1
104	155	1
104	156	1
104	157	1
104	158	1
104	159	1
104	160	1
104	161	1
105	112	1
105	113	1
105	114	1
105	115	1
105	116	1
105	117	1
105	118	1
105	119	1
105	120	1
105	121	1
105	122	1
105	123	1
105	124	1
105	125	1
105	126	1
105	127	1
105	128	1
105	129	1
105	130	1
105	131	1
105	132	1
105	133	1
105	134	1
105	135	1
105	136	1
105	137	1
105	138	1
105	139	1
105	140	1
105	141	1
105	142	1
105	143	1
105	144	1
105	145	1
105	146	1
105	147	1
105	148	1
105	149	1
105	150	1
105	151	1
105	152	1
105	153	1
105	154	1
105	155	1
105	156	1
105	157	1
105	158	1
105	159	1
105	160	1
105	161	1
106	113	1
106	114	1
106	115	1
106	116	1
106	117	1
106	118	1
106	119	1
106	120	1
106	121	1
106	122	1
106	123	1
106	124	1
106	125	1
106	126	1
106	127	1
106	128	1
106	129	1
106	130	1
106	131	1
106	132	1
106	133	1
106	134	1
106	135	1
106	136	1
106	137	1
106	138	1
106	139	1
106	140	1
106	141	1
106	142	1
106	143	1
106	144	1
106	145	1
106	146	1
106	147	1
106	148	1
106	149	1
106	150	1
106	151	1
106	152	1
106	153	1
106	154	1
106	155	1
106	156	1
106	157	1
106	158	1
106	159	1
106	160	1
106	161	1
107	113	1
107	114	1
107	115	1
107	116	1
107	117	1
107	118	1
107	119	1
107	120	1
107	121	1
107	122	1
107	123	1
107	124	1
107	125	1
107	126	1
107	127	1
107	128	1
107	129	1
107	130	1
107	131	1
107	132	1
107	133	1
107	134	1
107	135	1
107	136	1
107	137	1
107	138	1
107	139	1
107	140	1
107	141	1
107	142	1
107	143	1
107	144	1
107	145	1
107	146	1
107	147	1
107	148	1
107	149	1
107	150	1
107	151	1
107	152	1
107	153	1
107	154	1
107	155	1
107	156	1
107	157	1
107	158	1
107	159	1
107	160	1
107	161	1
108	114	1
108	115	1
108	116	1
108	117	1
108	118	1
108	119	1
108	120	1
108	121	1
108	122	1
108	123	1
108	124	1
108	125	1
108	126	1
108	127	1
108	128	1
108	129	1
108	130	1
108	131	1
108	132	1
108	133	1
108	134	1
108	135	1
108	136	1
108	137	1
108	138	1
108	139	1
108	140	1
108	141	1
108	142	1
108	143	1
108	144	1
108	145	1
108	146	1
108	147	1
108	148	1
108	149	1
108	150	1
108	151	1
108	152	1
108	153	1
108	154	1
108	155	1
108	156	1
108	157	1
108	158	1
108	159	1
108	160	1
108	161	1
109	115	1
109	116	1
109	117	1
109	118	1
109	119	1
109	120	1
109	121	1
109	122	1
109	123	1
109	124	1
109	125	1
109	126	1
109	127	1
109	128	1
109	129	1
109	130	1
109	131	1
109	132	1
109	133	1
109	134	1
109	135	1
109	136	1
109	137	1
109	138	1
109	139	1
109	140	1
109	141	1
109	142	1
109	143	1
109	144	1
109	145	1
109	146	1
109	147	1
109	148	1
109	149	1
109	150	1
109	151	1
109	152	1
109	153	1
109	154	1
109	155	1
109	156	1
109	157	1
109	158	1
109	159	1
109	160	1
109	161	1
110	116	1
110	117	1
110	118	1
110	119	1
110	120	1
110	121	1
110	122	1
110	123	1
110	124	1
110	125	1
110	126	1
110	127	1
110	128	1
110	129	1
110	130	1
110	131	1
110	132	1
110	133	1
110	134	1
110	135	1
110	136	1
110	137	1
110	138	1
110	139	1
110	140	1
110	141	1
110	142	1
110	143	1
110	144	1
110	145	1
110	146	1
110	147	1
110	148	1
110	149	1
110	150	1
110	151	1
110	152	1
110	153	1
110	154	1
110	155	1
110	156	1
110	157	1
110	158	1
110	159	1
110	160	1
110	161	1
111	117	1
111	118	1
111	119	1
111	120	1
111	121	1
111	122	1
111	123	1
111	124	1
111	125	1
111	126	1
111	127	1
111	128	1
111	129	1
111	130	1
111	131	1
111	132	1
111	133	1
111	134	1
111	135	1
111	136	1
111	137	1
111	138	1
111	139	1
111	140	1
111	141	1
111	142	1
111	143	1
111	144	1
111	145	1
111	146	1
111	147	1
111	148	1
111	149	1
111	150	1
111	151	1
111	152	1
111	153	1
111	154	1
111	155	1
111	156	1
111	157	1
111	158	1
111	159	1
111	160	1
111	161	1
112	118	1
112	119	1
112	120	1
112	121	1
112	122	1
112	123	1
112	124	1
112	125	1
112	126	1
112	127	1
112	128	1
112	129	1
112	130	1
112	131	1
112	132	1
112	133	1
112	134	1
112	135	1
112	136	1
112	137	1
112	138	1
112	139	1
112	140	1
112	141	1
112	142	1
112	143	1
112	144	1
112	145	1
112	146	1
112	147	1
112	148	1
112	149	1
112	150	1
112	151	1
112	152	1
112	153	1
112	154	1
112	155	1
112	156	1
112	157	1
112	158	1
112	159	1
112	160	1
112	161	1
113	119	1
113	120	1
113	121	1
113	122	1
113	123	1
113	124	1
113	125	1
113	126	1
113	127	1
113	128	1
113	129	1
113	130	1
113	131	1
113	132	1
113	133	1
113	134	1
113	135	1
113	136	1
113	137	1
113	138	1
113	139	1
113	140	1
113	141	1
113	142	1
113	143	1
113	144	1
113	145	1
113	146	1
113	147	1
113	148	1
113	149	1
113	150	1
113	151	1
113	152	1
113	153	1
113	154	1
113	155	1
113	156	1
113	157	1
113	158	1
113	159	1
113	160	1
113	161	1
114	120	1
114	121	1
114	122	1
114	123	1
114	124	1
114	125	1
114	126	1
114	127	1
114	128	1
114	129	1
114	130	1
114	131	1
114	132	1
114	133	1
114	134	1
114	135	1
114	136	1
114	137	1
114	138	1
114	139	1
114	140	1
114	141	1
114	142	1
114	143	1
114	144	1
114	145	1
114	146	1
114	147	1
114	148	1
114	149	1
114	150	1
114	151	1
114	152	1
114	153	1
114	154	1
114	155	1
114	156	1
114	157	1
114	158	1
114	159	1
114	160	1
114	161	1
115	121	1
115	122	1
115	123	1
115	124	1
115	125	1
115	126	1
115	127	1
115	128	1
115	129	1
115	130	1
115	131	1
115	132	1
115	133	1
115	134	1
115	135	1
115	136	1
115	137	1
115	138	1
115	139	1
115	140	1
115	141	1
115	142	1
115	143	1
115	144	1
115	145	1
115	146	1
115	147	1
115	148	1
115	149	1
115	150	1
115	151	1
115	152	1
115	153	1
115	154	1
115	155	1
115	156	1
115	157	1
115	158	1
115	159	1
115	160	1
115	161	1
116	123	1
116	124	1
116	125	1
116	126	1
116	127	1
116	128	1
116	129	1
116	130	1
116	131	1
116	132	1
116	133	1
116	134	1
116	135	1
116	136	1
116	137	1
116	138	1
116	139	1
116	140	1
116	141	1
116	142	1
116	143	1
116	144	1
116	145	1
116	146	1
116	147	1
116	148	1
116	149	1
116	150	1
116	151	1
116	152	1
116	153	1
116	154	1
116	155	1
116	156	1
116	157	1
116	158	1
116	159	1
116	160	1
116	161	1
117	124	1
117	125	1
117	126	1
117	127	1
117	128	1
117	129	1
117	130	1
117	131	1
117	132	1
117	133	1
117	134	1
117	135	1
117	136	1
117	137	1
117	138	1
117	139	1
117	140	1
117	141	1
117	142	1
117	143	1
117	144	1
117	145	1
117	146	1
117	147	1
117	148	1
117	149	1
117	150	1
117	151	1
117	152	1
117	153	1
117	154	1
117	155	1
117	156	1
117	157	1
117	158	1
117	159	1
117	160	1
117	161	1
118	126	1
118	127	1
118	128	1
118	129	1
118	130	1
118	131	1
118	132	1
118	133	1
118	134	1
118	135	1
118	136	1
118	137	1
118	138	1
118	139	1
118	140	1
118	141	1
118	142	1
118	143	1
118	144	1
118	145	1
118	146	1
118	147	1
118	148	1
118	149	1
118	150	1
118	151	1
118	152	1
118	153	1
118	154	1
118	155	1
118	156	1
118	157	1
118	158	1
118	159	1
118	160	1
118	161	1
119	128	1
119	129	1
119	130	1
119	131	1
119	132	1
119	133	1
119	134	1
119	135	1
119	136	1
119	137	1
119	138	1
119	139	1
119	140	1
119	141	1
119	142	1
119	143	1
119	144	1
119	145	1
119	146	1
119	147	1
119	148	1
119	149	1
119	150	1
119	151	1
119	152	1
119	153	1
119	154	1
119	155	1
119	156	1
119	157	1
119	158	1
119	159	1
119	160	1
119	161	1
120	130	1
120	131	1
120	132	1
120	133	1
120	134	1
120	135	1
120	136	1
120	137	1
120	138	1
120	139	1
120	140	1
120	141	1
120	142	1
120	143	1
120	144	1
120	145	1
120	146	1
120	147	1
120	148	1
120	149	1
120	150	1
120	151	1
120	152	1
120	153	1
120	154	1
120	155	1
120	156	1
120	157	1
120	158	1
120	159	1
120	160	1
121	133	1
121	134	1
121	135	1
121	136	1
121	137	1
121	138	1
121	139	1
121	140	1
121	141	1
121	142	1
121	143	1
121	144	1
121	145	1
121	146	1
121	147	1
121	148	1
121	149	1
121	150	1
121	151	1
121	152	1
121	153	1
121	154	1
121	155	1
121	156	1
121	157	1
122	137	1
122	138	1
122	139	1
122	140	1
122	141	1
122	142	1
122	143	1
122	144	1
122	145	1
122	146	1
122	147	1
122	148	1
122	149	1
122	150	1
122	151	1
122	152	1
122	153	1
123	145	1
68	11	1
69	5	1
69	6	1
69	7	1
69	8	1
69	9	1
69	10	1
69	11	1
69	12	1
69	13	1
69	14	1
69	15	1
69	16	1
69	17	1
70	3	1
70	4	1
70	5	1
70	6	1
70	7	1
70	8	1
70	9	1
70	10	1
70	11	1
70	12	1
70	13	1
70	14	1
70	15	1
70	16	1
70	17	1
70	18	1
70	19	1
71	1	1
71	2	1
71	3	1
71	4	1
71	5	1
71	6	1
71	7	1
71	8	1
71	9	1
71	10	1
71	11	1
71	12	1
71	13	1
71	14	1
71	15	1
71	16	1
71	17	1
71	18	1
71	19	1
71	20	1
71	21	1
72	0	1
72	1	1
72	2	1
72	3	1
72	4	1
72	5	1
72	6	1
72	7	1
72	8	1
72	9	1
72	10	1
72	11	1
72	12	1
72	13	1
72	14	1
72	15	1
72	16	1
72	17	1
72	18	1
72	19	1
72	20	1
72	21	1
72	22	1
72	23	1
73	0	1
73	1	1
73	2	1
73	3	1
73	4	1
73	5	1
73	6	1
73	7	1
73	8	1
73	9	1
73	10	1
73	11	1
73	12	1
73	13	1
73	14	1
73	15	1
73	16	1
73	17	1
73	18	1
73	19	1
73	20	1
73	21	1
73	22	1
73	23	1
73	24	1
74	0	1
74	1	1
74	2	1
74	3	1
74	4	1
74	5	1
74	6	1
74	7	1
74	8	1
74	9	1
74	10	1
74	11	1
74	12	1
74	13	1
74	14	1
74	15	1
74	16	1
74	17	1
74	18	1
74	19	1
74	20	1
74	21	1
74	22	1
74	23	1
74	24	1
74	25	1
75	0	1
75	1	1
75	2	1
75	3	1
75	4	1
75	5	1
75	6	1
75	7	1
75	8	1
75	9	1
75	10	1
75	11	1
75	12	1
75	13	1
75	14	1
75	15	1
75	16	1
75	17	1
75	18	1
75	19	1
75	20	1
75	21	1
75	22	1
75	23	1
75	24	1
75	25	1
75	26	1
76	0	1
76	1	1
76	2	1
76	3	1
76	4	1
76	5	1
76	6	1
76	7	1
76	8	1
76	9	1
76	10	1
76	11	1
76	12	1
76	13	1
76	14	1
76	15	1
76	16	1
76	17	1
76	18	1
76	19	1
76	20	1
76	21	1
76	22	1
76	23	1
76	24	1
76	25	1
76	26	1
76	27	1
77	0	1
77	1	1
77	2	1
77	3	1
77	4	1
77	5	1
77	6	1
77	7	1
77	8	1
77	9	1
77	10	1
77	11	1
77	12	1
77	13	1
77	14	1
77	15	1
77	16	1
77	17	1
77	18	1
77	19	1
77	20	1
77	21	1
77	22	1
77	23	1
77	24	1
77	25	1
77	26	1
77	27	1
78	0	1
78	1	1
78	2	1
78	3	1
78	4	1
78	5	1
78	6	1
78	7	1
78	8	1
78	9	1
78	10	1
78	11	1
78	12	1
78	13	1
78	14	1
78	15	1
78	16	1
78	17	1
78	18	1
78	19	1
78	20	1
78	21	1
78	22	1
78	23	1
78	24	1
78	25	1
78	26	1
78	27	1
78	28	1
79	0	1
79	1	1
79	2	1
79	3	1
79	4	1
79	5	1
79	6	1
79	7	1
79	8	1
79	9	1
79	10	1
79	11	1
79	12	1
79	13	1
79	14	1
79	15	1
79	16	1
79	17	1
79	18	1
79	19	1
79	20	1
79	21	1
79	22	1
79	23	1
79	24	1
79	25	1
79	26	1
79	27	1
79	28	1
80	0	1
80	1	1
80	2	1
80	3	1
80	4	1
80	5	1
80	6	1
80	7	1
80	8	1
80	9	1
80	10	1
80	11	1
80	12	1
80	13	1
80	14	1
80	15	1
80	16	1
80	17	1
80	18	1
80	19	1
80	20	1
80	21	1
80	22	1
80	23	1
80	24	1
80	25	1
80	26	1
80	27	1
80	28	1
80	29	1
81	0	1
81	1	1
81	2	1
81	3	1
81	4	1
81	5	1
81	6	1
81	7	1
81	8	1
81	9	1
81	10	1
81	11	1
81	12	1
81	13	1
81	14	1
81	15	1
81	16	1
81	17	1
81	18	1
81	19	1
81	20	1
81	21	1
81	22	1
81	23	1
81	24	1
81	25	1
81	26	1
81	27	1
81	28	1
81	29	1
82	0	1
82	1	1
82	2	1
82	3	1
82	4	1
82	5	1
82	6	1
82	7	1
82	8	1
82	9	1
82	10	1
82	11	1
82	12	1
82	13	1
82	14	1
82	15	1
82	16	1
82	17	1
82	18	1
82	19	1
82	20	1
82	21	1
82	22	1
82	23	1
82	24	1
82	25	1
82	26	1
82	27	1
82	28	1
82	29	1
82	30	1
83	0	1
83	1	1
83	2	1
83	3	1
83	4	1
83	5	1
83	6	1
83	7	1
83	8	1
83	9	1
83	10	1
83	11	1
83	12	1
83	13	1
83	14	1
83	15	1
83	16	1
83	17	1
83	18	1
83	19	1
83	20	1
83	21	1
83	22	1
83	23	1
83	24	1
83	25	1
83	26	1
83	27	1
83	28	1
83	29	1
83	30	1
84	0	1
84	1	1
84	2	1
84	3	1
84	4	1
84	5	1
84	6	1
84	7	1
84	8	1
84	9	1
84	10	1
84	11	1
84	12	1
84	13	1
84	14	1
84	15	1
84	16	1
84	17	1
84	18	1
84	19	1
84	20	1
84	21	1
84	22	1
84	23	1
84	24	1
84	25	1
84	26	1
84	27	1
84	28	1
84	29	1
84	30	1
85	0	1
85	1	1
85	2	1
85	3	1
85	4	1
85	5	1
85	6	1
85	7	1
85	8	1
85	9	1
85	10	1
85	11	1
85	12	1
85	13	1
85	14	1
85	15	1
85	16	1
85	17	1
85	18	1
85	19	1
85	20	1
85	21	1
85	22	1
85	23	1
85	24	1
85	25	1
85	26	1
85	27	1
85	28	1
85	29	1
85	30	1
86	0	1
86	1	1
86	2	1
86	3	1
86	4	1
86	5	1
86	6	1
86	7	1
86	8	1
86	9	1
86	10	1
86	11	1
86	12	1
86	13	1
86	14	1
86	15	1
86	16	1
86	17	1
86	18	1
86	19	1
86	20	1
86	21	1
86	22	1
86	23	1
86	24	1
86	25	1
86	26	1
86	27	1
86	28	1
86	29	1
86	30	1
87	0	1
87	1	1
87	2	1
87	3	1
87	4	1
87	5	1
87	6	1
87	7	1
87	8	1
87	9	1
87	10	1
87	11	1
87	12	1
87	13	1
87	14	1
87	15	1
87	16	1
87	17	1
87	18	1
87	19	1
87	20	1
87	21	1
87	22	1
87	23	1
87	24	1
87	25	1
87	26	1
87	27	1
87	28	1
87	29	1
87	30	1
88	0	1
88	1	1
88	2	1
88	3	1
88	4	1
88	5	1
88	6	1
88	7	1
88	8	1
88	9	1
88	10	1
88	11	1
88	12	1
88	13	1
88	14	1
88	15	1
88	16	1
88	17	1
88	18	1
88	19	1
88	20	1
88	21	1
88	22	1
88	23	1
88	24	1
88	25	1
88	26	1
88	27	1
88	28	1
88	29	1
88	30	1
88	31	1
89	0	1
89	1	1
89	2	1
89	3	1
89	4	1
89	5	1
89	6	1
89	7	1
89	8	1
89	9	1
89	10	1
89	11	1
89	12	1
89	13	1
89	14	1
89	15	1
89	16	1
89	17	1
89	18	1
89	19	1
89	20	1
89	21	1
89	22	1
89	23	1
89	24	1
89	25	1
89	26	1
89	27	1
89	28	1
89	29	1
89	30	1
90	0	1
90	1	1
90	2	1
90	3	1
90	4	1
90	5	1
90	6	1
90	7	1
90	8	1
90	9	1
90	10	1
90	11	1
90	12	1
90	13	1
90	14	1
90	15	1
90	16	1
90	17	1
90	18	1
90	19	1
90	20	1
90	21	1
90	22	1
90	23	1
90	24	1
90	25	1
90	26	1
90	27	1
90	28	1
90	29	1
90	30	1
91	0	1
91	1	1
91	2	1
91	3	1
91	4	1
91	5	1
91	6	1
91	7	1
91	8	1
91	9	1
91	10	1
91	11	1
91	12	1
91	13	1
91	14	1
91	15	1
91	16	1
91	17	1
91	18	1
91	19	1
91	20	1
91	21	1
91	22	1
91	23	1
91	24	1
91	25	1
91	26	1
91	27	1
91	28	1
91	29	1
91	30	1
92	0	1
92	1	1
92	2	1
92	3	1
92	4	1
92	5	1
92	6	1
92	7	1
92	8	1
92	9	1
92	10	1
92	11	1
92	12	1
92	13	1
92	14	1
92	15	1
92	16	1
92	17	1
92	18	1
92	19	1
92	20	1
92	21	1
92	22	1
92	23	1
92	24	1
92	25	1
92	26	1
92	27	1
92	28	1
92	29	1
92	30	1
93	0	1
93	1	1
93	2	1
93	3	1
93	4	1
93	5	1
93	6	1
93	7	1
93	8	1
93	9	1
93	10	1
93	11	1
93	12	1
93	13	1
93	14	1
93	15	1
93	16	1
93	17	1
93	18	1
93	19	1
93	20	1
93	21	1
93	22	1
93	23	1
93	24	1
93	25	1
93	26	1
93	27	1
93	28	1
93	29	1
93	30	1
94	0	1
94	1	1
94	2	1
94	3	1
94	4	1
94	5	1
94	6	1
94	7	1
94	8	1
94	9	1
94	10	1
94	11	1
94	12	1
94	13	1
94	14	1
94	15	1
94	16	1
94	17	1
94	18	1
94	19	1
94	20	1
94	21	1
94	22	1
94	23	1
94	24	1
94	25	1
94	26	1
94	27	1
94	28	1
94	29	1
94	30	1
95	0	1
95	1	1
95	2	1
95	3	1
95	4	1
95	5	1
95	6	1
95	7	1
95	8	1
95	9	1
95	10	1
95	11	1
95	12	1
95	13	1
95	14	1
95	15	1
95	16	1
95	17	1
95	18	1
95	19	1
95	20	1
95	21	1
95	22	1
95	23	1
95	24	1
95	25	1
95	26	1
95	27	1
95	28	1
95	29	1
96	0	1
96	1	1
96	2	1
96	3	1
96	4	1
96	5	1
96	6	1
96	7	1
96	8	1
96	9	1
96	10	1
96	11	1
96	12	1
96	13	1
96	14	1
96	15	1
96	16	1
96	17	1
96	18	1
96	19	1
96	20	1
96	21	1
96	22	1
96	23	1
96	24	1
96	25	1
96	26	1
96	27	1
96	28	1
96	29	1
97	0	1
97	1	1
97	2	1
97	3	1
97	4	1
97	5	1
97	6	1
97	7	1
97	8	1
97	9	1
97	10	1
97	11	1
97	12	1
97	13	1
97	14	1
97	15	1
97	16	1
97	17	1
97	18	1
97	19	1
97	20	1
97	21	1
97	22	1
97	23	1
97	24	1
97	25	1
97	26	1
97	27	1
97	28	1
98	0	1
98	1	1
98	2	1
98	3	1
98	4	1
98	5	1
98	6	1
98	7	1
98	8	1
98	9	1
98	10	1
98	11	1
98	12	1
98	13	1
98	14	1
98	15	1
98	16	1
98	17	1
98	18	1
98	19	1
98	20	1
98	21	1
98	22	1
98	23	1
98	24	1
98	25	1
98	26	1
98	27	1
98	28	1
99	0	1
99	1	1
99	2	1
99	3	1
99	4	1
99	5	1
99	6	1
99	7	1
99	8	1
99	9	1
99	10	1
99	11	1
99	12	1
99	13	1
99	14	1
99	15	1
99	16	1
99	17	1
99	18	1
99	19	1
99	20	1
99	21	1
99	22	1
99	23	1
99	24	1
99	25	1
99	26	1
99	27	1
100	0	1
100	1	1
100	2	1
100	3	1
100	4	1
100	5	1
100	6	1
100	7	1
100	8	1
100	9	1
100	10	1
100	11	1
100	12	1
100	13	1
100	14	1
100	15	1
100	16	1
100	17	1
100	18	1
100	19	1
100	20	1
100	21	1
100	22	1
100	23	1
100	24	1
100	25	1
100	26	1
100	27	1
101	0	1
101	1	1
101	2	1
101	3	1
101	4	1
101	5	1
101	6	1
101	7	1
101	8	1
101	9	1
101	10	1
101	11	1
101	12	1
101	13	1
101	14	1
101	15	1
101	16	1
101	17	1
101	18	1
101	19	1
101	20	1
101	21	1
101	22	1
101	23	1
101	24	1
101	25	1
101	26	1
102	0	1
102	1	1
102	2	1
102	3	1
102	4	1
102	5	1
102	6	1
102	7	1
102	8	1
102	9	1
102	10	1
102	11	1
102	12	1
102	13	1
102	14	1
102	15	1
102	16	1
102	17	1
102	18	1
102	19	1
102	20	1
102	21	1
102	22	1
102	23	1
102	24	1
102	25	1
103	0	1
103	1	1
103	2	1
103	3	1
103	4	1
103	5	1
103	6	1
103	7	1
103	8	1
103	9	1
103	10	1
103	11	1
103	12	1
103	13	1
103	14	1
103	15	1
103	16	1
103	17	1
103	18	1
103	19	1
103	20	1
103	21	1
103	22	1
103	23	1
103	24	1
104	0	1
104	1	1
104	2	1
104	3	1
104	4	1
104	5	1
104	6	1
104	7	1
104	8	1
104	9	1
104	10	1
104	11	1
104	12	1
104	13	1
104	14	1
104	15	1
104	16	1
104	17	1
104	18	1
104	19	1
104	20	1
104	21	1
104	22	1
104	23	1
105	1	1
105	2	1
105	3	1
105	4	1
105	5	1
105	6	1
105	7	1
105	8	1
105	9	1
105	10	1
105	11	1
105	12	1
105	13	1
105	14	1
105	15	1
105	16	1
105	17	1
105	18	1
105	19	1
105	20	1
105	21	1
106	3	1
106	4	1
106	5	1
106	6	1
106	7	1
106	8	1
106	9	1
106	10	1
106	11	1
106	12	1
106	13	1
106	14	1
106	15	1
106	16	1
106	17	1
106	18	1
106	19	1
107	5	1
107	6	1
107	7	1
107	8	1
107	9	1
107	10	1
107	11	1
107	12	1
107	13	1
107	14	1
107	15	1
107	16	1
107	17	1
108	11	1
28	62	1
29	57	1
29	58	1
29	59	1
29	60	1
29	61	1
29	62	1
29	63	1
29	64	1
29	65	1
29	66	1
29	67	1
30	55	1
30	56	1
30	57	1
30	58	1
30	59	1
30	60	1
30	61	1
30	62	1
30	63	1
30	64	1
30	65	1
30	66	1
30	67	1
30	68	1
30	69	1
31	53	1
31	54	1
31	55	1
31	56	1
31	57	1
31	58	1
31	59	1
31	60	1
31	61	1
31	62	1
31	63	1
31	64	1
31	65	1
31	66	1
31	67	1
31	68	1
31	69	1
31	70	1
31	71	1
32	52	1
32	53	1
32	54	1
32	55	1
32	56	1
32	57	1
32	58	1
32	59	1
32	60	1
32	61	1
32	62	1
32	63	1
32	64	1
32	65	1
32	66	1
32	67	1
32	68	1
32	69	1
32	70	1
32	71	1
32	72	1
33	51	1
33	52	1
33	53	1
33	54	1
33	55	1
33	56	1
33	57	1
33	58	1
33	59	1
33	60	1
33	61	1
33	62	1
33	63	1
33	64	1
33	65	1
33	66	1
33	67	1
33	68	1
33	69	1
33	70	1
33	71	1
33	72	1
33	73	1
34	50	1
34	51	1
34	52	1
34	53	1
34	54	1
34	55	1
34	56	1
34	57	1
34	58	1
34	59	1
34	60	1
34	61	1
34	62	1
34	63	1
34	64	1
34	65	1
34	66	1
34	67	1
34	68	1
34	69	1
34	70	1
34	71	1
34	72	1
34	73	1
34	74	1
35	50	1
35	51	1
35	52	1
35	53	1
35	54	1
35	55	1
35	56	1
35	57	1
35	58	1
35	59	1
35	60	1
35	61	1
35	62	1
35	63	1
35	64	1
35	65	1
35	66	1
35	67	1
35	68	1
35	69	1
35	70	1
35	71	1
35	72	1
35	73	1
35	74	1
36	49	1
36	50	1
36	51	1
36	52	1
36	53	1
36	54	1
36	55	1
36	56	1
36	57	1
36	58	1
36	59	1
36	60	1
36	61	1
36	62	1
36	63	1
36	64	1
36	65	1
36	66	1
36	67	1
36	68	1
36	69	1
36	70	1
36	71	1
36	72	1
36	73	1
36	74	1
36	75	1
37	49	1
37	50	1
37	51	1
37	52	1
37	53	1
37	54	1
37	55	1
37	56	1
37	57	1
37	58	1
37	59	1
37	60	1
37	61	1
37	62	1
37	63	1
37	64	1
37	65	1
37	66	1
37	67	1
37	68	1
37	69	1
37	70	1
37	71	1
37	72	1
37	73	1
37	74	1
37	75	1
38	48	1
38	49	1
38	50	1
38	51	1
38	52	1
38	53	1
38	54	1
38	55	1
38	56	1
38	57	1
38	58	1
38	59	1
38	60	1
38	61	1
38	62	1
38	63	1
38	64	1
38	65	1
38	66	1
38	67	1
38	68	1
38	69	1
38	70	1
38	71	1
38	72	1
38	73	1
38	74	1
38	75	1
38	76	1
39	48	1
39	49	1
39	50	1
39	51	1
39	52	1
39	53	1
39	54	1
39	55	1
39	56	1
39	57	1
39	58	1
39	59	1
39	60	1
39	61	1
39	62	1
39	63	1
39	64	1
39	65	1
39	66	1
39	67	1
39	68	1
39	69	1
39	70	1
39	71	1
39	72	1
39	73	1
39	74	1
39	75	1
39	76	1
40	48	1
40	49	1
40	50	1
40	51	1
40	52	1
40	53	1
40	54	1
40	55	1
40	56	1
40	57	1
40	58	1
40	59	1
40	60	1
40	61	1
40	62	1
40	63	1
40	64	1
40	65	1
40	66	1
40	67	1
40	68	1
40	69	1
40	70	1
40	71	1
40	72	1
40	73	1
40	74	1
40	75	1
40	76	1
41	48	1
41	49	1
41	50	1
41	51	1
41	52	1
41	53	1
41	54	1
41	55	1
41	56	1
41	57	1
41	58	1
41	59	1
41	60	1
41	61	1
41	62	1
41	63	1
41	64	1
41	65	1
41	66	1
41	67	1
41	68	1
41	69	1
41	70	1
41	71	1
41	72	1
41	73	1
41	74	1
41	75	1
41	76	1
42	48	1
42	49	1
42	50	1
42	51	1
42	52	1
42	53	1
42	54	1
42	55	1
42	56	1
42	57	1
42	58	1
42	59	1
42	60	1
42	61	1
42	62	1
42	63	1
42	64	1
42	65	1
42	66	1
42	67	1
42	68	1
42	69	1
42	70	1
42	71	1
42	72	1
42	73	1
42	74	1
42	75	1
42	76	1
43	47	1
43	48	1
43	49	1
43	50	1
43	51	1
43	52	1
43	53	1
43	54	1
43	55	1
43	56	1
43	57	1
43	58	1
43	59	1
43	60	1
43	61	1
43	62	1
43	63	1
43	64	1
43	65	1
43	66	1
43	67	1
43	68	1
43	69	1
43	70	1
43	71	1
43	72	1
43	73	1
43	74	1
43	75	1
43	76	1
43	77	1
44	48	1
44	49	1
44	50	1
44	51	1
44	52	1
44	53	1
44	54	1
44	55	1
44	56	1
44	57	1
44	58	1
44	59	1
44	60	1
44	61	1
44	62	1
44	63	1
44	64	1
44	65	1
44	66	1
44	67	1
44	68	1
44	69	1
44	70	1
44	71	1
44	72	1
44	73	1
44	74	1
44	75	1
44	76	1
45	48	1
45	49	1
45	50	1
45	51	1
45	52	1
45	53	1
45	54	1
45	55	1
45	56	1
45	57	1
45	58	1
45	59	1
45	60	1
45	61	1
45	62	1
45	63	1
45	64	1
45	65	1
45	66	1
45	67	1
45	68	1
45	69	1
45	70	1
45	71	1
45	72	1
45	73	1
45	74	1
45	75	1
45	76	1
46	48	1
46	49	1
46	50	1
46	51	1
46	52	1
46	53	1
46	54	1
46	55	1
46	56	1
46	57	1
46	58	1
46	59	1
46	60	1
46	61	1
46	62	1
46	63	1
46	64	1
46	65	1
46	66	1
46	67	1
46	68	1
46	69	1
46	70	1
46	71	1
46	72	1
46	73	1
46	74	1
46	75	1
46	76	1
47	48	1
47	49	1
47	50	1
47	51	1
47	52	1
47	53	1
47	54	1
47	55	1
47	56	1
47	57	1
47	58	1
47	59	1
47	60	1
47	61	1
47	62	1
47	63	1
47	64	1
47	65	1
47	66	1
47	67	1
47	68	1
47	69	1
47	70	1
47	71	1
47	72	1
47	73	1
47	74	1
47	75	1
47	76	1
48	48	1
48	49	1
48	50	1
48	51	1
48	52	1
48	53	1
48	54	1
48	55	1
48	56	1
48	57	1
48	58	1
48	59	1
48	60	1
48	61	1
48	62	1
48	63	1
48	64	1
48	65	1
48	66	1
48	67	1
48	68	1
48	69	1
48	70	1
48	71	1
48	72	1
48	73	1
48	74	1
48	75	1
48	76	1
49	49	1
49	50	1
49	51	1
49	52	1
49	53	1
49	54	1
49	55	1
49	56	1
49	57	1
49	58	1
49	59	1
49	60	1
49	61	1
49	62	1
49	63	1
49	64	1
49	65	1
49	66	1
49	67	1
49	68	1
49	69	1
49	70	1
49	71	1
49	72	1
49	73	1
49	74	1
49	75	1
50	49	1
50	50	1
50	51	1
50	52	1
50	53	1
50	54	1
50	55	1
50	56	1
50	57	1
50	58	1
50	59	1
50	60	1
50	61	1
50	62	1
50	63	1
50	64	1
50	65	1
50	66	1
50	67	1
50	68	1
50	69	1
50	70	1
50	71	1
50	72	1
50	73	1
50	74	1
50	75	1
51	50	1
51	51	1
51	52	1
51	53	1
51	54	1
51	55	1
51	56	1
51	57	1
51	58	1
51	59	1
51	60	1
51	61	1
51	62	1
51	63	1
51	64	1
51	65	1
51	66	1
51	67	1
51	68	1
51	69	1
51	70	1
51	71	1
51	72	1
51	73	1
51	74	1
52	50	1
52	51	1
52	52	1
52	53	1
52	54	1
52	55	1
52	56	1
52	57	1
52	58	1
52	59	1
52	60	1
52	61	1
52	62	1
52	63	1
52	64	1
52	65	1
52	66	1
52	67	1
52	68	1
52	69	1
52	70	1
52	71	1
52	72	1
52	73	1
52	74	1
53	51	1
53	52	1
53	53	1
53	54	1
53	55	1
53	56	1
53	57	1
53	58	1
53	59	1
53	60	1
53	61	1
53	62	1
53	63	1
53	64	1
53	65	1
53	66	1
53	67	1
53	68	1
53	69	1
53	70	1
53	71	1
53	72	1
53	73	1
54	52	1
54	53	1
54	54	1
54	55	1
54	56	1
54	57	1
54	58	1
54	59	1
54	60	1
54	61	1
54	62	1
54	63	1
54	64	1
54	65	1
54	66	1
54	67	1
54	68	1
54	69	1
54	70	1
54	71	1
54	72	1
55	53	1
55	54	1
55	55	1
55	56	1
55	57	1
55	58	1
55	59	1
55	60	1
55	61	1
55	62	1
55	63	1
55	64	1
55	65	1
55	66	1
55	67	1
55	68	1
55	69	1
55	70	1
55	71	1
56	55	1
56	56	1
56	57	1
56	58	1
56	59	1
56	60	1
56	61	1
56	62	1
56	63	1
56	64	1
56	65	1
56	66	1
56	67	1
56	68	1
56	69	1
57	57	1
57	58	1
57	59	1
57	60	1
57	61	1
57	62	1
57	63	1
57	64	1
57	65	1
57	66	1
57	67	1
58	62	1
0	33	1
0	34	1
0	35	1
0	36	1
0	37	1
0	38	1
0	39	1
0	40	1
0	41	1
0	42	1
0	43	1
0	44	1
0	45	1
0	46	1
0	47	1
0	48	1
0	49	1
0	50	1
0	51	1
0	52	1
0	53	1
0	54	1
0	55	1
0	56	1
0	57	1
0	58	1
0	59	1
0	60	1
0	61	1
0	62	1
0	63	1
0	64	1
0	65	1
0	66	1
0	67	1
0	68	1
0	69	1
0	70	1
0	71	1
0	72	1
0	73	1
0	74	1
0	75	1
0	76	1
0	77	1
0	78	1
0	79	1
0	80	1
0	81	1
0	82	1
0	83	1
0	84	1
0	85	1
0	86	1
0	87	1
0	88	1
0	89	1
0	90	1
0	91	1
0	92	1
0	93	1
0	94	1
0	95	1
0	96	1
0	97	1
0	98	1
0	99	1
0	100	1
0	101	1
0	102	1
0	103	1
0	104	1
0	105	1
0	106	1
0	107	1
0	108	1
0	109	1
0	110	1
0	111	1
1	33	1
1	34	1
1	35	1
1	36	1
1	37	1
1	38	1
1	39	1
1	40	1
1	41	1
1	42	1
1	43	1
1	44	1
1	45	1
1	46	1
1	47	1
1	48	1
1	49	1
1	50	1
1	51	1
1	52	1
1	53	1
1	54	1
1	55	1
1	56	1
1	57	1
1	58	1
1	59	1
1	60	1
1	61	1
1	62	1
1	63	1
1	64	1
1	65	1
1	66	1
1	67	1
1	68	1
1	69	1
1	70	1
1	71	1
1	72	1
1	73	1
1	74	1
1	75	1
1	76	1
1	77	1
1	78	1
1	79	1
1	80	1
1	81	1
1	82	1
1	83	1
1	84	1
1	85	1
1	86	1
1	87	1
1	88	1
1	89	1
1	90	1
1	91	1
1	92	1
1	93	1
1	94	1
1	95	1
1	96	1
1	97	1
1	98	1
1	99	1
1	100	1
1	101	1
1	102	1
1	103	1
1	104	1
1	105	1
1	106	1
1	107	1
1	108	1
1	109	1
1	110	1
1	111	1
2	33	1
2	34	1
2	35	1
2	36	1
2	37	1
2	38	1
2	39	1
2	40	1
2	41	1
2	42	1
2	43	1
2	44	1
2	45	1
2	46	1
2	47	1
2	48	1
2	49	1
2	50	1
2	51	1
2	52	1
2	53	1
2	54	1
2	55	1
2	56	1
2	57	1
2	58	1
2	59	1
2	60	1
2	61	1
2	62	1
2	63	1
2	64	1
2	65	1
2	66	1
2	67	1
2	68	1
2	69	1
2	70	1
2	71	1
2	72	1
2	73	1
2	74	1
2	75	1
2	76	1
2	77	1
2	78	1
2	79	1
2	80	1
2	81	1
2	82	1
2	83	1
2	84	1
2	85	1
2	86	1
2	87	1
2	88	1
2	89	1
2	90	1
2	91	1
2	92	1
2	93	1
2	94	1
2	95	1
2	96	1
2	97	1
2	98	1
2	99	1
2	100	1
2	101	1
2	102	1
2	103	1
2	104	1
2	105	1
2	106	1
2	107	1
2	108	1
2	109	1
2	110	1
2	111	1
3	32	1
3	33	1
3	34	1
3	35	1
3	36	1
3	37	1
3	38	1
3	39	1
3	40	1
3	41	1
3	42	1
3	43	1
3	44	1
3	45	1
3	46	1
3	47	1
3	48	1
3	49	1
3	50	1
3	51	1
3	52	1
3	53	1
3	54	1
3	55	1
3	56	1
3	57	1
3	58	1
3	59	1
3	60	1
3	61	1
3	62	1
3	63	1
3	64	1
3	65	1
3	66	1
3	67	1
3	68	1
3	69	1
3	70	1
3	71	1
3	72	1
3	73	1
3	74	1
3	75	1
3	76	1
3	77	1
3	78	1
3	79	1
3	80	1
3	81	1
3	82	1
3	83	1
3	84	1
3	85	1
3	86	1
3	87	1
3	88	1
3	89	1
3	90	1
3	91	1
3	92	1
3	93	1
3	94	1
3	95	1
3	96	1
3	97	1
3	98	1
3	99	1
3	100	1
3	101	1
3	102	1
3	103	1
3	104	1
3	105	1
3	106	1
3	107	1
3	108	1
3	109	1
3	110	1
3	111	1
3	112	1
4	33	1
4	34	1
4	35	1
4	36	1
4	37	1
4	38	1
4	39	1
4	40	1
4	41	1
4	42	1
4	43	1
4	44	1
4	45	1
4	46	1
4	47	1
4	48	1
4	49	1
4	50	1
4	51	1
4	52	1
4	53	1
4	54	1
4	55	1
4	56	1
4	57	1
4	58	1
4	59	1
4	60	1
4	61	1
4	62	1
4	63	1
4	64	1
4	65	1
4	66	1
4	67	1
4	68	1
4	69	1
4	70	1
4	71	1
4	72	1
4	73	1
4	74	1
4	75	1
4	76	1
4	77	1
4	78	1
4	79	1
4	80	1
4	81	1
4	82	1
4	83	1
4	84	1
4	85	1
4	86	1
4	87	1
4	88	1
4	89	1
4	90	1
4	91	1
4	92	1
4	93	1
4	94	1
4	95	1
4	96	1
4	97	1
4	98	1
4	99	1
4	100	1
4	101	1
4	102	1
4	103	1
4	104	1
4	105	1
4	106	1
4	107	1
4	108	1
4	109	1
4	110	1
4	111	1
5	33	1
5	34	1
5	35	1
5	36	1
5	37	1
5	38	1
5	39	1
5	40	1
5	41	1
5	42	1
5	43	1
5	44	1
5	45	1
5	46	1
5	47	1
5	48	1
5	49	1
5	50	1
5	51	1
5	52	1
5	53	1
5	54	1
5	55	1
5	56	1
5	57	1
5	58	1
5	59	1
5	60	1
5	61	1
5	62	1
5	63	1
5	64	1
5	65	1
5	66	1
5	67	1
5	68	1
5	69	1
5	70	1
5	71	1
5	72	1
5	73	1
5	74	1
5	75	1
5	76	1
5	77	1
5	78	1
5	79	1
5	80	1
5	81	1
5	82	1
5	83	1
5	84	1
5	85	1
5	86	1
5	87	1
5	88	1
5	89	1
5	90	1
5	91	1
5	92	1
5	93	1
5	94	1
5	95	1
5	96	1
5	97	1
5	98	1
5	99	1
5	100	1
5	101	1
5	102	1
5	103	1
5	104	1
5	105	1
5	106	1
5	107	1
5	108	1
5	109	1
5	110	1
5	111	1
6	33	1
6	34	1
6	35	1
6	36	1
6	37	1
6	38	1
6	39	1
6	40	1
6	41	1
6	42	1
6	43	1
6	44	1
6	45	1
6	46	1
6	47	1
6	48	1
6	49	1
6	50	1
6	51	1
6	52	1
6	53	1
6	54	1
6	55	1
6	56	1
6	57	1
6	58	1
6	59	1
6	60	1
6	61	1
6	62	1
6	63	1
6	64	1
6	65	1
6	66	1
6	67	1
6	68	1
6	69	1
6	70	1
6	71	1
6	72	1
6	73	1
6	74	1
6	75	1
6	76	1
6	77	1
6	78	1
6	79	1
6	80	1
6	81	1
6	82	1
6	83	1
6	84	1
6	85	1
6	86	1
6	87	1
6	88	1
6	89	1
6	90	1
6	91	1
6	92	1
6	93	1
6	94	1
6	95	1
6	96	1
6	97	1
6	98	1
6	99	1
6	100	1
6	101	1
6	102	1
6	103	1
6	104	1
6	105	1
6	106	1
6	107	1
6	108	1
6	109	1
6	110	1
6	111	1
7	33	1
7	34	1
7	35	1
7	36	1
7	37	1
7	38	1
7	39	1
7	40	1
7	41	1
7	42	1
7	43	1
7	44	1
7	45	1
7	46	1
7	47	1
7	48	1
7	49	1
7	50	1
7	51	1
7	52	1
7	53	1
7	54	1
7	55	1
7	56	1
7	57	1
7	58	1
7	59	1
7	60	1
7	61	1
7	62	1
7	63	1
7	64	1
7	65	1
7	66	1
7	67	1
7	68	1
7	69	1
7	70	1
7	71	1
7	72	1
7	73	1
7	74	1
7	75	1
7	76	1
7	77	1
7	78	1
7	79	1
7	80	1
7	81	1
7	82	1
7	83	1
7	84	1
7	85	1
7	86	1
7	87	1
7	88	1
7	89	1
7	90	1
7	91	1
7	92	1
7	93	1
7	94	1
7	95	1
7	96	1
7	97	1
7	98	1
7	99	1
7	100	1
7	101	1
7	102	1
7	103	1
7	104	1
7	105	1
7	106	1
7	107	1
7	108	1
7	109	1
7	110	1
7	111	1
8	33	1
8	34	1
8	35	1
8	36	1
8	37	1
8	38	1
8	39	1
8	40	1
8	41	1
8	42	1
8	43	1
8	44	1
8	45	1
8	46	1
8	47	1
8	48	1
8	49	1
8	50	1
8	51	1
8	52	1
8	53	1
8	54	1
8	55	1
8	56	1
8	57	1
8	58	1
8	59	1
8	60	1
8	61	1
8	62	1
8	63	1
8	64	1
8	65	1
8	66	1
8	67	1
8	68	1
8	69	1
8	70	1
8	71	1
8	72	1
8	73	1
8	74	1
8	75	1
8	76	1
8	77	1
8	78	1
8	79	1
8	80	1
8	81	1
8	82	1
8	83	1
8	84	1
8	85	1
8	86	1
8	87	1
8	88	1
8	89	1
8	90	1
8	91	1
8	92	1
8	93	1
8	94	1
8	95	1
8	96	1
8	97	1
8	98	1
8	99	1
8	100	1
8	101	1
8	102	1
8	103	1
8	104	1
8	105	1
8	106	1
8	107	1
8	108	1
8	109	1
8	110	1
8	111	1
9	33	1
9	34	1
9	35	1
9	36	1
9	37	1
9	38	1
9	39	1
9	40	1
9	41	1
9	42	1
9	43	1
9	44	1
9	45	1
9	46	1
9	47	1
9	48	1
9	49	1
9	50	1
9	51	1
9	52	1
9	53	1
9	54	1
9	55	1
9	56	1
9	57	1
9	58	1
9	59	1
9	60	1
9	61	1
9	62	1
9	63	1
9	64	1
9	65	1
9	66	1
9	67	1
9	68	1
9	69	1
9	70	1
9	71	1
9	72	1
9	73	1
9	74	1
9	75	1
9	76	1
9	77	1
9	78	1
9	79	1
9	80	1
9	81	1
9	82	1
9	83	1
9	84	1
9	85	1
9	86	1
9	87	1
9	88	1
9	89	1
9	90	1
9	91	1
9	92	1
9	93	1
9	94	1
9	95	1
9	96	1
9	97	1
9	98	1
9	99	1
9	100	1
9	101	1
9	102	1
9	103	1
9	104	1
9	105	1
9	106	1
9	107	1
9	108	1
9	109	1
9	110	1
9	111	1
10	33	1
10	34	1
10	35	1
10	36	1
10	37	1
10	38	1
10	39	1
10	40	1
10	41	1
10	42	1
10	43	1
10	44	1
10	45	1
10	46	1
10	47	1
10	48	1
10	49	1
10	50	1
10	51	1
10	52	1
10	53	1
10	54	1
10	55	1
10	56	1
10	57	1
10	58	1
10	59	1
10	60	1
10	61	1
10	62	1
10	63	1
10	64	1
10	65	1
10	66	1
10	67	1
10	68	1
10	69	1
10	70	1
10	71	1
10	72	1
10	73	1
10	74	1
10	75	1
10	76	1
10	77	1
10	78	1
10	79	1
10	80	1
10	81	1
10	82	1
10	83	1
10	84	1
10	85	1
10	86	1
10	87	1
10	88	1
10	89	1
10	90	1
10	91	1
10	92	1
10	93	1
10	94	1
10	95	1
10	96	1
10	97	1
10	98	1
10	99	1
10	100	1
10	101	1
10	102	1
10	103	1
10	104	1
10	105	1
10	106	1
10	107	1
10	108	1
10	109	1
10	110	1
10	111	1
11	33	1
11	34	1
11	35	1
11	36	1
11	37	1
11	38	1
11	39	1
11	40	1
11	41	1
11	42	1
11	43	1
11	44	1
11	45	1
11	46	1
11	47	1
11	48	1
11	49	1
11	50	1
11	51	1
11	52	1
11	53	1
11	54	1
11	55	1
11	56	1
11	57	1
11	58	1
11	59	1
11	60	1
11	61	1
11	62	1
11	63	1
11	64	1
11	65	1
11	66	1
11	67	1
11	68	1
11	69	1
11	70	1
11	71	1
11	72	1
11	73	1
11	74	1
11	75	1
11	76	1
11	77	1
11	78	1
11	79	1
11	80	1
11	81	1
11	82	1
11	83	1
11	84	1
11	85	1
11	86	1
11	87	1
11	88	1
11	89	1
11	90	1
11	91	1
11	92	1
11	93	1
11	94	1
11	95	1
11	96	1
11	97	1
11	98	1
11	99	1
11	100	1
11	101	1
11	102	1
11	103	1
11	104	1
11	105	1
11	106	1
11	107	1
11	108	1
11	109	1
11	110	1
11	111	1
12	34	1
12	35	1
12	36	1
12	37	1
12	38	1
12	39	1
12	40	1
12	41	1
12	42	1
12	43	1
12	44	1
12	45	1
12	46	1
12	47	1
12	48	1
12	49	1
12	50	1
12	51	1
12	52	1
12	53	1
12	54	1
12	55	1
12	56	1
12	57	1
12	58	1
12	59	1
12	60	1
12	61	1
12	62	1
12	63	1
12	64	1
12	65	1
12	66	1
12	67	1
12	68	1
12	69	1
12	70	1
12	71	1
12	72	1
12	73	1
12	74	1
12	75	1
12	76	1
12	77	1
12	78	1
12	79	1
12	80	1
12	81	1
12	82	1
12	83	1
12	84	1
12	85	1
12	86	1
12	87	1
12	88	1
12	89	1
12	90	1
12	91	1
12	92	1
12	93	1
12	94	1
12	95	1
12	96	1
12	97	1
12	98	1
12	99	1
12	100	1
12	101	1
12	102	1
12	103	1
12	104	1
12	105	1
12	106	1
12	107	1
12	108	1
12	109	1
12	110	1
13	34	1
13	35	1
13	36	1
13	37	1
13	38	1
13	39	1
13	40	1
13	41	1
13	42	1
13	43	1
13	44	1
13	45	1
13	46	1
13	47	1
13	48	1
13	49	1
13	50	1
13	51	1
13	52	1
13	53	1
13	54	1
13	55	1
13	56	1
13	57	1
13	58	1
13	59	1
13	60	1
13	61	1
13	62	1
13	63	1
13	64	1
13	65	1
13	66	1
13	67	1
13	68	1
13	69	1
13	70	1
13	71	1
13	72	1
13	73	1
13	74	1
13	75	1
13	76	1
13	77	1
13	78	1
13	79	1
13	80	1
13	81	1
13	82	1
13	83	1
13	84	1
13	85	1
13	86	1
13	87	1
13	88	1
13	89	1
13	90	1
13	91	1
13	92	1
13	93	1
13	94	1
13	95	1
13	96	1
13	97	1
13	98	1
13	99	1
13	100	1
13	101	1
13	102	1
13	103	1
13	104	1
13	105	1
13	106	1
13	107	1
13	108	1
13	109	1
13	110	1
14	34	1
14	35	1
14	36	1
14	37	1
14	38	1
14	39	1
14	40	1
14	41	1
14	42	1
14	43	1
14	44	1
14	45	1
14	46	1
14	47	1
14	48	1
14	49	1
14	50	1
14	51	1
14	52	1
14	53	1
14	54	1
14	55	1
14	56	1
14	57	1
14	58	1
14	59	1
14	60	1
14	61	1
14	62	1
14	63	1
14	64	1
14	65	1
14	66	1
14	67	1
14	68	1
14	69	1
14	70	1
14	71	1
14	72	1
14	73	1
14	74	1
14	75	1
14	76	1
14	77	1
14	78	1
14	79	1
14	80	1
14	81	1
14	82	1
14	83	1
14	84	1
14	85	1
14	86	1
14	87	1
14	88	1
14	89	1
14	90	1
14	91	1
14	92	1
14	93	1
14	94	1
14	95	1
14	96	1
14	97	1
14	98	1
14	99	1
14	100	1
14	101	1
14	102	1
14	103	1
14	104	1
14	105	1
14	106	1
14	107	1
14	108	1
14	109	1
14	110	1
15	34	1
15	35	1
15	36	1
15	37	1
15	38	1
15	39	1
15	40	1
15	41	1
15	42	1
15	43	1
15	44	1
15	45	1
15	46	1
15	47	1
15	48	1
15	49	1
15	50	1
15	51	1
15	52	1
15	53	1
15	54	1
15	55	1
15	56	1
15	57	1
15	58	1
15	59	1
15	60	1
15	61	1
15	62	1
15	63	1
15	64	1
15	65	1
15	66	1
15	67	1
15	68	1
15	69	1
15	70	1
15	71	1
15	72	1
15	73	1
15	74	1
15	75	1
15	76	1
15	77	1
15	78	1
15	79	1
15	80	1
15	81	1
15	82	1
15	83	1
15	84	1
15	85	1
15	86	1
15	87	1
15	88	1
15	89	1
15	90	1
15	91	1
15	92	1
15	93	1
15	94	1
15	95	1
15	96	1
15	97	1
15	98	1
15	99	1
15	100	1
15	101	1
15	102	1
15	103	1
15	104	1
15	105	1
15	106	1
15	107	1
15	108	1
15	109	1
15	110	1
16	35	1
16	36	1
16	37	1
16	38	1
16	39	1
16	40	1
16	41	1
16	42	1
16	43	1
16	44	1
16	45	1
16	46	1
16	47	1
16	48	1
16	49	1
16	50	1
16	51	1
16	52	1
16	53	1
16	54	1
16	55	1
16	56	1
16	57	1
16	58	1
16	59	1
16	60	1
16	61	1
16	62	1
16	63	1
16	64	1
16	65	1
16	66	1
16	67	1
16	68	1
16	69	1
16	70	1
16	71	1
16	72	1
16	73	1
16	74	1
16	75	1
16	76	1
16	77	1
16	78	1
16	79	1
16	80	1
16	81	1
16	82	1
16	83	1
16	84	1
16	85	1
16	86	1
16	87	1
16	88	1
16	89	1
16	90	1
16	91	1
16	92	1
16	93	1
16	94	1
16	95	1
16	96	1
16	97	1
16	98	1
16	99	1
16	100	1
16	101	1
16	102	1
16	103	1
16	104	1
16	105	1
16	106	1
16	107	1
16	108	1
16	109	1
17	35	1
17	36	1
17	37	1
17	38	1
17	39	1
17	40	1
17	41	1
17	42	1
17	43	1
17	44	1
17	45	1
17	46	1
17	47	1
17	48	1
17	49	1
17	50	1
17	51	1
17	52	1
17	53	1
17	54	1
17	55	1
17	56	1
17	57	1
17	58	1
17	59	1
17	60	1
17	61	1
17	62	1
17	63	1
17	64	1
17	65	1
17	66	1
17	67	1
17	68	1
17	69	1
17	70	1
17	71	1
17	72	1
17	73	1
17	74	1
17	75	1
17	76	1
17	77	1
17	78	1
17	79	1
17	80	1
17	81	1
17	82	1
17	83	1
17	84	1
17	85	1
17	86	1
17	87	1
17	88	1
17	89	1
17	90	1
17	91	1
17	92	1
17	93	1
17	94	1
17	95	1
17	96	1
17	97	1
17	98	1
17	99	1
17	100	1
17	101	1
17	102	1
17	103	1
17	104	1
17	105	1
17	106	1
17	107	1
17	108	1
17	109	1
18	35	1
18	36	1
18	37	1
18	38	1
18	39	1
18	40	1
18	41	1
18	42	1
18	43	1
18	44	1
18	45	1
18	46	1
18	47	1
18	48	1
18	49	1
18	50	1
18	51	1
18	52	1
18	53	1
18	54	1
18	55	1
18	56	1
18	57	1
18	58	1
18	59	1
18	60	1
18	61	1
18	62	1
18	63	1
18	64	1
18	65	1
18	66	1
18	67	1
18	68	1
18	69	1
18	70	1
18	71	1
18	72	1
18	73	1
18	74	1
18	75	1
18	76	1
18	77	1
18	78	1
18	79	1
18	80	1
18	81	1
18	82	1
18	83	1
18	84	1
18	85	1
18	86	1
18	87	1
18	88	1
18	89	1
18	90	1
18	91	1
18	92	1
18	93	1
18	94	1
18	95	1
18	96	1
18	97	1
18	98	1
18	99	1
18	100	1
18	101	1
18	102	1
18	103	1
18	104	1
18	105	1
18	106	1
18	107	1
18	108	1
18	109	1
19	36	1
19	37	1
19	38	1
19	39	1
19	40	1
19	41	1
19	42	1
19	43	1
19	44	1
19	45	1
19	46	1
19	47	1
19	48	1
19	49	1
19	50	1
19	51	1
19	52	1
19	53	1
19	54	1
19	55	1
19	56	1
19	57	1
19	58	1
19	59	1
19	60	1
19	61	1
19	62	1
19	63	1
19	64	1
19	65	1
19	66	1
19	67	1
19	68	1
19	69	1
19	70	1
19	71	1
19	72	1
19	73	1
19	74	1
19	75	1
19	76	1
19	77	1
19	78	1
19	79	1
19	80	1
19	81	1
19	82	1
19	83	1
19	84	1
19	85	1
19	86	1
19	87	1
19	88	1
19	89	1
19	90	1
19	91	1
19	92	1
19	93	1
19	94	1
19	95	1
19	96	1
19	97	1
19	98	1
19	99	1
19	100	1
19	101	1
19	102	1
19	103	1
19	104	1
19	105	1
19	106	1
19	107	1
19	108	1
20	36	1
20	37	1
20	38	1
20	39	1
20	40	1
20	41	1
20	42	1
20	43	1
20	44	1
20	45	1
20	46	1
20	47	1
20	48	1
20	49	1
20	50	1
20	51	1
20	52	1
20	53	1
20	54	1
20	55	1
20	56	1
20	57	1
20	58	1
20	59	1
20	60	1
20	61	1
20	62	1
20	63	1
20	64	1
20	65	1
20	66	1
20	67	1
20	68	1
20	69	1
20	70	1
20	71	1
20	72	1
20	73	1
20	74	1
20	75	1
20	76	1
20	77	1
20	78	1
20	79	1
20	80	1
20	81	1
20	82	1
20	83	1
20	84	1
20	85	1
20	86	1
20	87	1
20	88	1
20	89	1
20	90	1
20	91	1
20	92	1
20	93	1
20	94	1
20	95	1
20	96	1
20	97	1
20	98	1
20	99	1
20	100	1
20	101	1
20	102	1
20	103	1
20	104	1
20	105	1
20	106	1
20	107	1
20	108	1
21	37	1
21	38	1
21	39	1
21	40	1
21	41	1
21	42	1
21	43	1
21	44	1
21	45	1
21	46	1
21	47	1
21	48	1
21	49	1
21	50	1
21	51	1
21	52	1
21	53	1
21	54	1
21	55	1
21	56	1
21	57	1
21	58	1
21	59	1
21	60	1
21	61	1
21	62	1
21	63	1
21	64	1
21	65	1
21	66	1
21	67	1
21	68	1
21	69	1
21	70	1
21	71	1
21	72	1
21	73	1
21	74	1
21	75	1
21	76	1
21	77	1
21	78	1
21	79	1
21	80	1
21	81	1
21	82	1
21	83	1
21	84	1
21	85	1
21	86	1
21	87	1
21	88	1
21	89	1
21	90	1
21	91	1
21	92	1
21	93	1
21	94	1
21	95	1
21	96	1
21	97	1
21	98	1
21	99	1
21	100	1
21	101	1
21	102	1
21	103	1
21	104	1
21	105	1
21	106	1
21	107	1
22	37	1
22	38	1
22	39	1
22	40	1
22	41	1
22	42	1
22	43	1
22	44	1
22	45	1
22	46	1
22	47	1
22	48	1
22	49	1
22	50	1
22	51	1
22	52	1
22	53	1
22	54	1
22	55	1
22	56	1
22	57	1
22	58	1
22	59	1
22	60	1
22	61	1
22	62	1
22	63	1
22	64	1
22	65	1
22	66	1
22	67	1
22	68	1
22	69	1
22	70	1
22	71	1
22	72	1
22	73	1
22	74	1
22	75	1
22	76	1
22	77	1
22	78	1
22	79	1
22	80	1
22	81	1
22	82	1
22	83	1
22	84	1
22	85	1
22	86	1
22	87	1
22	88	1
22	89	1
22	90	1
22	91	1
22	92	1
22	93	1
22	94	1
22	95	1
22	96	1
22	97	1
22	98	1
22	99	1
22	100	1
22	101	1
22	102	1
22	103	1
22	104	1
22	105	1
22	106	1
22	107	1
23	38	1
23	39	1
23	40	1
23	41	1
23	42	1
23	43	1
23	44	1
23	45	1
23	46	1
23	47	1
23	48	1
23	49	1
23	50	1
23	51	1
23	52	1
23	53	1
23	54	1
23	55	1
23	56	1
23	57	1
23	58	1
23	59	1
23	60	1
23	61	1
23	62	1
23	63	1
23	64	1
23	65	1
23	66	1
23	67	1
23	68	1
23	69	1
23	70	1
23	71	1
23	72	1
23	73	1
23	74	1
23	75	1
23	76	1
23	77	1
23	78	1
23	79	1
23	80	1
23	81	1
23	82	1
23	83	1
23	84	1
23	85	1
23	86	1
23	87	1
23	88	1
23	89	1
23	90	1
23	91	1
23	92	1
23	93	1
23	94	1
23	95	1
23	96	1
23	97	1
23	98	1
23	99	1
23	100	1
23	101	1
23	102	1
23	103	1
23	104	1
23	105	1
23	106	1
24	38	1
24	39	1
24	40	1
24	41	1
24	42	1
24	43	1
24	44	1
24	45	1
24	46	1
24	47	1
24	48	1
24	49	1
24	50	1
24	51	1
24	52	1
24	53	1
24	54	1
24	55	1
24	56	1
24	57	1
24	58	1
24	59	1
24	60	1
24	61	1
24	62	1
24	63	1
24	64	1
24	65	1
24	66	1
24	67	1
24	68	1
24	69	1
24	70	1
24	71	1
24	72	1
24	73	1
24	74	1
24	75	1
24	76	1
24	77	1
24	78	1
24	79	1
24	80	1
24	81	1
24	82	1
24	83	1
24	84	1
24	85	1
24	86	1
24	87	1
24	88	1
24	89	1
24	90	1
24	91	1
24	92	1
24	93	1
24	94	1
24	95	1
24	96	1
24	97	1
24	98	1
24	99	1
24	100	1
24	101	1
24	102	1
24	103	1
24	104	1
24	105	1
24	106	1
25	39	1
25	40	1
25	41	1
25	42	1
25	43	1
25	44	1
25	45	1
25	46	1
25	47	1
25	48	1
25	49	1
25	50	1
25	51	1
25	52	1
25	53	1
25	54	1
25	55	1
25	56	1
25	57	1
25	58	1
25	59	1
25	60	1
25	61	1
25	62	1
25	63	1
25	64	1
25	65	1
25	66	1
25	67	1
25	68	1
25	69	1
25	70	1
25	71	1
25	72	1
25	73	1
25	74	1
25	75	1
25	76	1
25	77	1
25	78	1
25	79	1
25	80	1
25	81	1
25	82	1
25	83	1
25	84	1
25	85	1
25	86	1
25	87	1
25	88	1
25	89	1
25	90	1
25	91	1
25	92	1
25	93	1
25	94	1
25	95	1
25	96	1
25	97	1
25	98	1
25	99	1
25	100	1
25	101	1
25	102	1
25	103	1
25	104	1
25	105	1
26	40	1
26	41	1
26	42	1
26	43	1
26	44	1
26	45	1
26	46	1
26	47	1
26	48	1
26	49	1
26	50	1
26	51	1
26	52	1
26	53	1
26	54	1
26	55	1
26	56	1
26	57	1
26	58	1
26	59	1
26	60	1
26	61	1
26	62	1
26	63	1
26	64	1
26	65	1
26	66	1
26	67	1
26	68	1
26	69	1
26	70	1
26	71	1
26	72	1
26	73	1
26	74	1
26	75	1
26	76	1
26	77	1
26	78	1
26	79	1
26	80	1
26	81	1
26	82	1
26	83	1
26	84	1
26	85	1
26	86	1
26	87	1
26	88	1
26	89	1
26	90	1
26	91	1
26	92	1
26	93	1
26	94	1
26	95	1
26	96	1
26	97	1
26	98	1
26	99	1
26	100	1
26	101	1
26	102	1
26	103	1
26	104	1
27	40	1
27	41	1
27	42	1
27	43	1
27	44	1
27	45	1
27	46	1
27	47	1
27	48	1
27	49	1
27	50	1
27	51	1
27	52	1
27	53	1
27	54	1
27	55	1
27	56	1
27	57	1
27	58	1
27	59	1
27	60	1
27	61	1
27	62	1
27	63	1
27	64	1
27	65	1
27	66	1
27	67	1
27	68	1
27	69	1
27	70	1
27	71	1
27	72	1
27	73	1
27	74	1
27	75	1
27	76	1
27	77	1
27	78	1
27	79	1
27	80	1
27	81	1
27	82	1
27	83	1
27	84	1
27	85	1
27	86	1
27	87	1
27	88	1
27	89	1
27	90	1
27	91	1
27	92	1
27	93	1
27	94	1
27	95	1
27	96	1
27	97	1
27	98	1
27	99	1
27	100	1
27	101	1
27	102	1
27	103	1
27	104	1
28	41	1
28	42	1
28	43	1
28	44	1
28	45	1
28	46	1
28	47	1
28	48	1
28	49	1
28	50	1
28	51	1
28	52	1
28	53	1
28	54	1
28	55	1
28	56	1
28	57	1
28	58	1
28	59	1
28	60	1
28	61	1
28	62	1
28	63	1
28	64	1
28	65	1
28	66	1
28	67	1
28	68	1
28	69	1
28	70	1
28	71	1
28	72	1
28	73	1
28	74	1
28	75	1
28	76	1
28	77	1
28	78	1
28	79	1
28	80	1
28	81	1
28	82	1
28	83	1
28	84	1
28	85	1
28	86	1
28	87	1
28	88	1
28	89	1
28	90	1
28	91	1
28	92	1
28	93	1
28	94	1
28	95	1
28	96	1
28	97	1
28	98	1
28	99	1
28	100	1
28	101	1
28	102	1
28	103	1
29	42	1
29	43	1
29	44	1
29	45	1
29	46	1
29	47	1
29	48	1
29	49	1
29	50	1
29	51	1
29	52	1
29	53	1
29	54	1
29	55	1
29	56	1
29	57	1
29	58	1
29	59	1
29	60	1
29	61	1
29	62	1
29	63	1
29	64	1
29	65	1
29	66	1
29	67	1
29	68	1
29	69	1
29	70	1
29	71	1
29	72	1
29	73	1
29	74	1
29	75	1
29	76	1
29	77	1
29	78	1
29	79	1
29	80	1
29	81	1
29	82	1
29	83	1
29	84	1
29	85	1
29	86	1
29	87	1
29	88	1
29	89	1
29	90	1
29	91	1
29	92	1
29	93	1
29	94	1
29	95	1
29	96	1
29	97	1
29	98	1
29	99	1
29	100	1
29	101	1
29	102	1
30	43	1
30	44	1
30	45	1
30	46	1
30	47	1
30	48	1
30	49	1
30	50	1
30	51	1
30	52	1
30	53	1
30	54	1
30	55	1
30	56	1
30	57	1
30	58	1
30	59	1
30	60	1
30	61	1
30	62	1
30	63	1
30	64	1
30	65	1
30	66	1
30	67	1
30	68	1
30	69	1
30	70	1
30	71	1
30	72	1
30	73	1
30	74	1
30	75	1
30	76	1
30	77	1
30	78	1
30	79	1
30	80	1
30	81	1
30	82	1
30	83	1
30	84	1
30	85	1
30	86	1
30	87	1
30	88	1
30	89	1
30	90	1
30	91	1
30	92	1
30	93	1
30	94	1
30	95	1
30	96	1
30	97	1
30	98	1
30	99	1
30	100	1
30	101	1
31	44	1
31	45	1
31	46	1
31	47	1
31	48	1
31	49	1
31	50	1
31	51	1
31	52	1
31	53	1
31	54	1
31	55	1
31	56	1
31	57	1
31	58	1
31	59	1
31	60	1
31	61	1
31	62	1
31	63	1
31	64	1
31	65	1
31	66	1
31	67	1
31	68	1
31	69	1
31	70	1
31	71	1
31	72	1
31	73	1
31	74	1
31	75	1
31	76	1
31	77	1
31	78	1
31	79	1
31	80	1
31	81	1
31	82	1
31	83	1
31	84	1
31	85	1
31	86	1
31	87	1
31	88	1
31	89	1
31	90	1
31	91	1
31	92	1
31	93	1
31	94	1
31	95	1
31	96	1
31	97	1
31	98	1
31	99	1
31	100	1
32	45	1
32	46	1
32	47	1
32	48	1
32	49	1
32	50	1
32	51	1
32	52	1
32	53	1
32	54	1
32	55	1
32	56	1
32	57	1
32	58	1
32	59	1
32	60	1
32	61	1
32	62	1
32	63	1
32	64	1
32	65	1
32	66	1
32	67	1
32	68	1
32	69	1
32	70	1
32	71	1
32	72	1
32	73	1
32	74	1
32	75	1
32	76	1
32	77	1
32	78	1
32	79	1
32	80	1
32	81	1
32	82	1
32	83	1
32	84	1
32	85	1
32	86	1
32	87	1
32	88	1
32	89	1
32	90	1
32	91	1
32	92	1
32	93	1
32	94	1
32	95	1
32	96	1
32	97	1
32	98	1
32	99	1
33	46	1
33	47	1
33	48	1
33	49	1
33	50	1
33	51	1
33	52	1
33	53	1
33	54	1
33	55	1
33	56	1
33	57	1
33	58	1
33	59	1
33	60	1
33	61	1
33	62	1
33	63	1
33	64	1
33	65	1
33	66	1
33	67	1
33	68	1
33	69	1
33	70	1
33	71	1
33	72	1
33	73	1
33	74	1
33	75	1
33	76	1
33	77	1
33	78	1
33	79	1
33	80	1
33	81	1
33	82	1
33	83	1
33	84	1
33	85	1
33	86	1
33	87	1
33	88	1
33	89	1
33	90	1
33	91	1
33	92	1
33	93	1
33	94	1
33	95	1
33	96	1
33	97	1
33	98	1
34	47	1
34	48	1
34	49	1
34	50	1
34	51	1
34	52	1
34	53	1
34	54	1
34	55	1
34	56	1
34	57	1
34	58	1
34	59	1
34	60	1
34	61	1
34	62	1
34	63	1
34	64	1
34	65	1
34	66	1
34	67	1
34	68	1
34	69	1
34	70	1
34	71	1
34	72	1
34	73	1
34	74	1
34	75	1
34	76	1
34	77	1
34	78	1
34	79	1
34	80	1
34	81	1
34	82	1
34	83	1
34	84	1
34	85	1
34	86	1
34	87	1
34	88	1
34	89	1
34	90	1
34	91	1
34	92	1
34	93	1
34	94	1
34	95	1
34	96	1
34	97	1
35	48	1
35	49	1
35	50	1
35	51	1
35	52	1
35	53	1
35	54	1
35	55	1
35	56	1
35	57	1
35	58	1
35	59	1
35	60	1
35	61	1
35	62	1
35	63	1
35	64	1
35	65	1
35	66	1
35	67	1
35	68	1
35	69	1
35	70	1
35	71	1
35	72	1
35	73	1
35	74	1
35	75	1
35	76	1
35	77	1
35	78	1
35	79	1
35	80	1
35	81	1
35	82	1
35	83	1
35	84	1
35	85	1
35	86	1
35	87	1
35	88	1
35	89	1
35	90	1
35	91	1
35	92	1
35	93	1
35	94	1
35	95	1
35	96	1
36	50	1
36	51	1
36	52	1
36	53	1
36	54	1
36	55	1
36	56	1
36	57	1
36	58	1
36	59	1
36	60	1
36	61	1
36	62	1
36	63	1
36	64	1
36	65	1
36	66	1
36	67	1
36	68	1
36	69	1
36	70	1
36	71	1
36	72	1
36	73	1
36	74	1
36	75	1
36	76	1
36	77	1
36	78	1
36	79	1
36	80	1
36	81	1
36	82	1
36	83	1
36	84	1
36	85	1
36	86	1
36	87	1
36	88	1
36	89	1
36	90	1
36	91	1
36	92	1
36	93	1
36	94	1
37	51	1
37	52	1
37	53	1
37	54	1
37	55	1
37	56	1
37	57	1
37	58	1
37	59	1
37	60	1
37	61	1
37	62	1
37	63	1
37	64	1
37	65	1
37	66	1
37	67	1
37	68	1
37	69	1
37	70	1
37	71	1
37	72	1
37	73	1
37	74	1
37	75	1
37	76	1
37	77	1
37	78	1
37	79	1
37	80	1
37	81	1
37	82	1
37	83	1
37	84	1
37	85	1
37	86	1
37	87	1
37	88	1
37	89	1
37	90	1
37	91	1
37	92	1
37	93	1
38	53	1
38	54	1
38	55	1
38	56	1
38	57	1
38	58	1
38	59	1
38	60	1
38	61	1
38	62	1
38	63	1
38	64	1
38	65	1
38	66	1
38	67	1
38	68	1
38	69	1
38	70	1
38	71	1
38	72	1
38	73	1
38	74	1
38	75	1
38	76	1
38	77	1
38	78	1
38	79	1
38	80	1
38	81	1
38	82	1
38	83	1
38	84	1
38	85	1
38	86	1
38	87	1
38	88	1
38	89	1
38	90	1
38	91	1
39	55	1
39	56	1
39	57	1
39	58	1
39	59	1
39	60	1
39	61	1
39	62	1
39	63	1
39	64	1
39	65	1
39	66	1
39	67	1
39	68	1
39	69	1
39	70	1
39	71	1
39	72	1
39	73	1
39	74	1
39	75	1
39	76	1
39	77	1
39	78	1
39	79	1
39	80	1
39	81	1
39	82	1
39	83	1
39	84	1
39	85	1
39	86	1
39	87	1
39	88	1
39	89	1
40	57	1
40	58	1
40	59	1
40	60	1
40	61	1
40	62	1
40	63	1
40	64	1
40	65	1
40	66	1
40	67	1
40	68	1
40	69	1
40	70	1
40	71	1
40	72	1
40	73	1
40	74	1
40	75	1
40	76	1
40	77	1
40	78	1
40	79	1
40	80	1
40	81	1
40	82	1
40	83	1
40	84	1
40	85	1
40	86	1
40	87	1
41	60	1
41	61	1
41	62	1
41	63	1
41	64	1
41	65	1
41	66	1
41	67	1
41	68	1
41	69	1
41	70	1
41	71	1
41	72	1
41	73	1
41	74	1
41	75	1
41	76	1
41	77	1
41	78	1
41	79	1
41	80	1
41	81	1
41	82	1
41	83	1
41	84	1
42	64	1
42	65	1
42	66	1
42	67	1
42	68	1
42	69	1
42	70	1
42	71	1
42	72	1
42	73	1
42	74	1
42	75	1
42	76	1
42	77	1
42	78	1
42	79	1
42	80	1
43	72	1
