pix_x	pix_y	Flag
91	121	1
92	113	1
92	114	1
92	115	1
92	116	1
92	117	1
92	118	1
92	119	1
92	120	1
92	121	1
92	122	1
92	123	1
92	124	1
92	125	1
92	126	1
92	127	1
92	128	1
92	129	1
93	110	1
93	111	1
93	112	1
93	113	1
93	114	1
93	115	1
93	116	1
93	117	1
93	118	1
93	119	1
93	120	1
93	121	1
93	122	1
93	123	1
93	124	1
93	125	1
93	126	1
93	127	1
93	128	1
93	129	1
93	130	1
93	131	1
93	132	1
94	107	1
94	108	1
94	109	1
94	110	1
94	111	1
94	112	1
94	113	1
94	114	1
94	115	1
94	116	1
94	117	1
94	118	1
94	119	1
94	120	1
94	121	1
94	122	1
94	123	1
94	124	1
94	125	1
94	126	1
94	127	1
94	128	1
94	129	1
94	130	1
94	131	1
94	132	1
94	133	1
94	134	1
94	135	1
95	105	1
95	106	1
95	107	1
95	108	1
95	109	1
95	110	1
95	111	1
95	112	1
95	113	1
95	114	1
95	115	1
95	116	1
95	117	1
95	118	1
95	119	1
95	120	1
95	121	1
95	122	1
95	123	1
95	124	1
95	125	1
95	126	1
95	127	1
95	128	1
95	129	1
95	130	1
95	131	1
95	132	1
95	133	1
95	134	1
95	135	1
95	136	1
95	137	1
96	103	1
96	104	1
96	105	1
96	106	1
96	107	1
96	108	1
96	109	1
96	110	1
96	111	1
96	112	1
96	113	1
96	114	1
96	115	1
96	116	1
96	117	1
96	118	1
96	119	1
96	120	1
96	121	1
96	122	1
96	123	1
96	124	1
96	125	1
96	126	1
96	127	1
96	128	1
96	129	1
96	130	1
96	131	1
96	132	1
96	133	1
96	134	1
96	135	1
96	136	1
96	137	1
96	138	1
96	139	1
97	102	1
97	103	1
97	104	1
97	105	1
97	106	1
97	107	1
97	108	1
97	109	1
97	110	1
97	111	1
97	112	1
97	113	1
97	114	1
97	115	1
97	116	1
97	117	1
97	118	1
97	119	1
97	120	1
97	121	1
97	122	1
97	123	1
97	124	1
97	125	1
97	126	1
97	127	1
97	128	1
97	129	1
97	130	1
97	131	1
97	132	1
97	133	1
97	134	1
97	135	1
97	136	1
97	137	1
97	138	1
97	139	1
97	140	1
98	100	1
98	101	1
98	102	1
98	103	1
98	104	1
98	105	1
98	106	1
98	107	1
98	108	1
98	109	1
98	110	1
98	111	1
98	112	1
98	113	1
98	114	1
98	115	1
98	116	1
98	117	1
98	118	1
98	119	1
98	120	1
98	121	1
98	122	1
98	123	1
98	124	1
98	125	1
98	126	1
98	127	1
98	128	1
98	129	1
98	130	1
98	131	1
98	132	1
98	133	1
98	134	1
98	135	1
98	136	1
98	137	1
98	138	1
98	139	1
98	140	1
98	141	1
98	142	1
99	99	1
99	100	1
99	101	1
99	102	1
99	103	1
99	104	1
99	105	1
99	106	1
99	107	1
99	108	1
99	109	1
99	110	1
99	111	1
99	112	1
99	113	1
99	114	1
99	115	1
99	116	1
99	117	1
99	118	1
99	119	1
99	120	1
99	121	1
99	122	1
99	123	1
99	124	1
99	125	1
99	126	1
99	127	1
99	128	1
99	129	1
99	130	1
99	131	1
99	132	1
99	133	1
99	134	1
99	135	1
99	136	1
99	137	1
99	138	1
99	139	1
99	140	1
99	141	1
99	142	1
99	143	1
100	98	1
100	99	1
100	100	1
100	101	1
100	102	1
100	103	1
100	104	1
100	105	1
100	106	1
100	107	1
100	108	1
100	109	1
100	110	1
100	111	1
100	112	1
100	113	1
100	114	1
100	115	1
100	116	1
100	117	1
100	118	1
100	119	1
100	120	1
100	121	1
100	122	1
100	123	1
100	124	1
100	125	1
100	126	1
100	127	1
100	128	1
100	129	1
100	130	1
100	131	1
100	132	1
100	133	1
100	134	1
100	135	1
100	136	1
100	137	1
100	138	1
100	139	1
100	140	1
100	141	1
100	142	1
100	143	1
100	144	1
101	97	1
101	98	1
101	99	1
101	100	1
101	101	1
101	102	1
101	103	1
101	104	1
101	105	1
101	106	1
101	107	1
101	108	1
101	109	1
101	110	1
101	111	1
101	112	1
101	113	1
101	114	1
101	115	1
101	116	1
101	117	1
101	118	1
101	119	1
101	120	1
101	121	1
101	122	1
101	123	1
101	124	1
101	125	1
101	126	1
101	127	1
101	128	1
101	129	1
101	130	1
101	131	1
101	132	1
101	133	1
101	134	1
101	135	1
101	136	1
101	137	1
101	138	1
101	139	1
101	140	1
101	141	1
101	142	1
101	143	1
101	144	1
101	145	1
102	96	1
102	97	1
102	98	1
102	99	1
102	100	1
102	101	1
102	102	1
102	103	1
102	104	1
102	105	1
102	106	1
102	107	1
102	108	1
102	109	1
102	110	1
102	111	1
102	112	1
102	113	1
102	114	1
102	115	1
102	116	1
102	117	1
102	118	1
102	119	1
102	120	1
102	121	1
102	122	1
102	123	1
102	124	1
102	125	1
102	126	1
102	127	1
102	128	1
102	129	1
102	130	1
102	131	1
102	132	1
102	133	1
102	134	1
102	135	1
102	136	1
102	137	1
102	138	1
102	139	1
102	140	1
102	141	1
102	142	1
102	143	1
102	144	1
102	145	1
102	146	1
103	95	1
103	96	1
103	97	1
103	98	1
103	99	1
103	100	1
103	101	1
103	102	1
103	103	1
103	104	1
103	105	1
103	106	1
103	107	1
103	108	1
103	109	1
103	110	1
103	111	1
103	112	1
103	113	1
103	114	1
103	115	1
103	116	1
103	117	1
103	118	1
103	119	1
103	120	1
103	121	1
103	122	1
103	123	1
103	124	1
103	125	1
103	126	1
103	127	1
103	128	1
103	129	1
103	130	1
103	131	1
103	132	1
103	133	1
103	134	1
103	135	1
103	136	1
103	137	1
103	138	1
103	139	1
103	140	1
103	141	1
103	142	1
103	143	1
103	144	1
103	145	1
103	146	1
103	147	1
104	94	1
104	95	1
104	96	1
104	97	1
104	98	1
104	99	1
104	100	1
104	101	1
104	102	1
104	103	1
104	104	1
104	105	1
104	106	1
104	107	1
104	108	1
104	109	1
104	110	1
104	111	1
104	112	1
104	113	1
104	114	1
104	115	1
104	116	1
104	117	1
104	118	1
104	119	1
104	120	1
104	121	1
104	122	1
104	123	1
104	124	1
104	125	1
104	126	1
104	127	1
104	128	1
104	129	1
104	130	1
104	131	1
104	132	1
104	133	1
104	134	1
104	135	1
104	136	1
104	137	1
104	138	1
104	139	1
104	140	1
104	141	1
104	142	1
104	143	1
104	144	1
104	145	1
104	146	1
104	147	1
104	148	1
105	93	1
105	94	1
105	95	1
105	96	1
105	97	1
105	98	1
105	99	1
105	100	1
105	101	1
105	102	1
105	103	1
105	104	1
105	105	1
105	106	1
105	107	1
105	108	1
105	109	1
105	110	1
105	111	1
105	112	1
105	113	1
105	114	1
105	115	1
105	116	1
105	117	1
105	118	1
105	119	1
105	120	1
105	121	1
105	122	1
105	123	1
105	124	1
105	125	1
105	126	1
105	127	1
105	128	1
105	129	1
105	130	1
105	131	1
105	132	1
105	133	1
105	134	1
105	135	1
105	136	1
105	137	1
105	138	1
105	139	1
105	140	1
105	141	1
105	142	1
105	143	1
105	144	1
105	145	1
105	146	1
105	147	1
105	148	1
105	149	1
106	93	1
106	94	1
106	95	1
106	96	1
106	97	1
106	98	1
106	99	1
106	100	1
106	101	1
106	102	1
106	103	1
106	104	1
106	105	1
106	106	1
106	107	1
106	108	1
106	109	1
106	110	1
106	111	1
106	112	1
106	113	1
106	114	1
106	115	1
106	116	1
106	117	1
106	118	1
106	119	1
106	120	1
106	121	1
106	122	1
106	123	1
106	124	1
106	125	1
106	126	1
106	127	1
106	128	1
106	129	1
106	130	1
106	131	1
106	132	1
106	133	1
106	134	1
106	135	1
106	136	1
106	137	1
106	138	1
106	139	1
106	140	1
106	141	1
106	142	1
106	143	1
106	144	1
106	145	1
106	146	1
106	147	1
106	148	1
106	149	1
107	92	1
107	93	1
107	94	1
107	95	1
107	96	1
107	97	1
107	98	1
107	99	1
107	100	1
107	101	1
107	102	1
107	103	1
107	104	1
107	105	1
107	106	1
107	107	1
107	108	1
107	109	1
107	110	1
107	111	1
107	112	1
107	113	1
107	114	1
107	115	1
107	116	1
107	117	1
107	118	1
107	119	1
107	120	1
107	121	1
107	122	1
107	123	1
107	124	1
107	125	1
107	126	1
107	127	1
107	128	1
107	129	1
107	130	1
107	131	1
107	132	1
107	133	1
107	134	1
107	135	1
107	136	1
107	137	1
107	138	1
107	139	1
107	140	1
107	141	1
107	142	1
107	143	1
107	144	1
107	145	1
107	146	1
107	147	1
107	148	1
107	149	1
107	150	1
108	91	1
108	92	1
108	93	1
108	94	1
108	95	1
108	96	1
108	97	1
108	98	1
108	99	1
108	100	1
108	101	1
108	102	1
108	103	1
108	104	1
108	105	1
108	106	1
108	107	1
108	108	1
108	109	1
108	110	1
108	111	1
108	112	1
108	113	1
108	114	1
108	115	1
108	116	1
108	117	1
108	118	1
108	119	1
108	120	1
108	121	1
108	122	1
108	123	1
108	124	1
108	125	1
108	126	1
108	127	1
108	128	1
108	129	1
108	130	1
108	131	1
108	132	1
108	133	1
108	134	1
108	135	1
108	136	1
108	137	1
108	138	1
108	139	1
108	140	1
108	141	1
108	142	1
108	143	1
108	144	1
108	145	1
108	146	1
108	147	1
108	148	1
108	149	1
108	150	1
108	151	1
109	91	1
109	92	1
109	93	1
109	94	1
109	95	1
109	96	1
109	97	1
109	98	1
109	99	1
109	100	1
109	101	1
109	102	1
109	103	1
109	104	1
109	105	1
109	106	1
109	107	1
109	108	1
109	109	1
109	110	1
109	111	1
109	112	1
109	113	1
109	114	1
109	115	1
109	116	1
109	117	1
109	118	1
109	119	1
109	120	1
109	121	1
109	122	1
109	123	1
109	124	1
109	125	1
109	126	1
109	127	1
109	128	1
109	129	1
109	130	1
109	131	1
109	132	1
109	133	1
109	134	1
109	135	1
109	136	1
109	137	1
109	138	1
109	139	1
109	140	1
109	141	1
109	142	1
109	143	1
109	144	1
109	145	1
109	146	1
109	147	1
109	148	1
109	149	1
109	150	1
109	151	1
110	90	1
110	91	1
110	92	1
110	93	1
110	94	1
110	95	1
110	96	1
110	97	1
110	98	1
110	99	1
110	100	1
110	101	1
110	102	1
110	103	1
110	104	1
110	105	1
110	106	1
110	107	1
110	108	1
110	109	1
110	110	1
110	111	1
110	112	1
110	113	1
110	114	1
110	115	1
110	116	1
110	117	1
110	118	1
110	119	1
110	120	1
110	121	1
110	122	1
110	123	1
110	124	1
110	125	1
110	126	1
110	127	1
110	128	1
110	129	1
110	130	1
110	131	1
110	132	1
110	133	1
110	134	1
110	135	1
110	136	1
110	137	1
110	138	1
110	139	1
110	140	1
110	141	1
110	142	1
110	143	1
110	144	1
110	145	1
110	146	1
110	147	1
110	148	1
110	149	1
110	150	1
110	151	1
110	152	1
111	90	1
111	91	1
111	92	1
111	93	1
111	94	1
111	95	1
111	96	1
111	97	1
111	98	1
111	99	1
111	100	1
111	101	1
111	102	1
111	103	1
111	104	1
111	105	1
111	106	1
111	107	1
111	108	1
111	109	1
111	110	1
111	111	1
111	112	1
111	113	1
111	114	1
111	115	1
111	116	1
111	117	1
111	118	1
111	119	1
111	120	1
111	121	1
111	122	1
111	123	1
111	124	1
111	125	1
111	126	1
111	127	1
111	128	1
111	129	1
111	130	1
111	131	1
111	132	1
111	133	1
111	134	1
111	135	1
111	136	1
111	137	1
111	138	1
111	139	1
111	140	1
111	141	1
111	142	1
111	143	1
111	144	1
111	145	1
111	146	1
111	147	1
111	148	1
111	149	1
111	150	1
111	151	1
111	152	1
112	89	1
112	90	1
112	91	1
112	92	1
112	93	1
112	94	1
112	95	1
112	96	1
112	97	1
112	98	1
112	99	1
112	100	1
112	101	1
112	102	1
112	103	1
112	104	1
112	105	1
112	106	1
112	107	1
112	108	1
112	109	1
112	110	1
112	111	1
112	112	1
112	113	1
112	114	1
112	115	1
112	116	1
112	117	1
112	118	1
112	119	1
112	120	1
112	121	1
112	122	1
112	123	1
112	124	1
112	125	1
112	126	1
112	127	1
112	128	1
112	129	1
112	130	1
112	131	1
112	132	1
112	133	1
112	134	1
112	135	1
112	136	1
112	137	1
112	138	1
112	139	1
112	140	1
112	141	1
112	142	1
112	143	1
112	144	1
112	145	1
112	146	1
112	147	1
112	148	1
112	149	1
112	150	1
112	151	1
112	152	1
112	153	1
113	89	1
113	90	1
113	91	1
113	92	1
113	93	1
113	94	1
113	95	1
113	96	1
113	97	1
113	98	1
113	99	1
113	100	1
113	101	1
113	102	1
113	103	1
113	104	1
113	105	1
113	106	1
113	107	1
113	108	1
113	109	1
113	110	1
113	111	1
113	112	1
113	113	1
113	114	1
113	115	1
113	116	1
113	117	1
113	118	1
113	119	1
113	120	1
113	121	1
113	122	1
113	123	1
113	124	1
113	125	1
113	126	1
113	127	1
113	128	1
113	129	1
113	130	1
113	131	1
113	132	1
113	133	1
113	134	1
113	135	1
113	136	1
113	137	1
113	138	1
113	139	1
113	140	1
113	141	1
113	142	1
113	143	1
113	144	1
113	145	1
113	146	1
113	147	1
113	148	1
113	149	1
113	150	1
113	151	1
113	152	1
113	153	1
114	89	1
114	90	1
114	91	1
114	92	1
114	93	1
114	94	1
114	95	1
114	96	1
114	97	1
114	98	1
114	99	1
114	100	1
114	101	1
114	102	1
114	103	1
114	104	1
114	105	1
114	106	1
114	107	1
114	108	1
114	109	1
114	110	1
114	111	1
114	112	1
114	113	1
114	114	1
114	115	1
114	116	1
114	117	1
114	118	1
114	119	1
114	120	1
114	121	1
114	122	1
114	123	1
114	124	1
114	125	1
114	126	1
114	127	1
114	128	1
114	129	1
114	130	1
114	131	1
114	132	1
114	133	1
114	134	1
114	135	1
114	136	1
114	137	1
114	138	1
114	139	1
114	140	1
114	141	1
114	142	1
114	143	1
114	144	1
114	145	1
114	146	1
114	147	1
114	148	1
114	149	1
114	150	1
114	151	1
114	152	1
114	153	1
115	88	1
115	89	1
115	90	1
115	91	1
115	92	1
115	93	1
115	94	1
115	95	1
115	96	1
115	97	1
115	98	1
115	99	1
115	100	1
115	101	1
115	102	1
115	103	1
115	104	1
115	105	1
115	106	1
115	107	1
115	108	1
115	109	1
115	110	1
115	111	1
115	112	1
115	113	1
115	114	1
115	115	1
115	116	1
115	117	1
115	118	1
115	119	1
115	120	1
115	121	1
115	122	1
115	123	1
115	124	1
115	125	1
115	126	1
115	127	1
115	128	1
115	129	1
115	130	1
115	131	1
115	132	1
115	133	1
115	134	1
115	135	1
115	136	1
115	137	1
115	138	1
115	139	1
115	140	1
115	141	1
115	142	1
115	143	1
115	144	1
115	145	1
115	146	1
115	147	1
115	148	1
115	149	1
115	150	1
115	151	1
115	152	1
115	153	1
115	154	1
116	88	1
116	89	1
116	90	1
116	91	1
116	92	1
116	93	1
116	94	1
116	95	1
116	96	1
116	97	1
116	98	1
116	99	1
116	100	1
116	101	1
116	102	1
116	103	1
116	104	1
116	105	1
116	106	1
116	107	1
116	108	1
116	109	1
116	110	1
116	111	1
116	112	1
116	113	1
116	114	1
116	115	1
116	116	1
116	117	1
116	118	1
116	119	1
116	120	1
116	121	1
116	122	1
116	123	1
116	124	1
116	125	1
116	126	1
116	127	1
116	128	1
116	129	1
116	130	1
116	131	1
116	132	1
116	133	1
116	134	1
116	135	1
116	136	1
116	137	1
116	138	1
116	139	1
116	140	1
116	141	1
116	142	1
116	143	1
116	144	1
116	145	1
116	146	1
116	147	1
116	148	1
116	149	1
116	150	1
116	151	1
116	152	1
116	153	1
116	154	1
117	88	1
117	89	1
117	90	1
117	91	1
117	92	1
117	93	1
117	94	1
117	95	1
117	96	1
117	97	1
117	98	1
117	99	1
117	100	1
117	101	1
117	102	1
117	103	1
117	104	1
117	105	1
117	106	1
117	107	1
117	108	1
117	109	1
117	110	1
117	111	1
117	112	1
117	113	1
117	114	1
117	115	1
117	116	1
117	117	1
117	118	1
117	119	1
117	120	1
117	121	1
117	122	1
117	123	1
117	124	1
117	125	1
117	126	1
117	127	1
117	128	1
117	129	1
117	130	1
117	131	1
117	132	1
117	133	1
117	134	1
117	135	1
117	136	1
117	137	1
117	138	1
117	139	1
117	140	1
117	141	1
117	142	1
117	143	1
117	144	1
117	145	1
117	146	1
117	147	1
117	148	1
117	149	1
117	150	1
117	151	1
117	152	1
117	153	1
117	154	1
118	87	1
118	88	1
118	89	1
118	90	1
118	91	1
118	92	1
118	93	1
118	94	1
118	95	1
118	96	1
118	97	1
118	98	1
118	99	1
118	100	1
118	101	1
118	102	1
118	103	1
118	104	1
118	105	1
118	106	1
118	107	1
118	108	1
118	109	1
118	110	1
118	111	1
118	112	1
118	113	1
118	114	1
118	115	1
118	116	1
118	117	1
118	118	1
118	119	1
118	120	1
118	121	1
118	122	1
118	123	1
118	124	1
118	125	1
118	126	1
118	127	1
118	128	1
118	129	1
118	130	1
118	131	1
118	132	1
118	133	1
118	134	1
118	135	1
118	136	1
118	137	1
118	138	1
118	139	1
118	140	1
118	141	1
118	142	1
118	143	1
118	144	1
118	145	1
118	146	1
118	147	1
118	148	1
118	149	1
118	150	1
118	151	1
118	152	1
118	153	1
118	154	1
118	155	1
119	87	1
119	88	1
119	89	1
119	90	1
119	91	1
119	92	1
119	93	1
119	94	1
119	95	1
119	96	1
119	97	1
119	98	1
119	99	1
119	100	1
119	101	1
119	102	1
119	103	1
119	104	1
119	105	1
119	106	1
119	107	1
119	108	1
119	109	1
119	110	1
119	111	1
119	112	1
119	113	1
119	114	1
119	115	1
119	116	1
119	117	1
119	118	1
119	119	1
119	120	1
119	121	1
119	122	1
119	123	1
119	124	1
119	125	1
119	126	1
119	127	1
119	128	1
119	129	1
119	130	1
119	131	1
119	132	1
119	133	1
119	134	1
119	135	1
119	136	1
119	137	1
119	138	1
119	139	1
119	140	1
119	141	1
119	142	1
119	143	1
119	144	1
119	145	1
119	146	1
119	147	1
119	148	1
119	149	1
119	150	1
119	151	1
119	152	1
119	153	1
119	154	1
119	155	1
120	87	1
120	88	1
120	89	1
120	90	1
120	91	1
120	92	1
120	93	1
120	94	1
120	95	1
120	96	1
120	97	1
120	98	1
120	99	1
120	100	1
120	101	1
120	102	1
120	103	1
120	104	1
120	105	1
120	106	1
120	107	1
120	108	1
120	109	1
120	110	1
120	111	1
120	112	1
120	113	1
120	114	1
120	115	1
120	116	1
120	117	1
120	118	1
120	119	1
120	120	1
120	121	1
120	122	1
120	123	1
120	124	1
120	125	1
120	126	1
120	127	1
120	128	1
120	129	1
120	130	1
120	131	1
120	132	1
120	133	1
120	134	1
120	135	1
120	136	1
120	137	1
120	138	1
120	139	1
120	140	1
120	141	1
120	142	1
120	143	1
120	144	1
120	145	1
120	146	1
120	147	1
120	148	1
120	149	1
120	150	1
120	151	1
120	152	1
120	153	1
120	154	1
120	155	1
121	87	1
121	88	1
121	89	1
121	90	1
121	91	1
121	92	1
121	93	1
121	94	1
121	95	1
121	96	1
121	97	1
121	98	1
121	99	1
121	100	1
121	101	1
121	102	1
121	103	1
121	104	1
121	105	1
121	106	1
121	107	1
121	108	1
121	109	1
121	110	1
121	111	1
121	112	1
121	113	1
121	114	1
121	115	1
121	116	1
121	117	1
121	118	1
121	119	1
121	120	1
121	121	1
121	122	1
121	123	1
121	124	1
121	125	1
121	126	1
121	127	1
121	128	1
121	129	1
121	130	1
121	131	1
121	132	1
121	133	1
121	134	1
121	135	1
121	136	1
121	137	1
121	138	1
121	139	1
121	140	1
121	141	1
121	142	1
121	143	1
121	144	1
121	145	1
121	146	1
121	147	1
121	148	1
121	149	1
121	150	1
121	151	1
121	152	1
121	153	1
121	154	1
121	155	1
122	87	1
122	88	1
122	89	1
122	90	1
122	91	1
122	92	1
122	93	1
122	94	1
122	95	1
122	96	1
122	97	1
122	98	1
122	99	1
122	100	1
122	101	1
122	102	1
122	103	1
122	104	1
122	105	1
122	106	1
122	107	1
122	108	1
122	109	1
122	110	1
122	111	1
122	112	1
122	113	1
122	114	1
122	115	1
122	116	1
122	117	1
122	118	1
122	119	1
122	120	1
122	121	1
122	122	1
122	123	1
122	124	1
122	125	1
122	126	1
122	127	1
122	128	1
122	129	1
122	130	1
122	131	1
122	132	1
122	133	1
122	134	1
122	135	1
122	136	1
122	137	1
122	138	1
122	139	1
122	140	1
122	141	1
122	142	1
122	143	1
122	144	1
122	145	1
122	146	1
122	147	1
122	148	1
122	149	1
122	150	1
122	151	1
122	152	1
122	153	1
122	154	1
122	155	1
123	87	1
123	88	1
123	89	1
123	90	1
123	91	1
123	92	1
123	93	1
123	94	1
123	95	1
123	96	1
123	97	1
123	98	1
123	99	1
123	100	1
123	101	1
123	102	1
123	103	1
123	104	1
123	105	1
123	106	1
123	107	1
123	108	1
123	109	1
123	110	1
123	111	1
123	112	1
123	113	1
123	114	1
123	115	1
123	116	1
123	117	1
123	118	1
123	119	1
123	120	1
123	121	1
123	122	1
123	123	1
123	124	1
123	125	1
123	126	1
123	127	1
123	128	1
123	129	1
123	130	1
123	131	1
123	132	1
123	133	1
123	134	1
123	135	1
123	136	1
123	137	1
123	138	1
123	139	1
123	140	1
123	141	1
123	142	1
123	143	1
123	144	1
123	145	1
123	146	1
123	147	1
123	148	1
123	149	1
123	150	1
123	151	1
123	152	1
123	153	1
123	154	1
123	155	1
124	87	1
124	88	1
124	89	1
124	90	1
124	91	1
124	92	1
124	93	1
124	94	1
124	95	1
124	96	1
124	97	1
124	98	1
124	99	1
124	100	1
124	101	1
124	102	1
124	103	1
124	104	1
124	105	1
124	106	1
124	107	1
124	108	1
124	109	1
124	110	1
124	111	1
124	112	1
124	113	1
124	114	1
124	115	1
124	116	1
124	117	1
124	118	1
124	119	1
124	120	1
124	121	1
124	122	1
124	123	1
124	124	1
124	125	1
124	126	1
124	127	1
124	128	1
124	129	1
124	130	1
124	131	1
124	132	1
124	133	1
124	134	1
124	135	1
124	136	1
124	137	1
124	138	1
124	139	1
124	140	1
124	141	1
124	142	1
124	143	1
124	144	1
124	145	1
124	146	1
124	147	1
124	148	1
124	149	1
124	150	1
124	151	1
124	152	1
124	153	1
124	154	1
124	155	1
125	87	1
125	88	1
125	89	1
125	90	1
125	91	1
125	92	1
125	93	1
125	94	1
125	95	1
125	96	1
125	97	1
125	98	1
125	99	1
125	100	1
125	101	1
125	102	1
125	103	1
125	104	1
125	105	1
125	106	1
125	107	1
125	108	1
125	109	1
125	110	1
125	111	1
125	112	1
125	113	1
125	114	1
125	115	1
125	116	1
125	117	1
125	118	1
125	119	1
125	120	1
125	121	1
125	122	1
125	123	1
125	124	1
125	125	1
125	126	1
125	127	1
125	128	1
125	129	1
125	130	1
125	131	1
125	132	1
125	133	1
125	134	1
125	135	1
125	136	1
125	137	1
125	138	1
125	139	1
125	140	1
125	141	1
125	142	1
125	143	1
125	144	1
125	145	1
125	146	1
125	147	1
125	148	1
125	149	1
125	150	1
125	151	1
125	152	1
125	153	1
125	154	1
125	155	1
126	86	1
126	87	1
126	88	1
126	89	1
126	90	1
126	91	1
126	92	1
126	93	1
126	94	1
126	95	1
126	96	1
126	97	1
126	98	1
126	99	1
126	100	1
126	101	1
126	102	1
126	103	1
126	104	1
126	105	1
126	106	1
126	107	1
126	108	1
126	109	1
126	110	1
126	111	1
126	112	1
126	113	1
126	114	1
126	115	1
126	116	1
126	117	1
126	118	1
126	119	1
126	120	1
126	121	1
126	122	1
126	123	1
126	124	1
126	125	1
126	126	1
126	127	1
126	128	1
126	129	1
126	130	1
126	131	1
126	132	1
126	133	1
126	134	1
126	135	1
126	136	1
126	137	1
126	138	1
126	139	1
126	140	1
126	141	1
126	142	1
126	143	1
126	144	1
126	145	1
126	146	1
126	147	1
126	148	1
126	149	1
126	150	1
126	151	1
126	152	1
126	153	1
126	154	1
126	155	1
126	156	1
127	87	1
127	88	1
127	89	1
127	90	1
127	91	1
127	92	1
127	93	1
127	94	1
127	95	1
127	96	1
127	97	1
127	98	1
127	99	1
127	100	1
127	101	1
127	102	1
127	103	1
127	104	1
127	105	1
127	106	1
127	107	1
127	108	1
127	109	1
127	110	1
127	111	1
127	112	1
127	113	1
127	114	1
127	115	1
127	116	1
127	117	1
127	118	1
127	119	1
127	120	1
127	121	1
127	122	1
127	123	1
127	124	1
127	125	1
127	126	1
127	127	1
127	128	1
127	129	1
127	130	1
127	131	1
127	132	1
127	133	1
127	134	1
127	135	1
127	136	1
127	137	1
127	138	1
127	139	1
127	140	1
127	141	1
127	142	1
127	143	1
127	144	1
127	145	1
127	146	1
127	147	1
127	148	1
127	149	1
127	150	1
127	151	1
127	152	1
127	153	1
127	154	1
127	155	1
128	87	1
128	88	1
128	89	1
128	90	1
128	91	1
128	92	1
128	93	1
128	94	1
128	95	1
128	96	1
128	97	1
128	98	1
128	99	1
128	100	1
128	101	1
128	102	1
128	103	1
128	104	1
128	105	1
128	106	1
128	107	1
128	108	1
128	109	1
128	110	1
128	111	1
128	112	1
128	113	1
128	114	1
128	115	1
128	116	1
128	117	1
128	118	1
128	119	1
128	120	1
128	121	1
128	122	1
128	123	1
128	124	1
128	125	1
128	126	1
128	127	1
128	128	1
128	129	1
128	130	1
128	131	1
128	132	1
128	133	1
128	134	1
128	135	1
128	136	1
128	137	1
128	138	1
128	139	1
128	140	1
128	141	1
128	142	1
128	143	1
128	144	1
128	145	1
128	146	1
128	147	1
128	148	1
128	149	1
128	150	1
128	151	1
128	152	1
128	153	1
128	154	1
128	155	1
129	87	1
129	88	1
129	89	1
129	90	1
129	91	1
129	92	1
129	93	1
129	94	1
129	95	1
129	96	1
129	97	1
129	98	1
129	99	1
129	100	1
129	101	1
129	102	1
129	103	1
129	104	1
129	105	1
129	106	1
129	107	1
129	108	1
129	109	1
129	110	1
129	111	1
129	112	1
129	113	1
129	114	1
129	115	1
129	116	1
129	117	1
129	118	1
129	119	1
129	120	1
129	121	1
129	122	1
129	123	1
129	124	1
129	125	1
129	126	1
129	127	1
129	128	1
129	129	1
129	130	1
129	131	1
129	132	1
129	133	1
129	134	1
129	135	1
129	136	1
129	137	1
129	138	1
129	139	1
129	140	1
129	141	1
129	142	1
129	143	1
129	144	1
129	145	1
129	146	1
129	147	1
129	148	1
129	149	1
129	150	1
129	151	1
129	152	1
129	153	1
129	154	1
129	155	1
130	87	1
130	88	1
130	89	1
130	90	1
130	91	1
130	92	1
130	93	1
130	94	1
130	95	1
130	96	1
130	97	1
130	98	1
130	99	1
130	100	1
130	101	1
130	102	1
130	103	1
130	104	1
130	105	1
130	106	1
130	107	1
130	108	1
130	109	1
130	110	1
130	111	1
130	112	1
130	113	1
130	114	1
130	115	1
130	116	1
130	117	1
130	118	1
130	119	1
130	120	1
130	121	1
130	122	1
130	123	1
130	124	1
130	125	1
130	126	1
130	127	1
130	128	1
130	129	1
130	130	1
130	131	1
130	132	1
130	133	1
130	134	1
130	135	1
130	136	1
130	137	1
130	138	1
130	139	1
130	140	1
130	141	1
130	142	1
130	143	1
130	144	1
130	145	1
130	146	1
130	147	1
130	148	1
130	149	1
130	150	1
130	151	1
130	152	1
130	153	1
130	154	1
130	155	1
131	87	1
131	88	1
131	89	1
131	90	1
131	91	1
131	92	1
131	93	1
131	94	1
131	95	1
131	96	1
131	97	1
131	98	1
131	99	1
131	100	1
131	101	1
131	102	1
131	103	1
131	104	1
131	105	1
131	106	1
131	107	1
131	108	1
131	109	1
131	110	1
131	111	1
131	112	1
131	113	1
131	114	1
131	115	1
131	116	1
131	117	1
131	118	1
131	119	1
131	120	1
131	121	1
131	122	1
131	123	1
131	124	1
131	125	1
131	126	1
131	127	1
131	128	1
131	129	1
131	130	1
131	131	1
131	132	1
131	133	1
131	134	1
131	135	1
131	136	1
131	137	1
131	138	1
131	139	1
131	140	1
131	141	1
131	142	1
131	143	1
131	144	1
131	145	1
131	146	1
131	147	1
131	148	1
131	149	1
131	150	1
131	151	1
131	152	1
131	153	1
131	154	1
131	155	1
132	87	1
132	88	1
132	89	1
132	90	1
132	91	1
132	92	1
132	93	1
132	94	1
132	95	1
132	96	1
132	97	1
132	98	1
132	99	1
132	100	1
132	101	1
132	102	1
132	103	1
132	104	1
132	105	1
132	106	1
132	107	1
132	108	1
132	109	1
132	110	1
132	111	1
132	112	1
132	113	1
132	114	1
132	115	1
132	116	1
132	117	1
132	118	1
132	119	1
132	120	1
132	121	1
132	122	1
132	123	1
132	124	1
132	125	1
132	126	1
132	127	1
132	128	1
132	129	1
132	130	1
132	131	1
132	132	1
132	133	1
132	134	1
132	135	1
132	136	1
132	137	1
132	138	1
132	139	1
132	140	1
132	141	1
132	142	1
132	143	1
132	144	1
132	145	1
132	146	1
132	147	1
132	148	1
132	149	1
132	150	1
132	151	1
132	152	1
132	153	1
132	154	1
132	155	1
133	87	1
133	88	1
133	89	1
133	90	1
133	91	1
133	92	1
133	93	1
133	94	1
133	95	1
133	96	1
133	97	1
133	98	1
133	99	1
133	100	1
133	101	1
133	102	1
133	103	1
133	104	1
133	105	1
133	106	1
133	107	1
133	108	1
133	109	1
133	110	1
133	111	1
133	112	1
133	113	1
133	114	1
133	115	1
133	116	1
133	117	1
133	118	1
133	119	1
133	120	1
133	121	1
133	122	1
133	123	1
133	124	1
133	125	1
133	126	1
133	127	1
133	128	1
133	129	1
133	130	1
133	131	1
133	132	1
133	133	1
133	134	1
133	135	1
133	136	1
133	137	1
133	138	1
133	139	1
133	140	1
133	141	1
133	142	1
133	143	1
133	144	1
133	145	1
133	146	1
133	147	1
133	148	1
133	149	1
133	150	1
133	151	1
133	152	1
133	153	1
133	154	1
133	155	1
134	87	1
134	88	1
134	89	1
134	90	1
134	91	1
134	92	1
134	93	1
134	94	1
134	95	1
134	96	1
134	97	1
134	98	1
134	99	1
134	100	1
134	101	1
134	102	1
134	103	1
134	104	1
134	105	1
134	106	1
134	107	1
134	108	1
134	109	1
134	110	1
134	111	1
134	112	1
134	113	1
134	114	1
134	115	1
134	116	1
134	117	1
134	118	1
134	119	1
134	120	1
134	121	1
134	122	1
134	123	1
134	124	1
134	125	1
134	126	1
134	127	1
134	128	1
134	129	1
134	130	1
134	131	1
134	132	1
134	133	1
134	134	1
134	135	1
134	136	1
134	137	1
134	138	1
134	139	1
134	140	1
134	141	1
134	142	1
134	143	1
134	144	1
134	145	1
134	146	1
134	147	1
134	148	1
134	149	1
134	150	1
134	151	1
134	152	1
134	153	1
134	154	1
134	155	1
135	88	1
135	89	1
135	90	1
135	91	1
135	92	1
135	93	1
135	94	1
135	95	1
135	96	1
135	97	1
135	98	1
135	99	1
135	100	1
135	101	1
135	102	1
135	103	1
135	104	1
135	105	1
135	106	1
135	107	1
135	108	1
135	109	1
135	110	1
135	111	1
135	112	1
135	113	1
135	114	1
135	115	1
135	116	1
135	117	1
135	118	1
135	119	1
135	120	1
135	121	1
135	122	1
135	123	1
135	124	1
135	125	1
135	126	1
135	127	1
135	128	1
135	129	1
135	130	1
135	131	1
135	132	1
135	133	1
135	134	1
135	135	1
135	136	1
135	137	1
135	138	1
135	139	1
135	140	1
135	141	1
135	142	1
135	143	1
135	144	1
135	145	1
135	146	1
135	147	1
135	148	1
135	149	1
135	150	1
135	151	1
135	152	1
135	153	1
135	154	1
136	88	1
136	89	1
136	90	1
136	91	1
136	92	1
136	93	1
136	94	1
136	95	1
136	96	1
136	97	1
136	98	1
136	99	1
136	100	1
136	101	1
136	102	1
136	103	1
136	104	1
136	105	1
136	106	1
136	107	1
136	108	1
136	109	1
136	110	1
136	111	1
136	112	1
136	113	1
136	114	1
136	115	1
136	116	1
136	117	1
136	118	1
136	119	1
136	120	1
136	121	1
136	122	1
136	123	1
136	124	1
136	125	1
136	126	1
136	127	1
136	128	1
136	129	1
136	130	1
136	131	1
136	132	1
136	133	1
136	134	1
136	135	1
136	136	1
136	137	1
136	138	1
136	139	1
136	140	1
136	141	1
136	142	1
136	143	1
136	144	1
136	145	1
136	146	1
136	147	1
136	148	1
136	149	1
136	150	1
136	151	1
136	152	1
136	153	1
136	154	1
137	88	1
137	89	1
137	90	1
137	91	1
137	92	1
137	93	1
137	94	1
137	95	1
137	96	1
137	97	1
137	98	1
137	99	1
137	100	1
137	101	1
137	102	1
137	103	1
137	104	1
137	105	1
137	106	1
137	107	1
137	108	1
137	109	1
137	110	1
137	111	1
137	112	1
137	113	1
137	114	1
137	115	1
137	116	1
137	117	1
137	118	1
137	119	1
137	120	1
137	121	1
137	122	1
137	123	1
137	124	1
137	125	1
137	126	1
137	127	1
137	128	1
137	129	1
137	130	1
137	131	1
137	132	1
137	133	1
137	134	1
137	135	1
137	136	1
137	137	1
137	138	1
137	139	1
137	140	1
137	141	1
137	142	1
137	143	1
137	144	1
137	145	1
137	146	1
137	147	1
137	148	1
137	149	1
137	150	1
137	151	1
137	152	1
137	153	1
137	154	1
138	89	1
138	90	1
138	91	1
138	92	1
138	93	1
138	94	1
138	95	1
138	96	1
138	97	1
138	98	1
138	99	1
138	100	1
138	101	1
138	102	1
138	103	1
138	104	1
138	105	1
138	106	1
138	107	1
138	108	1
138	109	1
138	110	1
138	111	1
138	112	1
138	113	1
138	114	1
138	115	1
138	116	1
138	117	1
138	118	1
138	119	1
138	120	1
138	121	1
138	122	1
138	123	1
138	124	1
138	125	1
138	126	1
138	127	1
138	128	1
138	129	1
138	130	1
138	131	1
138	132	1
138	133	1
138	134	1
138	135	1
138	136	1
138	137	1
138	138	1
138	139	1
138	140	1
138	141	1
138	142	1
138	143	1
138	144	1
138	145	1
138	146	1
138	147	1
138	148	1
138	149	1
138	150	1
138	151	1
138	152	1
138	153	1
139	89	1
139	90	1
139	91	1
139	92	1
139	93	1
139	94	1
139	95	1
139	96	1
139	97	1
139	98	1
139	99	1
139	100	1
139	101	1
139	102	1
139	103	1
139	104	1
139	105	1
139	106	1
139	107	1
139	108	1
139	109	1
139	110	1
139	111	1
139	112	1
139	113	1
139	114	1
139	115	1
139	116	1
139	117	1
139	118	1
139	119	1
139	120	1
139	121	1
139	122	1
139	123	1
139	124	1
139	125	1
139	126	1
139	127	1
139	128	1
139	129	1
139	130	1
139	131	1
139	132	1
139	133	1
139	134	1
139	135	1
139	136	1
139	137	1
139	138	1
139	139	1
139	140	1
139	141	1
139	142	1
139	143	1
139	144	1
139	145	1
139	146	1
139	147	1
139	148	1
139	149	1
139	150	1
139	151	1
139	152	1
139	153	1
140	89	1
140	90	1
140	91	1
140	92	1
140	93	1
140	94	1
140	95	1
140	96	1
140	97	1
140	98	1
140	99	1
140	100	1
140	101	1
140	102	1
140	103	1
140	104	1
140	105	1
140	106	1
140	107	1
140	108	1
140	109	1
140	110	1
140	111	1
140	112	1
140	113	1
140	114	1
140	115	1
140	116	1
140	117	1
140	118	1
140	119	1
140	120	1
140	121	1
140	122	1
140	123	1
140	124	1
140	125	1
140	126	1
140	127	1
140	128	1
140	129	1
140	130	1
140	131	1
140	132	1
140	133	1
140	134	1
140	135	1
140	136	1
140	137	1
140	138	1
140	139	1
140	140	1
140	141	1
140	142	1
140	143	1
140	144	1
140	145	1
140	146	1
140	147	1
140	148	1
140	149	1
140	150	1
140	151	1
140	152	1
140	153	1
141	90	1
141	91	1
141	92	1
141	93	1
141	94	1
141	95	1
141	96	1
141	97	1
141	98	1
141	99	1
141	100	1
141	101	1
141	102	1
141	103	1
141	104	1
141	105	1
141	106	1
141	107	1
141	108	1
141	109	1
141	110	1
141	111	1
141	112	1
141	113	1
141	114	1
141	115	1
141	116	1
141	117	1
141	118	1
141	119	1
141	120	1
141	121	1
141	122	1
141	123	1
141	124	1
141	125	1
141	126	1
141	127	1
141	128	1
141	129	1
141	130	1
141	131	1
141	132	1
141	133	1
141	134	1
141	135	1
141	136	1
141	137	1
141	138	1
141	139	1
141	140	1
141	141	1
141	142	1
141	143	1
141	144	1
141	145	1
141	146	1
141	147	1
141	148	1
141	149	1
141	150	1
141	151	1
141	152	1
142	90	1
142	91	1
142	92	1
142	93	1
142	94	1
142	95	1
142	96	1
142	97	1
142	98	1
142	99	1
142	100	1
142	101	1
142	102	1
142	103	1
142	104	1
142	105	1
142	106	1
142	107	1
142	108	1
142	109	1
142	110	1
142	111	1
142	112	1
142	113	1
142	114	1
142	115	1
142	116	1
142	117	1
142	118	1
142	119	1
142	120	1
142	121	1
142	122	1
142	123	1
142	124	1
142	125	1
142	126	1
142	127	1
142	128	1
142	129	1
142	130	1
142	131	1
142	132	1
142	133	1
142	134	1
142	135	1
142	136	1
142	137	1
142	138	1
142	139	1
142	140	1
142	141	1
142	142	1
142	143	1
142	144	1
142	145	1
142	146	1
142	147	1
142	148	1
142	149	1
142	150	1
142	151	1
142	152	1
143	91	1
143	92	1
143	93	1
143	94	1
143	95	1
143	96	1
143	97	1
143	98	1
143	99	1
143	100	1
143	101	1
143	102	1
143	103	1
143	104	1
143	105	1
143	106	1
143	107	1
143	108	1
143	109	1
143	110	1
143	111	1
143	112	1
143	113	1
143	114	1
143	115	1
143	116	1
143	117	1
143	118	1
143	119	1
143	120	1
143	121	1
143	122	1
143	123	1
143	124	1
143	125	1
143	126	1
143	127	1
143	128	1
143	129	1
143	130	1
143	131	1
143	132	1
143	133	1
143	134	1
143	135	1
143	136	1
143	137	1
143	138	1
143	139	1
143	140	1
143	141	1
143	142	1
143	143	1
143	144	1
143	145	1
143	146	1
143	147	1
143	148	1
143	149	1
143	150	1
143	151	1
144	91	1
144	92	1
144	93	1
144	94	1
144	95	1
144	96	1
144	97	1
144	98	1
144	99	1
144	100	1
144	101	1
144	102	1
144	103	1
144	104	1
144	105	1
144	106	1
144	107	1
144	108	1
144	109	1
144	110	1
144	111	1
144	112	1
144	113	1
144	114	1
144	115	1
144	116	1
144	117	1
144	118	1
144	119	1
144	120	1
144	121	1
144	122	1
144	123	1
144	124	1
144	125	1
144	126	1
144	127	1
144	128	1
144	129	1
144	130	1
144	131	1
144	132	1
144	133	1
144	134	1
144	135	1
144	136	1
144	137	1
144	138	1
144	139	1
144	140	1
144	141	1
144	142	1
144	143	1
144	144	1
144	145	1
144	146	1
144	147	1
144	148	1
144	149	1
144	150	1
144	151	1
145	92	1
145	93	1
145	94	1
145	95	1
145	96	1
145	97	1
145	98	1
145	99	1
145	100	1
145	101	1
145	102	1
145	103	1
145	104	1
145	105	1
145	106	1
145	107	1
145	108	1
145	109	1
145	110	1
145	111	1
145	112	1
145	113	1
145	114	1
145	115	1
145	116	1
145	117	1
145	118	1
145	119	1
145	120	1
145	121	1
145	122	1
145	123	1
145	124	1
145	125	1
145	126	1
145	127	1
145	128	1
145	129	1
145	130	1
145	131	1
145	132	1
145	133	1
145	134	1
145	135	1
145	136	1
145	137	1
145	138	1
145	139	1
145	140	1
145	141	1
145	142	1
145	143	1
145	144	1
145	145	1
145	146	1
145	147	1
145	148	1
145	149	1
145	150	1
146	93	1
146	94	1
146	95	1
146	96	1
146	97	1
146	98	1
146	99	1
146	100	1
146	101	1
146	102	1
146	103	1
146	104	1
146	105	1
146	106	1
146	107	1
146	108	1
146	109	1
146	110	1
146	111	1
146	112	1
146	113	1
146	114	1
146	115	1
146	116	1
146	117	1
146	118	1
146	119	1
146	120	1
146	121	1
146	122	1
146	123	1
146	124	1
146	125	1
146	126	1
146	127	1
146	128	1
146	129	1
146	130	1
146	131	1
146	132	1
146	133	1
146	134	1
146	135	1
146	136	1
146	137	1
146	138	1
146	139	1
146	140	1
146	141	1
146	142	1
146	143	1
146	144	1
146	145	1
146	146	1
146	147	1
146	148	1
146	149	1
147	93	1
147	94	1
147	95	1
147	96	1
147	97	1
147	98	1
147	99	1
147	100	1
147	101	1
147	102	1
147	103	1
147	104	1
147	105	1
147	106	1
147	107	1
147	108	1
147	109	1
147	110	1
147	111	1
147	112	1
147	113	1
147	114	1
147	115	1
147	116	1
147	117	1
147	118	1
147	119	1
147	120	1
147	121	1
147	122	1
147	123	1
147	124	1
147	125	1
147	126	1
147	127	1
147	128	1
147	129	1
147	130	1
147	131	1
147	132	1
147	133	1
147	134	1
147	135	1
147	136	1
147	137	1
147	138	1
147	139	1
147	140	1
147	141	1
147	142	1
147	143	1
147	144	1
147	145	1
147	146	1
147	147	1
147	148	1
147	149	1
148	94	1
148	95	1
148	96	1
148	97	1
148	98	1
148	99	1
148	100	1
148	101	1
148	102	1
148	103	1
148	104	1
148	105	1
148	106	1
148	107	1
148	108	1
148	109	1
148	110	1
148	111	1
148	112	1
148	113	1
148	114	1
148	115	1
148	116	1
148	117	1
148	118	1
148	119	1
148	120	1
148	121	1
148	122	1
148	123	1
148	124	1
148	125	1
148	126	1
148	127	1
148	128	1
148	129	1
148	130	1
148	131	1
148	132	1
148	133	1
148	134	1
148	135	1
148	136	1
148	137	1
148	138	1
148	139	1
148	140	1
148	141	1
148	142	1
148	143	1
148	144	1
148	145	1
148	146	1
148	147	1
148	148	1
149	95	1
149	96	1
149	97	1
149	98	1
149	99	1
149	100	1
149	101	1
149	102	1
149	103	1
149	104	1
149	105	1
149	106	1
149	107	1
149	108	1
149	109	1
149	110	1
149	111	1
149	112	1
149	113	1
149	114	1
149	115	1
149	116	1
149	117	1
149	118	1
149	119	1
149	120	1
149	121	1
149	122	1
149	123	1
149	124	1
149	125	1
149	126	1
149	127	1
149	128	1
149	129	1
149	130	1
149	131	1
149	132	1
149	133	1
149	134	1
149	135	1
149	136	1
149	137	1
149	138	1
149	139	1
149	140	1
149	141	1
149	142	1
149	143	1
149	144	1
149	145	1
149	146	1
149	147	1
0	91	1
0	92	1
0	93	1
0	94	1
0	95	1
0	96	1
0	97	1
0	98	1
0	99	1
0	100	1
0	101	1
0	102	1
0	103	1
0	104	1
0	105	1
0	106	1
0	107	1
0	108	1
0	109	1
0	110	1
0	111	1
0	112	1
0	113	1
0	114	1
0	115	1
0	116	1
0	117	1
0	118	1
0	119	1
0	120	1
0	121	1
0	122	1
0	123	1
0	124	1
0	125	1
0	126	1
0	127	1
0	128	1
0	129	1
0	130	1
0	131	1
0	132	1
0	133	1
0	134	1
0	135	1
0	136	1
0	137	1
0	138	1
0	139	1
0	140	1
0	141	1
0	142	1
0	143	1
0	144	1
0	145	1
0	146	1
0	147	1
0	148	1
0	149	1
0	150	1
0	151	1
1	91	1
1	92	1
1	93	1
1	94	1
1	95	1
1	96	1
1	97	1
1	98	1
1	99	1
1	100	1
1	101	1
1	102	1
1	103	1
1	104	1
1	105	1
1	106	1
1	107	1
1	108	1
1	109	1
1	110	1
1	111	1
1	112	1
1	113	1
1	114	1
1	115	1
1	116	1
1	117	1
1	118	1
1	119	1
1	120	1
1	121	1
1	122	1
1	123	1
1	124	1
1	125	1
1	126	1
1	127	1
1	128	1
1	129	1
1	130	1
1	131	1
1	132	1
1	133	1
1	134	1
1	135	1
1	136	1
1	137	1
1	138	1
1	139	1
1	140	1
1	141	1
1	142	1
1	143	1
1	144	1
1	145	1
1	146	1
1	147	1
1	148	1
1	149	1
1	150	1
1	151	1
2	91	1
2	92	1
2	93	1
2	94	1
2	95	1
2	96	1
2	97	1
2	98	1
2	99	1
2	100	1
2	101	1
2	102	1
2	103	1
2	104	1
2	105	1
2	106	1
2	107	1
2	108	1
2	109	1
2	110	1
2	111	1
2	112	1
2	113	1
2	114	1
2	115	1
2	116	1
2	117	1
2	118	1
2	119	1
2	120	1
2	121	1
2	122	1
2	123	1
2	124	1
2	125	1
2	126	1
2	127	1
2	128	1
2	129	1
2	130	1
2	131	1
2	132	1
2	133	1
2	134	1
2	135	1
2	136	1
2	137	1
2	138	1
2	139	1
2	140	1
2	141	1
2	142	1
2	143	1
2	144	1
2	145	1
2	146	1
2	147	1
2	148	1
2	149	1
2	150	1
2	151	1
3	91	1
3	92	1
3	93	1
3	94	1
3	95	1
3	96	1
3	97	1
3	98	1
3	99	1
3	100	1
3	101	1
3	102	1
3	103	1
3	104	1
3	105	1
3	106	1
3	107	1
3	108	1
3	109	1
3	110	1
3	111	1
3	112	1
3	113	1
3	114	1
3	115	1
3	116	1
3	117	1
3	118	1
3	119	1
3	120	1
3	121	1
3	122	1
3	123	1
3	124	1
3	125	1
3	126	1
3	127	1
3	128	1
3	129	1
3	130	1
3	131	1
3	132	1
3	133	1
3	134	1
3	135	1
3	136	1
3	137	1
3	138	1
3	139	1
3	140	1
3	141	1
3	142	1
3	143	1
3	144	1
3	145	1
3	146	1
3	147	1
3	148	1
3	149	1
3	150	1
3	151	1
4	90	1
4	91	1
4	92	1
4	93	1
4	94	1
4	95	1
4	96	1
4	97	1
4	98	1
4	99	1
4	100	1
4	101	1
4	102	1
4	103	1
4	104	1
4	105	1
4	106	1
4	107	1
4	108	1
4	109	1
4	110	1
4	111	1
4	112	1
4	113	1
4	114	1
4	115	1
4	116	1
4	117	1
4	118	1
4	119	1
4	120	1
4	121	1
4	122	1
4	123	1
4	124	1
4	125	1
4	126	1
4	127	1
4	128	1
4	129	1
4	130	1
4	131	1
4	132	1
4	133	1
4	134	1
4	135	1
4	136	1
4	137	1
4	138	1
4	139	1
4	140	1
4	141	1
4	142	1
4	143	1
4	144	1
4	145	1
4	146	1
4	147	1
4	148	1
4	149	1
4	150	1
4	151	1
4	152	1
5	90	1
5	91	1
5	92	1
5	93	1
5	94	1
5	95	1
5	96	1
5	97	1
5	98	1
5	99	1
5	100	1
5	101	1
5	102	1
5	103	1
5	104	1
5	105	1
5	106	1
5	107	1
5	108	1
5	109	1
5	110	1
5	111	1
5	112	1
5	113	1
5	114	1
5	115	1
5	116	1
5	117	1
5	118	1
5	119	1
5	120	1
5	121	1
5	122	1
5	123	1
5	124	1
5	125	1
5	126	1
5	127	1
5	128	1
5	129	1
5	130	1
5	131	1
5	132	1
5	133	1
5	134	1
5	135	1
5	136	1
5	137	1
5	138	1
5	139	1
5	140	1
5	141	1
5	142	1
5	143	1
5	144	1
5	145	1
5	146	1
5	147	1
5	148	1
5	149	1
5	150	1
5	151	1
5	152	1
6	90	1
6	91	1
6	92	1
6	93	1
6	94	1
6	95	1
6	96	1
6	97	1
6	98	1
6	99	1
6	100	1
6	101	1
6	102	1
6	103	1
6	104	1
6	105	1
6	106	1
6	107	1
6	108	1
6	109	1
6	110	1
6	111	1
6	112	1
6	113	1
6	114	1
6	115	1
6	116	1
6	117	1
6	118	1
6	119	1
6	120	1
6	121	1
6	122	1
6	123	1
6	124	1
6	125	1
6	126	1
6	127	1
6	128	1
6	129	1
6	130	1
6	131	1
6	132	1
6	133	1
6	134	1
6	135	1
6	136	1
6	137	1
6	138	1
6	139	1
6	140	1
6	141	1
6	142	1
6	143	1
6	144	1
6	145	1
6	146	1
6	147	1
6	148	1
6	149	1
6	150	1
6	151	1
6	152	1
7	90	1
7	91	1
7	92	1
7	93	1
7	94	1
7	95	1
7	96	1
7	97	1
7	98	1
7	99	1
7	100	1
7	101	1
7	102	1
7	103	1
7	104	1
7	105	1
7	106	1
7	107	1
7	108	1
7	109	1
7	110	1
7	111	1
7	112	1
7	113	1
7	114	1
7	115	1
7	116	1
7	117	1
7	118	1
7	119	1
7	120	1
7	121	1
7	122	1
7	123	1
7	124	1
7	125	1
7	126	1
7	127	1
7	128	1
7	129	1
7	130	1
7	131	1
7	132	1
7	133	1
7	134	1
7	135	1
7	136	1
7	137	1
7	138	1
7	139	1
7	140	1
7	141	1
7	142	1
7	143	1
7	144	1
7	145	1
7	146	1
7	147	1
7	148	1
7	149	1
7	150	1
7	151	1
7	152	1
8	90	1
8	91	1
8	92	1
8	93	1
8	94	1
8	95	1
8	96	1
8	97	1
8	98	1
8	99	1
8	100	1
8	101	1
8	102	1
8	103	1
8	104	1
8	105	1
8	106	1
8	107	1
8	108	1
8	109	1
8	110	1
8	111	1
8	112	1
8	113	1
8	114	1
8	115	1
8	116	1
8	117	1
8	118	1
8	119	1
8	120	1
8	121	1
8	122	1
8	123	1
8	124	1
8	125	1
8	126	1
8	127	1
8	128	1
8	129	1
8	130	1
8	131	1
8	132	1
8	133	1
8	134	1
8	135	1
8	136	1
8	137	1
8	138	1
8	139	1
8	140	1
8	141	1
8	142	1
8	143	1
8	144	1
8	145	1
8	146	1
8	147	1
8	148	1
8	149	1
8	150	1
8	151	1
8	152	1
9	90	1
9	91	1
9	92	1
9	93	1
9	94	1
9	95	1
9	96	1
9	97	1
9	98	1
9	99	1
9	100	1
9	101	1
9	102	1
9	103	1
9	104	1
9	105	1
9	106	1
9	107	1
9	108	1
9	109	1
9	110	1
9	111	1
9	112	1
9	113	1
9	114	1
9	115	1
9	116	1
9	117	1
9	118	1
9	119	1
9	120	1
9	121	1
9	122	1
9	123	1
9	124	1
9	125	1
9	126	1
9	127	1
9	128	1
9	129	1
9	130	1
9	131	1
9	132	1
9	133	1
9	134	1
9	135	1
9	136	1
9	137	1
9	138	1
9	139	1
9	140	1
9	141	1
9	142	1
9	143	1
9	144	1
9	145	1
9	146	1
9	147	1
9	148	1
9	149	1
9	150	1
9	151	1
9	152	1
10	90	1
10	91	1
10	92	1
10	93	1
10	94	1
10	95	1
10	96	1
10	97	1
10	98	1
10	99	1
10	100	1
10	101	1
10	102	1
10	103	1
10	104	1
10	105	1
10	106	1
10	107	1
10	108	1
10	109	1
10	110	1
10	111	1
10	112	1
10	113	1
10	114	1
10	115	1
10	116	1
10	117	1
10	118	1
10	119	1
10	120	1
10	121	1
10	122	1
10	123	1
10	124	1
10	125	1
10	126	1
10	127	1
10	128	1
10	129	1
10	130	1
10	131	1
10	132	1
10	133	1
10	134	1
10	135	1
10	136	1
10	137	1
10	138	1
10	139	1
10	140	1
10	141	1
10	142	1
10	143	1
10	144	1
10	145	1
10	146	1
10	147	1
10	148	1
10	149	1
10	150	1
10	151	1
10	152	1
11	89	1
11	90	1
11	91	1
11	92	1
11	93	1
11	94	1
11	95	1
11	96	1
11	97	1
11	98	1
11	99	1
11	100	1
11	101	1
11	102	1
11	103	1
11	104	1
11	105	1
11	106	1
11	107	1
11	108	1
11	109	1
11	110	1
11	111	1
11	112	1
11	113	1
11	114	1
11	115	1
11	116	1
11	117	1
11	118	1
11	119	1
11	120	1
11	121	1
11	122	1
11	123	1
11	124	1
11	125	1
11	126	1
11	127	1
11	128	1
11	129	1
11	130	1
11	131	1
11	132	1
11	133	1
11	134	1
11	135	1
11	136	1
11	137	1
11	138	1
11	139	1
11	140	1
11	141	1
11	142	1
11	143	1
11	144	1
11	145	1
11	146	1
11	147	1
11	148	1
11	149	1
11	150	1
11	151	1
11	152	1
11	153	1
12	90	1
12	91	1
12	92	1
12	93	1
12	94	1
12	95	1
12	96	1
12	97	1
12	98	1
12	99	1
12	100	1
12	101	1
12	102	1
12	103	1
12	104	1
12	105	1
12	106	1
12	107	1
12	108	1
12	109	1
12	110	1
12	111	1
12	112	1
12	113	1
12	114	1
12	115	1
12	116	1
12	117	1
12	118	1
12	119	1
12	120	1
12	121	1
12	122	1
12	123	1
12	124	1
12	125	1
12	126	1
12	127	1
12	128	1
12	129	1
12	130	1
12	131	1
12	132	1
12	133	1
12	134	1
12	135	1
12	136	1
12	137	1
12	138	1
12	139	1
12	140	1
12	141	1
12	142	1
12	143	1
12	144	1
12	145	1
12	146	1
12	147	1
12	148	1
12	149	1
12	150	1
12	151	1
12	152	1
13	90	1
13	91	1
13	92	1
13	93	1
13	94	1
13	95	1
13	96	1
13	97	1
13	98	1
13	99	1
13	100	1
13	101	1
13	102	1
13	103	1
13	104	1
13	105	1
13	106	1
13	107	1
13	108	1
13	109	1
13	110	1
13	111	1
13	112	1
13	113	1
13	114	1
13	115	1
13	116	1
13	117	1
13	118	1
13	119	1
13	120	1
13	121	1
13	122	1
13	123	1
13	124	1
13	125	1
13	126	1
13	127	1
13	128	1
13	129	1
13	130	1
13	131	1
13	132	1
13	133	1
13	134	1
13	135	1
13	136	1
13	137	1
13	138	1
13	139	1
13	140	1
13	141	1
13	142	1
13	143	1
13	144	1
13	145	1
13	146	1
13	147	1
13	148	1
13	149	1
13	150	1
13	151	1
13	152	1
14	90	1
14	91	1
14	92	1
14	93	1
14	94	1
14	95	1
14	96	1
14	97	1
14	98	1
14	99	1
14	100	1
14	101	1
14	102	1
14	103	1
14	104	1
14	105	1
14	106	1
14	107	1
14	108	1
14	109	1
14	110	1
14	111	1
14	112	1
14	113	1
14	114	1
14	115	1
14	116	1
14	117	1
14	118	1
14	119	1
14	120	1
14	121	1
14	122	1
14	123	1
14	124	1
14	125	1
14	126	1
14	127	1
14	128	1
14	129	1
14	130	1
14	131	1
14	132	1
14	133	1
14	134	1
14	135	1
14	136	1
14	137	1
14	138	1
14	139	1
14	140	1
14	141	1
14	142	1
14	143	1
14	144	1
14	145	1
14	146	1
14	147	1
14	148	1
14	149	1
14	150	1
14	151	1
14	152	1
15	90	1
15	91	1
15	92	1
15	93	1
15	94	1
15	95	1
15	96	1
15	97	1
15	98	1
15	99	1
15	100	1
15	101	1
15	102	1
15	103	1
15	104	1
15	105	1
15	106	1
15	107	1
15	108	1
15	109	1
15	110	1
15	111	1
15	112	1
15	113	1
15	114	1
15	115	1
15	116	1
15	117	1
15	118	1
15	119	1
15	120	1
15	121	1
15	122	1
15	123	1
15	124	1
15	125	1
15	126	1
15	127	1
15	128	1
15	129	1
15	130	1
15	131	1
15	132	1
15	133	1
15	134	1
15	135	1
15	136	1
15	137	1
15	138	1
15	139	1
15	140	1
15	141	1
15	142	1
15	143	1
15	144	1
15	145	1
15	146	1
15	147	1
15	148	1
15	149	1
15	150	1
15	151	1
15	152	1
16	90	1
16	91	1
16	92	1
16	93	1
16	94	1
16	95	1
16	96	1
16	97	1
16	98	1
16	99	1
16	100	1
16	101	1
16	102	1
16	103	1
16	104	1
16	105	1
16	106	1
16	107	1
16	108	1
16	109	1
16	110	1
16	111	1
16	112	1
16	113	1
16	114	1
16	115	1
16	116	1
16	117	1
16	118	1
16	119	1
16	120	1
16	121	1
16	122	1
16	123	1
16	124	1
16	125	1
16	126	1
16	127	1
16	128	1
16	129	1
16	130	1
16	131	1
16	132	1
16	133	1
16	134	1
16	135	1
16	136	1
16	137	1
16	138	1
16	139	1
16	140	1
16	141	1
16	142	1
16	143	1
16	144	1
16	145	1
16	146	1
16	147	1
16	148	1
16	149	1
16	150	1
16	151	1
16	152	1
17	90	1
17	91	1
17	92	1
17	93	1
17	94	1
17	95	1
17	96	1
17	97	1
17	98	1
17	99	1
17	100	1
17	101	1
17	102	1
17	103	1
17	104	1
17	105	1
17	106	1
17	107	1
17	108	1
17	109	1
17	110	1
17	111	1
17	112	1
17	113	1
17	114	1
17	115	1
17	116	1
17	117	1
17	118	1
17	119	1
17	120	1
17	121	1
17	122	1
17	123	1
17	124	1
17	125	1
17	126	1
17	127	1
17	128	1
17	129	1
17	130	1
17	131	1
17	132	1
17	133	1
17	134	1
17	135	1
17	136	1
17	137	1
17	138	1
17	139	1
17	140	1
17	141	1
17	142	1
17	143	1
17	144	1
17	145	1
17	146	1
17	147	1
17	148	1
17	149	1
17	150	1
17	151	1
17	152	1
18	90	1
18	91	1
18	92	1
18	93	1
18	94	1
18	95	1
18	96	1
18	97	1
18	98	1
18	99	1
18	100	1
18	101	1
18	102	1
18	103	1
18	104	1
18	105	1
18	106	1
18	107	1
18	108	1
18	109	1
18	110	1
18	111	1
18	112	1
18	113	1
18	114	1
18	115	1
18	116	1
18	117	1
18	118	1
18	119	1
18	120	1
18	121	1
18	122	1
18	123	1
18	124	1
18	125	1
18	126	1
18	127	1
18	128	1
18	129	1
18	130	1
18	131	1
18	132	1
18	133	1
18	134	1
18	135	1
18	136	1
18	137	1
18	138	1
18	139	1
18	140	1
18	141	1
18	142	1
18	143	1
18	144	1
18	145	1
18	146	1
18	147	1
18	148	1
18	149	1
18	150	1
18	151	1
18	152	1
19	91	1
19	92	1
19	93	1
19	94	1
19	95	1
19	96	1
19	97	1
19	98	1
19	99	1
19	100	1
19	101	1
19	102	1
19	103	1
19	104	1
19	105	1
19	106	1
19	107	1
19	108	1
19	109	1
19	110	1
19	111	1
19	112	1
19	113	1
19	114	1
19	115	1
19	116	1
19	117	1
19	118	1
19	119	1
19	120	1
19	121	1
19	122	1
19	123	1
19	124	1
19	125	1
19	126	1
19	127	1
19	128	1
19	129	1
19	130	1
19	131	1
19	132	1
19	133	1
19	134	1
19	135	1
19	136	1
19	137	1
19	138	1
19	139	1
19	140	1
19	141	1
19	142	1
19	143	1
19	144	1
19	145	1
19	146	1
19	147	1
19	148	1
19	149	1
19	150	1
19	151	1
20	91	1
20	92	1
20	93	1
20	94	1
20	95	1
20	96	1
20	97	1
20	98	1
20	99	1
20	100	1
20	101	1
20	102	1
20	103	1
20	104	1
20	105	1
20	106	1
20	107	1
20	108	1
20	109	1
20	110	1
20	111	1
20	112	1
20	113	1
20	114	1
20	115	1
20	116	1
20	117	1
20	118	1
20	119	1
20	120	1
20	121	1
20	122	1
20	123	1
20	124	1
20	125	1
20	126	1
20	127	1
20	128	1
20	129	1
20	130	1
20	131	1
20	132	1
20	133	1
20	134	1
20	135	1
20	136	1
20	137	1
20	138	1
20	139	1
20	140	1
20	141	1
20	142	1
20	143	1
20	144	1
20	145	1
20	146	1
20	147	1
20	148	1
20	149	1
20	150	1
20	151	1
21	91	1
21	92	1
21	93	1
21	94	1
21	95	1
21	96	1
21	97	1
21	98	1
21	99	1
21	100	1
21	101	1
21	102	1
21	103	1
21	104	1
21	105	1
21	106	1
21	107	1
21	108	1
21	109	1
21	110	1
21	111	1
21	112	1
21	113	1
21	114	1
21	115	1
21	116	1
21	117	1
21	118	1
21	119	1
21	120	1
21	121	1
21	122	1
21	123	1
21	124	1
21	125	1
21	126	1
21	127	1
21	128	1
21	129	1
21	130	1
21	131	1
21	132	1
21	133	1
21	134	1
21	135	1
21	136	1
21	137	1
21	138	1
21	139	1
21	140	1
21	141	1
21	142	1
21	143	1
21	144	1
21	145	1
21	146	1
21	147	1
21	148	1
21	149	1
21	150	1
21	151	1
22	91	1
22	92	1
22	93	1
22	94	1
22	95	1
22	96	1
22	97	1
22	98	1
22	99	1
22	100	1
22	101	1
22	102	1
22	103	1
22	104	1
22	105	1
22	106	1
22	107	1
22	108	1
22	109	1
22	110	1
22	111	1
22	112	1
22	113	1
22	114	1
22	115	1
22	116	1
22	117	1
22	118	1
22	119	1
22	120	1
22	121	1
22	122	1
22	123	1
22	124	1
22	125	1
22	126	1
22	127	1
22	128	1
22	129	1
22	130	1
22	131	1
22	132	1
22	133	1
22	134	1
22	135	1
22	136	1
22	137	1
22	138	1
22	139	1
22	140	1
22	141	1
22	142	1
22	143	1
22	144	1
22	145	1
22	146	1
22	147	1
22	148	1
22	149	1
22	150	1
22	151	1
23	92	1
23	93	1
23	94	1
23	95	1
23	96	1
23	97	1
23	98	1
23	99	1
23	100	1
23	101	1
23	102	1
23	103	1
23	104	1
23	105	1
23	106	1
23	107	1
23	108	1
23	109	1
23	110	1
23	111	1
23	112	1
23	113	1
23	114	1
23	115	1
23	116	1
23	117	1
23	118	1
23	119	1
23	120	1
23	121	1
23	122	1
23	123	1
23	124	1
23	125	1
23	126	1
23	127	1
23	128	1
23	129	1
23	130	1
23	131	1
23	132	1
23	133	1
23	134	1
23	135	1
23	136	1
23	137	1
23	138	1
23	139	1
23	140	1
23	141	1
23	142	1
23	143	1
23	144	1
23	145	1
23	146	1
23	147	1
23	148	1
23	149	1
23	150	1
24	92	1
24	93	1
24	94	1
24	95	1
24	96	1
24	97	1
24	98	1
24	99	1
24	100	1
24	101	1
24	102	1
24	103	1
24	104	1
24	105	1
24	106	1
24	107	1
24	108	1
24	109	1
24	110	1
24	111	1
24	112	1
24	113	1
24	114	1
24	115	1
24	116	1
24	117	1
24	118	1
24	119	1
24	120	1
24	121	1
24	122	1
24	123	1
24	124	1
24	125	1
24	126	1
24	127	1
24	128	1
24	129	1
24	130	1
24	131	1
24	132	1
24	133	1
24	134	1
24	135	1
24	136	1
24	137	1
24	138	1
24	139	1
24	140	1
24	141	1
24	142	1
24	143	1
24	144	1
24	145	1
24	146	1
24	147	1
24	148	1
24	149	1
24	150	1
25	93	1
25	94	1
25	95	1
25	96	1
25	97	1
25	98	1
25	99	1
25	100	1
25	101	1
25	102	1
25	103	1
25	104	1
25	105	1
25	106	1
25	107	1
25	108	1
25	109	1
25	110	1
25	111	1
25	112	1
25	113	1
25	114	1
25	115	1
25	116	1
25	117	1
25	118	1
25	119	1
25	120	1
25	121	1
25	122	1
25	123	1
25	124	1
25	125	1
25	126	1
25	127	1
25	128	1
25	129	1
25	130	1
25	131	1
25	132	1
25	133	1
25	134	1
25	135	1
25	136	1
25	137	1
25	138	1
25	139	1
25	140	1
25	141	1
25	142	1
25	143	1
25	144	1
25	145	1
25	146	1
25	147	1
25	148	1
25	149	1
26	93	1
26	94	1
26	95	1
26	96	1
26	97	1
26	98	1
26	99	1
26	100	1
26	101	1
26	102	1
26	103	1
26	104	1
26	105	1
26	106	1
26	107	1
26	108	1
26	109	1
26	110	1
26	111	1
26	112	1
26	113	1
26	114	1
26	115	1
26	116	1
26	117	1
26	118	1
26	119	1
26	120	1
26	121	1
26	122	1
26	123	1
26	124	1
26	125	1
26	126	1
26	127	1
26	128	1
26	129	1
26	130	1
26	131	1
26	132	1
26	133	1
26	134	1
26	135	1
26	136	1
26	137	1
26	138	1
26	139	1
26	140	1
26	141	1
26	142	1
26	143	1
26	144	1
26	145	1
26	146	1
26	147	1
26	148	1
26	149	1
27	94	1
27	95	1
27	96	1
27	97	1
27	98	1
27	99	1
27	100	1
27	101	1
27	102	1
27	103	1
27	104	1
27	105	1
27	106	1
27	107	1
27	108	1
27	109	1
27	110	1
27	111	1
27	112	1
27	113	1
27	114	1
27	115	1
27	116	1
27	117	1
27	118	1
27	119	1
27	120	1
27	121	1
27	122	1
27	123	1
27	124	1
27	125	1
27	126	1
27	127	1
27	128	1
27	129	1
27	130	1
27	131	1
27	132	1
27	133	1
27	134	1
27	135	1
27	136	1
27	137	1
27	138	1
27	139	1
27	140	1
27	141	1
27	142	1
27	143	1
27	144	1
27	145	1
27	146	1
27	147	1
27	148	1
28	94	1
28	95	1
28	96	1
28	97	1
28	98	1
28	99	1
28	100	1
28	101	1
28	102	1
28	103	1
28	104	1
28	105	1
28	106	1
28	107	1
28	108	1
28	109	1
28	110	1
28	111	1
28	112	1
28	113	1
28	114	1
28	115	1
28	116	1
28	117	1
28	118	1
28	119	1
28	120	1
28	121	1
28	122	1
28	123	1
28	124	1
28	125	1
28	126	1
28	127	1
28	128	1
28	129	1
28	130	1
28	131	1
28	132	1
28	133	1
28	134	1
28	135	1
28	136	1
28	137	1
28	138	1
28	139	1
28	140	1
28	141	1
28	142	1
28	143	1
28	144	1
28	145	1
28	146	1
28	147	1
28	148	1
29	95	1
29	96	1
29	97	1
29	98	1
29	99	1
29	100	1
29	101	1
29	102	1
29	103	1
29	104	1
29	105	1
29	106	1
29	107	1
29	108	1
29	109	1
29	110	1
29	111	1
29	112	1
29	113	1
29	114	1
29	115	1
29	116	1
29	117	1
29	118	1
29	119	1
29	120	1
29	121	1
29	122	1
29	123	1
29	124	1
29	125	1
29	126	1
29	127	1
29	128	1
29	129	1
29	130	1
29	131	1
29	132	1
29	133	1
29	134	1
29	135	1
29	136	1
29	137	1
29	138	1
29	139	1
29	140	1
29	141	1
29	142	1
29	143	1
29	144	1
29	145	1
29	146	1
29	147	1
30	96	1
30	97	1
30	98	1
30	99	1
30	100	1
30	101	1
30	102	1
30	103	1
30	104	1
30	105	1
30	106	1
30	107	1
30	108	1
30	109	1
30	110	1
30	111	1
30	112	1
30	113	1
30	114	1
30	115	1
30	116	1
30	117	1
30	118	1
30	119	1
30	120	1
30	121	1
30	122	1
30	123	1
30	124	1
30	125	1
30	126	1
30	127	1
30	128	1
30	129	1
30	130	1
30	131	1
30	132	1
30	133	1
30	134	1
30	135	1
30	136	1
30	137	1
30	138	1
30	139	1
30	140	1
30	141	1
30	142	1
30	143	1
30	144	1
30	145	1
30	146	1
31	97	1
31	98	1
31	99	1
31	100	1
31	101	1
31	102	1
31	103	1
31	104	1
31	105	1
31	106	1
31	107	1
31	108	1
31	109	1
31	110	1
31	111	1
31	112	1
31	113	1
31	114	1
31	115	1
31	116	1
31	117	1
31	118	1
31	119	1
31	120	1
31	121	1
31	122	1
31	123	1
31	124	1
31	125	1
31	126	1
31	127	1
31	128	1
31	129	1
31	130	1
31	131	1
31	132	1
31	133	1
31	134	1
31	135	1
31	136	1
31	137	1
31	138	1
31	139	1
31	140	1
31	141	1
31	142	1
31	143	1
31	144	1
31	145	1
32	97	1
32	98	1
32	99	1
32	100	1
32	101	1
32	102	1
32	103	1
32	104	1
32	105	1
32	106	1
32	107	1
32	108	1
32	109	1
32	110	1
32	111	1
32	112	1
32	113	1
32	114	1
32	115	1
32	116	1
32	117	1
32	118	1
32	119	1
32	120	1
32	121	1
32	122	1
32	123	1
32	124	1
32	125	1
32	126	1
32	127	1
32	128	1
32	129	1
32	130	1
32	131	1
32	132	1
32	133	1
32	134	1
32	135	1
32	136	1
32	137	1
32	138	1
32	139	1
32	140	1
32	141	1
32	142	1
32	143	1
32	144	1
32	145	1
33	98	1
33	99	1
33	100	1
33	101	1
33	102	1
33	103	1
33	104	1
33	105	1
33	106	1
33	107	1
33	108	1
33	109	1
33	110	1
33	111	1
33	112	1
33	113	1
33	114	1
33	115	1
33	116	1
33	117	1
33	118	1
33	119	1
33	120	1
33	121	1
33	122	1
33	123	1
33	124	1
33	125	1
33	126	1
33	127	1
33	128	1
33	129	1
33	130	1
33	131	1
33	132	1
33	133	1
33	134	1
33	135	1
33	136	1
33	137	1
33	138	1
33	139	1
33	140	1
33	141	1
33	142	1
33	143	1
33	144	1
34	99	1
34	100	1
34	101	1
34	102	1
34	103	1
34	104	1
34	105	1
34	106	1
34	107	1
34	108	1
34	109	1
34	110	1
34	111	1
34	112	1
34	113	1
34	114	1
34	115	1
34	116	1
34	117	1
34	118	1
34	119	1
34	120	1
34	121	1
34	122	1
34	123	1
34	124	1
34	125	1
34	126	1
34	127	1
34	128	1
34	129	1
34	130	1
34	131	1
34	132	1
34	133	1
34	134	1
34	135	1
34	136	1
34	137	1
34	138	1
34	139	1
34	140	1
34	141	1
34	142	1
34	143	1
35	100	1
35	101	1
35	102	1
35	103	1
35	104	1
35	105	1
35	106	1
35	107	1
35	108	1
35	109	1
35	110	1
35	111	1
35	112	1
35	113	1
35	114	1
35	115	1
35	116	1
35	117	1
35	118	1
35	119	1
35	120	1
35	121	1
35	122	1
35	123	1
35	124	1
35	125	1
35	126	1
35	127	1
35	128	1
35	129	1
35	130	1
35	131	1
35	132	1
35	133	1
35	134	1
35	135	1
35	136	1
35	137	1
35	138	1
35	139	1
35	140	1
35	141	1
35	142	1
36	102	1
36	103	1
36	104	1
36	105	1
36	106	1
36	107	1
36	108	1
36	109	1
36	110	1
36	111	1
36	112	1
36	113	1
36	114	1
36	115	1
36	116	1
36	117	1
36	118	1
36	119	1
36	120	1
36	121	1
36	122	1
36	123	1
36	124	1
36	125	1
36	126	1
36	127	1
36	128	1
36	129	1
36	130	1
36	131	1
36	132	1
36	133	1
36	134	1
36	135	1
36	136	1
36	137	1
36	138	1
36	139	1
36	140	1
37	103	1
37	104	1
37	105	1
37	106	1
37	107	1
37	108	1
37	109	1
37	110	1
37	111	1
37	112	1
37	113	1
37	114	1
37	115	1
37	116	1
37	117	1
37	118	1
37	119	1
37	120	1
37	121	1
37	122	1
37	123	1
37	124	1
37	125	1
37	126	1
37	127	1
37	128	1
37	129	1
37	130	1
37	131	1
37	132	1
37	133	1
37	134	1
37	135	1
37	136	1
37	137	1
37	138	1
37	139	1
38	104	1
38	105	1
38	106	1
38	107	1
38	108	1
38	109	1
38	110	1
38	111	1
38	112	1
38	113	1
38	114	1
38	115	1
38	116	1
38	117	1
38	118	1
38	119	1
38	120	1
38	121	1
38	122	1
38	123	1
38	124	1
38	125	1
38	126	1
38	127	1
38	128	1
38	129	1
38	130	1
38	131	1
38	132	1
38	133	1
38	134	1
38	135	1
38	136	1
38	137	1
38	138	1
39	106	1
39	107	1
39	108	1
39	109	1
39	110	1
39	111	1
39	112	1
39	113	1
39	114	1
39	115	1
39	116	1
39	117	1
39	118	1
39	119	1
39	120	1
39	121	1
39	122	1
39	123	1
39	124	1
39	125	1
39	126	1
39	127	1
39	128	1
39	129	1
39	130	1
39	131	1
39	132	1
39	133	1
39	134	1
39	135	1
39	136	1
40	108	1
40	109	1
40	110	1
40	111	1
40	112	1
40	113	1
40	114	1
40	115	1
40	116	1
40	117	1
40	118	1
40	119	1
40	120	1
40	121	1
40	122	1
40	123	1
40	124	1
40	125	1
40	126	1
40	127	1
40	128	1
40	129	1
40	130	1
40	131	1
40	132	1
40	133	1
40	134	1
41	110	1
41	111	1
41	112	1
41	113	1
41	114	1
41	115	1
41	116	1
41	117	1
41	118	1
41	119	1
41	120	1
41	121	1
41	122	1
41	123	1
41	124	1
41	125	1
41	126	1
41	127	1
41	128	1
41	129	1
41	130	1
41	131	1
41	132	1
42	114	1
42	115	1
42	116	1
42	117	1
42	118	1
42	119	1
42	120	1
42	121	1
42	122	1
42	123	1
42	124	1
42	125	1
42	126	1
42	127	1
42	128	1
43	121	1
44	117	1
44	118	1
44	119	1
45	116	1
45	117	1
45	118	1
45	119	1
45	120	1
46	116	1
46	117	1
46	118	1
46	119	1
46	120	1
47	116	1
47	117	1
47	118	1
47	119	1
47	120	1
48	117	1
48	118	1
48	119	1
62	140	1
62	141	1
62	142	1
63	139	1
63	140	1
63	141	1
63	142	1
63	143	1
64	139	1
64	140	1
64	141	1
64	142	1
64	143	1
65	139	1
65	140	1
65	141	1
65	142	1
65	143	1
66	140	1
66	141	1
66	142	1
82	102	1
82	103	1
82	104	1
83	101	1
83	102	1
83	103	1
83	104	1
83	105	1
84	101	1
84	102	1
84	103	1
84	104	1
84	105	1
85	101	1
85	102	1
85	103	1
85	104	1
85	105	1
86	102	1
86	103	1
86	104	1
70	96	1
70	97	1
70	98	1
71	95	1
71	96	1
71	97	1
71	98	1
71	99	1
72	95	1
72	96	1
72	97	1
72	98	1
72	99	1
73	95	1
73	96	1
73	97	1
73	98	1
73	99	1
74	96	1
74	97	1
74	98	1
64	140	1
64	141	1
64	142	1
65	139	1
65	140	1
65	141	1
65	142	1
65	143	1
66	139	1
66	140	1
66	141	1
66	142	1
66	143	1
67	139	1
67	140	1
67	141	1
67	142	1
67	143	1
68	140	1
68	141	1
68	142	1
