pix_x	pix_y	Flag
116	100	1
117	94	1
117	95	1
117	96	1
117	97	1
117	98	1
117	99	1
117	100	1
117	101	1
117	102	1
117	103	1
117	104	1
117	105	1
117	106	1
118	92	1
118	93	1
118	94	1
118	95	1
118	96	1
118	97	1
118	98	1
118	99	1
118	100	1
118	101	1
118	102	1
118	103	1
118	104	1
118	105	1
118	106	1
118	107	1
118	108	1
119	90	1
119	91	1
119	92	1
119	93	1
119	94	1
119	95	1
119	96	1
119	97	1
119	98	1
119	99	1
119	100	1
119	101	1
119	102	1
119	103	1
119	104	1
119	105	1
119	106	1
119	107	1
119	108	1
119	109	1
119	110	1
120	88	1
120	89	1
120	90	1
120	91	1
120	92	1
120	93	1
120	94	1
120	95	1
120	96	1
120	97	1
120	98	1
120	99	1
120	100	1
120	101	1
120	102	1
120	103	1
120	104	1
120	105	1
120	106	1
120	107	1
120	108	1
120	109	1
120	110	1
120	111	1
120	112	1
121	87	1
121	88	1
121	89	1
121	90	1
121	91	1
121	92	1
121	93	1
121	94	1
121	95	1
121	96	1
121	97	1
121	98	1
121	99	1
121	100	1
121	101	1
121	102	1
121	103	1
121	104	1
121	105	1
121	106	1
121	107	1
121	108	1
121	109	1
121	110	1
121	111	1
121	112	1
121	113	1
122	86	1
122	87	1
122	88	1
122	89	1
122	90	1
122	91	1
122	92	1
122	93	1
122	94	1
122	95	1
122	96	1
122	97	1
122	98	1
122	99	1
122	100	1
122	101	1
122	102	1
122	103	1
122	104	1
122	105	1
122	106	1
122	107	1
122	108	1
122	109	1
122	110	1
122	111	1
122	112	1
122	113	1
122	114	1
123	85	1
123	86	1
123	87	1
123	88	1
123	89	1
123	90	1
123	91	1
123	92	1
123	93	1
123	94	1
123	95	1
123	96	1
123	97	1
123	98	1
123	99	1
123	100	1
123	101	1
123	102	1
123	103	1
123	104	1
123	105	1
123	106	1
123	107	1
123	108	1
123	109	1
123	110	1
123	111	1
123	112	1
123	113	1
123	114	1
123	115	1
124	84	1
124	85	1
124	86	1
124	87	1
124	88	1
124	89	1
124	90	1
124	91	1
124	92	1
124	93	1
124	94	1
124	95	1
124	96	1
124	97	1
124	98	1
124	99	1
124	100	1
124	101	1
124	102	1
124	103	1
124	104	1
124	105	1
124	106	1
124	107	1
124	108	1
124	109	1
124	110	1
124	111	1
124	112	1
124	113	1
124	114	1
124	115	1
124	116	1
125	83	1
125	84	1
125	85	1
125	86	1
125	87	1
125	88	1
125	89	1
125	90	1
125	91	1
125	92	1
125	93	1
125	94	1
125	95	1
125	96	1
125	97	1
125	98	1
125	99	1
125	100	1
125	101	1
125	102	1
125	103	1
125	104	1
125	105	1
125	106	1
125	107	1
125	108	1
125	109	1
125	110	1
125	111	1
125	112	1
125	113	1
125	114	1
125	115	1
125	116	1
125	117	1
126	83	1
126	84	1
126	85	1
126	86	1
126	87	1
126	88	1
126	89	1
126	90	1
126	91	1
126	92	1
126	93	1
126	94	1
126	95	1
126	96	1
126	97	1
126	98	1
126	99	1
126	100	1
126	101	1
126	102	1
126	103	1
126	104	1
126	105	1
126	106	1
126	107	1
126	108	1
126	109	1
126	110	1
126	111	1
126	112	1
126	113	1
126	114	1
126	115	1
126	116	1
126	117	1
127	82	1
127	83	1
127	84	1
127	85	1
127	86	1
127	87	1
127	88	1
127	89	1
127	90	1
127	91	1
127	92	1
127	93	1
127	94	1
127	95	1
127	96	1
127	97	1
127	98	1
127	99	1
127	100	1
127	101	1
127	102	1
127	103	1
127	104	1
127	105	1
127	106	1
127	107	1
127	108	1
127	109	1
127	110	1
127	111	1
127	112	1
127	113	1
127	114	1
127	115	1
127	116	1
127	117	1
127	118	1
128	82	1
128	83	1
128	84	1
128	85	1
128	86	1
128	87	1
128	88	1
128	89	1
128	90	1
128	91	1
128	92	1
128	93	1
128	94	1
128	95	1
128	96	1
128	97	1
128	98	1
128	99	1
128	100	1
128	101	1
128	102	1
128	103	1
128	104	1
128	105	1
128	106	1
128	107	1
128	108	1
128	109	1
128	110	1
128	111	1
128	112	1
128	113	1
128	114	1
128	115	1
128	116	1
128	117	1
128	118	1
129	81	1
129	82	1
129	83	1
129	84	1
129	85	1
129	86	1
129	87	1
129	88	1
129	89	1
129	90	1
129	91	1
129	92	1
129	93	1
129	94	1
129	95	1
129	96	1
129	97	1
129	98	1
129	99	1
129	100	1
129	101	1
129	102	1
129	103	1
129	104	1
129	105	1
129	106	1
129	107	1
129	108	1
129	109	1
129	110	1
129	111	1
129	112	1
129	113	1
129	114	1
129	115	1
129	116	1
129	117	1
129	118	1
129	119	1
130	81	1
130	82	1
130	83	1
130	84	1
130	85	1
130	86	1
130	87	1
130	88	1
130	89	1
130	90	1
130	91	1
130	92	1
130	93	1
130	94	1
130	95	1
130	96	1
130	97	1
130	98	1
130	99	1
130	100	1
130	101	1
130	102	1
130	103	1
130	104	1
130	105	1
130	106	1
130	107	1
130	108	1
130	109	1
130	110	1
130	111	1
130	112	1
130	113	1
130	114	1
130	115	1
130	116	1
130	117	1
130	118	1
130	119	1
131	80	1
131	81	1
131	82	1
131	83	1
131	84	1
131	85	1
131	86	1
131	87	1
131	88	1
131	89	1
131	90	1
131	91	1
131	92	1
131	93	1
131	94	1
131	95	1
131	96	1
131	97	1
131	98	1
131	99	1
131	100	1
131	101	1
131	102	1
131	103	1
131	104	1
131	105	1
131	106	1
131	107	1
131	108	1
131	109	1
131	110	1
131	111	1
131	112	1
131	113	1
131	114	1
131	115	1
131	116	1
131	117	1
131	118	1
131	119	1
131	120	1
132	80	1
132	81	1
132	82	1
132	83	1
132	84	1
132	85	1
132	86	1
132	87	1
132	88	1
132	89	1
132	90	1
132	91	1
132	92	1
132	93	1
132	94	1
132	95	1
132	96	1
132	97	1
132	98	1
132	99	1
132	100	1
132	101	1
132	102	1
132	103	1
132	104	1
132	105	1
132	106	1
132	107	1
132	108	1
132	109	1
132	110	1
132	111	1
132	112	1
132	113	1
132	114	1
132	115	1
132	116	1
132	117	1
132	118	1
132	119	1
132	120	1
133	80	1
133	81	1
133	82	1
133	83	1
133	84	1
133	85	1
133	86	1
133	87	1
133	88	1
133	89	1
133	90	1
133	91	1
133	92	1
133	93	1
133	94	1
133	95	1
133	96	1
133	97	1
133	98	1
133	99	1
133	100	1
133	101	1
133	102	1
133	103	1
133	104	1
133	105	1
133	106	1
133	107	1
133	108	1
133	109	1
133	110	1
133	111	1
133	112	1
133	113	1
133	114	1
133	115	1
133	116	1
133	117	1
133	118	1
133	119	1
133	120	1
134	80	1
134	81	1
134	82	1
134	83	1
134	84	1
134	85	1
134	86	1
134	87	1
134	88	1
134	89	1
134	90	1
134	91	1
134	92	1
134	93	1
134	94	1
134	95	1
134	96	1
134	97	1
134	98	1
134	99	1
134	100	1
134	101	1
134	102	1
134	103	1
134	104	1
134	105	1
134	106	1
134	107	1
134	108	1
134	109	1
134	110	1
134	111	1
134	112	1
134	113	1
134	114	1
134	115	1
134	116	1
134	117	1
134	118	1
134	119	1
134	120	1
135	80	1
135	81	1
135	82	1
135	83	1
135	84	1
135	85	1
135	86	1
135	87	1
135	88	1
135	89	1
135	90	1
135	91	1
135	92	1
135	93	1
135	94	1
135	95	1
135	96	1
135	97	1
135	98	1
135	99	1
135	100	1
135	101	1
135	102	1
135	103	1
135	104	1
135	105	1
135	106	1
135	107	1
135	108	1
135	109	1
135	110	1
135	111	1
135	112	1
135	113	1
135	114	1
135	115	1
135	116	1
135	117	1
135	118	1
135	119	1
135	120	1
136	80	1
136	81	1
136	82	1
136	83	1
136	84	1
136	85	1
136	86	1
136	87	1
136	88	1
136	89	1
136	90	1
136	91	1
136	92	1
136	93	1
136	94	1
136	95	1
136	96	1
136	97	1
136	98	1
136	99	1
136	100	1
136	101	1
136	102	1
136	103	1
136	104	1
136	105	1
136	106	1
136	107	1
136	108	1
136	109	1
136	110	1
136	111	1
136	112	1
136	113	1
136	114	1
136	115	1
136	116	1
136	117	1
136	118	1
136	119	1
136	120	1
137	79	1
137	80	1
137	81	1
137	82	1
137	83	1
137	84	1
137	85	1
137	86	1
137	87	1
137	88	1
137	89	1
137	90	1
137	91	1
137	92	1
137	93	1
137	94	1
137	95	1
137	96	1
137	97	1
137	98	1
137	99	1
137	100	1
137	101	1
137	102	1
137	103	1
137	104	1
137	105	1
137	106	1
137	107	1
137	108	1
137	109	1
137	110	1
137	111	1
137	112	1
137	113	1
137	114	1
137	115	1
137	116	1
137	117	1
137	118	1
137	119	1
137	120	1
137	121	1
138	80	1
138	81	1
138	82	1
138	83	1
138	84	1
138	85	1
138	86	1
138	87	1
138	88	1
138	89	1
138	90	1
138	91	1
138	92	1
138	93	1
138	94	1
138	95	1
138	96	1
138	97	1
138	98	1
138	99	1
138	100	1
138	101	1
138	102	1
138	103	1
138	104	1
138	105	1
138	106	1
138	107	1
138	108	1
138	109	1
138	110	1
138	111	1
138	112	1
138	113	1
138	114	1
138	115	1
138	116	1
138	117	1
138	118	1
138	119	1
138	120	1
139	80	1
139	81	1
139	82	1
139	83	1
139	84	1
139	85	1
139	86	1
139	87	1
139	88	1
139	89	1
139	90	1
139	91	1
139	92	1
139	93	1
139	94	1
139	95	1
139	96	1
139	97	1
139	98	1
139	99	1
139	100	1
139	101	1
139	102	1
139	103	1
139	104	1
139	105	1
139	106	1
139	107	1
139	108	1
139	109	1
139	110	1
139	111	1
139	112	1
139	113	1
139	114	1
139	115	1
139	116	1
139	117	1
139	118	1
139	119	1
139	120	1
140	80	1
140	81	1
140	82	1
140	83	1
140	84	1
140	85	1
140	86	1
140	87	1
140	88	1
140	89	1
140	90	1
140	91	1
140	92	1
140	93	1
140	94	1
140	95	1
140	96	1
140	97	1
140	98	1
140	99	1
140	100	1
140	101	1
140	102	1
140	103	1
140	104	1
140	105	1
140	106	1
140	107	1
140	108	1
140	109	1
140	110	1
140	111	1
140	112	1
140	113	1
140	114	1
140	115	1
140	116	1
140	117	1
140	118	1
140	119	1
140	120	1
141	80	1
141	81	1
141	82	1
141	83	1
141	84	1
141	85	1
141	86	1
141	87	1
141	88	1
141	89	1
141	90	1
141	91	1
141	92	1
141	93	1
141	94	1
141	95	1
141	96	1
141	97	1
141	98	1
141	99	1
141	100	1
141	101	1
141	102	1
141	103	1
141	104	1
141	105	1
141	106	1
141	107	1
141	108	1
141	109	1
141	110	1
141	111	1
141	112	1
141	113	1
141	114	1
141	115	1
141	116	1
141	117	1
141	118	1
141	119	1
141	120	1
142	80	1
142	81	1
142	82	1
142	83	1
142	84	1
142	85	1
142	86	1
142	87	1
142	88	1
142	89	1
142	90	1
142	91	1
142	92	1
142	93	1
142	94	1
142	95	1
142	96	1
142	97	1
142	98	1
142	99	1
142	100	1
142	101	1
142	102	1
142	103	1
142	104	1
142	105	1
142	106	1
142	107	1
142	108	1
142	109	1
142	110	1
142	111	1
142	112	1
142	113	1
142	114	1
142	115	1
142	116	1
142	117	1
142	118	1
142	119	1
142	120	1
143	80	1
143	81	1
143	82	1
143	83	1
143	84	1
143	85	1
143	86	1
143	87	1
143	88	1
143	89	1
143	90	1
143	91	1
143	92	1
143	93	1
143	94	1
143	95	1
143	96	1
143	97	1
143	98	1
143	99	1
143	100	1
143	101	1
143	102	1
143	103	1
143	104	1
143	105	1
143	106	1
143	107	1
143	108	1
143	109	1
143	110	1
143	111	1
143	112	1
143	113	1
143	114	1
143	115	1
143	116	1
143	117	1
143	118	1
143	119	1
143	120	1
144	81	1
144	82	1
144	83	1
144	84	1
144	85	1
144	86	1
144	87	1
144	88	1
144	89	1
144	90	1
144	91	1
144	92	1
144	93	1
144	94	1
144	95	1
144	96	1
144	97	1
144	98	1
144	99	1
144	100	1
144	101	1
144	102	1
144	103	1
144	104	1
144	105	1
144	106	1
144	107	1
144	108	1
144	109	1
144	110	1
144	111	1
144	112	1
144	113	1
144	114	1
144	115	1
144	116	1
144	117	1
144	118	1
144	119	1
145	81	1
145	82	1
145	83	1
145	84	1
145	85	1
145	86	1
145	87	1
145	88	1
145	89	1
145	90	1
145	91	1
145	92	1
145	93	1
145	94	1
145	95	1
145	96	1
145	97	1
145	98	1
145	99	1
145	100	1
145	101	1
145	102	1
145	103	1
145	104	1
145	105	1
145	106	1
145	107	1
145	108	1
145	109	1
145	110	1
145	111	1
145	112	1
145	113	1
145	114	1
145	115	1
145	116	1
145	117	1
145	118	1
145	119	1
146	82	1
146	83	1
146	84	1
146	85	1
146	86	1
146	87	1
146	88	1
146	89	1
146	90	1
146	91	1
146	92	1
146	93	1
146	94	1
146	95	1
146	96	1
146	97	1
146	98	1
146	99	1
146	100	1
146	101	1
146	102	1
146	103	1
146	104	1
146	105	1
146	106	1
146	107	1
146	108	1
146	109	1
146	110	1
146	111	1
146	112	1
146	113	1
146	114	1
146	115	1
146	116	1
146	117	1
146	118	1
147	82	1
147	83	1
147	84	1
147	85	1
147	86	1
147	87	1
147	88	1
147	89	1
147	90	1
147	91	1
147	92	1
147	93	1
147	94	1
147	95	1
147	96	1
147	97	1
147	98	1
147	99	1
147	100	1
147	101	1
147	102	1
147	103	1
147	104	1
147	105	1
147	106	1
147	107	1
147	108	1
147	109	1
147	110	1
147	111	1
147	112	1
147	113	1
147	114	1
147	115	1
147	116	1
147	117	1
147	118	1
148	83	1
148	84	1
148	85	1
148	86	1
148	87	1
148	88	1
148	89	1
148	90	1
148	91	1
148	92	1
148	93	1
148	94	1
148	95	1
148	96	1
148	97	1
148	98	1
148	99	1
148	100	1
148	101	1
148	102	1
148	103	1
148	104	1
148	105	1
148	106	1
148	107	1
148	108	1
148	109	1
148	110	1
148	111	1
148	112	1
148	113	1
148	114	1
148	115	1
148	116	1
148	117	1
149	83	1
149	84	1
149	85	1
149	86	1
149	87	1
149	88	1
149	89	1
149	90	1
149	91	1
149	92	1
149	93	1
149	94	1
149	95	1
149	96	1
149	97	1
149	98	1
149	99	1
149	100	1
149	101	1
149	102	1
149	103	1
149	104	1
149	105	1
149	106	1
149	107	1
149	108	1
149	109	1
149	110	1
149	111	1
149	112	1
149	113	1
149	114	1
149	115	1
149	116	1
149	117	1
