pix_x	pix_y	Flag
32	104	1
33	97	1
33	98	1
33	99	1
33	100	1
33	101	1
33	102	1
33	103	1
33	104	1
33	105	1
33	106	1
33	107	1
33	108	1
33	109	1
33	110	1
33	111	1
34	94	1
34	95	1
34	96	1
34	97	1
34	98	1
34	99	1
34	100	1
34	101	1
34	102	1
34	103	1
34	104	1
34	105	1
34	106	1
34	107	1
34	108	1
34	109	1
34	110	1
34	111	1
34	112	1
34	113	1
34	114	1
35	91	1
35	92	1
35	93	1
35	94	1
35	95	1
35	96	1
35	97	1
35	98	1
35	99	1
35	100	1
35	101	1
35	102	1
35	103	1
35	104	1
35	105	1
35	106	1
35	107	1
35	108	1
35	109	1
35	110	1
35	111	1
35	112	1
35	113	1
35	114	1
35	115	1
35	116	1
35	117	1
36	90	1
36	91	1
36	92	1
36	93	1
36	94	1
36	95	1
36	96	1
36	97	1
36	98	1
36	99	1
36	100	1
36	101	1
36	102	1
36	103	1
36	104	1
36	105	1
36	106	1
36	107	1
36	108	1
36	109	1
36	110	1
36	111	1
36	112	1
36	113	1
36	114	1
36	115	1
36	116	1
36	117	1
36	118	1
37	88	1
37	89	1
37	90	1
37	91	1
37	92	1
37	93	1
37	94	1
37	95	1
37	96	1
37	97	1
37	98	1
37	99	1
37	100	1
37	101	1
37	102	1
37	103	1
37	104	1
37	105	1
37	106	1
37	107	1
37	108	1
37	109	1
37	110	1
37	111	1
37	112	1
37	113	1
37	114	1
37	115	1
37	116	1
37	117	1
37	118	1
37	119	1
37	120	1
38	86	1
38	87	1
38	88	1
38	89	1
38	90	1
38	91	1
38	92	1
38	93	1
38	94	1
38	95	1
38	96	1
38	97	1
38	98	1
38	99	1
38	100	1
38	101	1
38	102	1
38	103	1
38	104	1
38	105	1
38	106	1
38	107	1
38	108	1
38	109	1
38	110	1
38	111	1
38	112	1
38	113	1
38	114	1
38	115	1
38	116	1
38	117	1
38	118	1
38	119	1
38	120	1
38	121	1
38	122	1
39	85	1
39	86	1
39	87	1
39	88	1
39	89	1
39	90	1
39	91	1
39	92	1
39	93	1
39	94	1
39	95	1
39	96	1
39	97	1
39	98	1
39	99	1
39	100	1
39	101	1
39	102	1
39	103	1
39	104	1
39	105	1
39	106	1
39	107	1
39	108	1
39	109	1
39	110	1
39	111	1
39	112	1
39	113	1
39	114	1
39	115	1
39	116	1
39	117	1
39	118	1
39	119	1
39	120	1
39	121	1
39	122	1
39	123	1
40	84	1
40	85	1
40	86	1
40	87	1
40	88	1
40	89	1
40	90	1
40	91	1
40	92	1
40	93	1
40	94	1
40	95	1
40	96	1
40	97	1
40	98	1
40	99	1
40	100	1
40	101	1
40	102	1
40	103	1
40	104	1
40	105	1
40	106	1
40	107	1
40	108	1
40	109	1
40	110	1
40	111	1
40	112	1
40	113	1
40	114	1
40	115	1
40	116	1
40	117	1
40	118	1
40	119	1
40	120	1
40	121	1
40	122	1
40	123	1
40	124	1
41	83	1
41	84	1
41	85	1
41	86	1
41	87	1
41	88	1
41	89	1
41	90	1
41	91	1
41	92	1
41	93	1
41	94	1
41	95	1
41	96	1
41	97	1
41	98	1
41	99	1
41	100	1
41	101	1
41	102	1
41	103	1
41	104	1
41	105	1
41	106	1
41	107	1
41	108	1
41	109	1
41	110	1
41	111	1
41	112	1
41	113	1
41	114	1
41	115	1
41	116	1
41	117	1
41	118	1
41	119	1
41	120	1
41	121	1
41	122	1
41	123	1
41	124	1
41	125	1
42	82	1
42	83	1
42	84	1
42	85	1
42	86	1
42	87	1
42	88	1
42	89	1
42	90	1
42	91	1
42	92	1
42	93	1
42	94	1
42	95	1
42	96	1
42	97	1
42	98	1
42	99	1
42	100	1
42	101	1
42	102	1
42	103	1
42	104	1
42	105	1
42	106	1
42	107	1
42	108	1
42	109	1
42	110	1
42	111	1
42	112	1
42	113	1
42	114	1
42	115	1
42	116	1
42	117	1
42	118	1
42	119	1
42	120	1
42	121	1
42	122	1
42	123	1
42	124	1
42	125	1
42	126	1
43	81	1
43	82	1
43	83	1
43	84	1
43	85	1
43	86	1
43	87	1
43	88	1
43	89	1
43	90	1
43	91	1
43	92	1
43	93	1
43	94	1
43	95	1
43	96	1
43	97	1
43	98	1
43	99	1
43	100	1
43	101	1
43	102	1
43	103	1
43	104	1
43	105	1
43	106	1
43	107	1
43	108	1
43	109	1
43	110	1
43	111	1
43	112	1
43	113	1
43	114	1
43	115	1
43	116	1
43	117	1
43	118	1
43	119	1
43	120	1
43	121	1
43	122	1
43	123	1
43	124	1
43	125	1
43	126	1
43	127	1
44	80	1
44	81	1
44	82	1
44	83	1
44	84	1
44	85	1
44	86	1
44	87	1
44	88	1
44	89	1
44	90	1
44	91	1
44	92	1
44	93	1
44	94	1
44	95	1
44	96	1
44	97	1
44	98	1
44	99	1
44	100	1
44	101	1
44	102	1
44	103	1
44	104	1
44	105	1
44	106	1
44	107	1
44	108	1
44	109	1
44	110	1
44	111	1
44	112	1
44	113	1
44	114	1
44	115	1
44	116	1
44	117	1
44	118	1
44	119	1
44	120	1
44	121	1
44	122	1
44	123	1
44	124	1
44	125	1
44	126	1
44	127	1
44	128	1
45	80	1
45	81	1
45	82	1
45	83	1
45	84	1
45	85	1
45	86	1
45	87	1
45	88	1
45	89	1
45	90	1
45	91	1
45	92	1
45	93	1
45	94	1
45	95	1
45	96	1
45	97	1
45	98	1
45	99	1
45	100	1
45	101	1
45	102	1
45	103	1
45	104	1
45	105	1
45	106	1
45	107	1
45	108	1
45	109	1
45	110	1
45	111	1
45	112	1
45	113	1
45	114	1
45	115	1
45	116	1
45	117	1
45	118	1
45	119	1
45	120	1
45	121	1
45	122	1
45	123	1
45	124	1
45	125	1
45	126	1
45	127	1
45	128	1
46	79	1
46	80	1
46	81	1
46	82	1
46	83	1
46	84	1
46	85	1
46	86	1
46	87	1
46	88	1
46	89	1
46	90	1
46	91	1
46	92	1
46	93	1
46	94	1
46	95	1
46	96	1
46	97	1
46	98	1
46	99	1
46	100	1
46	101	1
46	102	1
46	103	1
46	104	1
46	105	1
46	106	1
46	107	1
46	108	1
46	109	1
46	110	1
46	111	1
46	112	1
46	113	1
46	114	1
46	115	1
46	116	1
46	117	1
46	118	1
46	119	1
46	120	1
46	121	1
46	122	1
46	123	1
46	124	1
46	125	1
46	126	1
46	127	1
46	128	1
46	129	1
47	79	1
47	80	1
47	81	1
47	82	1
47	83	1
47	84	1
47	85	1
47	86	1
47	87	1
47	88	1
47	89	1
47	90	1
47	91	1
47	92	1
47	93	1
47	94	1
47	95	1
47	96	1
47	97	1
47	98	1
47	99	1
47	100	1
47	101	1
47	102	1
47	103	1
47	104	1
47	105	1
47	106	1
47	107	1
47	108	1
47	109	1
47	110	1
47	111	1
47	112	1
47	113	1
47	114	1
47	115	1
47	116	1
47	117	1
47	118	1
47	119	1
47	120	1
47	121	1
47	122	1
47	123	1
47	124	1
47	125	1
47	126	1
47	127	1
47	128	1
47	129	1
48	78	1
48	79	1
48	80	1
48	81	1
48	82	1
48	83	1
48	84	1
48	85	1
48	86	1
48	87	1
48	88	1
48	89	1
48	90	1
48	91	1
48	92	1
48	93	1
48	94	1
48	95	1
48	96	1
48	97	1
48	98	1
48	99	1
48	100	1
48	101	1
48	102	1
48	103	1
48	104	1
48	105	1
48	106	1
48	107	1
48	108	1
48	109	1
48	110	1
48	111	1
48	112	1
48	113	1
48	114	1
48	115	1
48	116	1
48	117	1
48	118	1
48	119	1
48	120	1
48	121	1
48	122	1
48	123	1
48	124	1
48	125	1
48	126	1
48	127	1
48	128	1
48	129	1
48	130	1
49	77	1
49	78	1
49	79	1
49	80	1
49	81	1
49	82	1
49	83	1
49	84	1
49	85	1
49	86	1
49	87	1
49	88	1
49	89	1
49	90	1
49	91	1
49	92	1
49	93	1
49	94	1
49	95	1
49	96	1
49	97	1
49	98	1
49	99	1
49	100	1
49	101	1
49	102	1
49	103	1
49	104	1
49	105	1
49	106	1
49	107	1
49	108	1
49	109	1
49	110	1
49	111	1
49	112	1
49	113	1
49	114	1
49	115	1
49	116	1
49	117	1
49	118	1
49	119	1
49	120	1
49	121	1
49	122	1
49	123	1
49	124	1
49	125	1
49	126	1
49	127	1
49	128	1
49	129	1
49	130	1
49	131	1
50	77	1
50	78	1
50	79	1
50	80	1
50	81	1
50	82	1
50	83	1
50	84	1
50	85	1
50	86	1
50	87	1
50	88	1
50	89	1
50	90	1
50	91	1
50	92	1
50	93	1
50	94	1
50	95	1
50	96	1
50	97	1
50	98	1
50	99	1
50	100	1
50	101	1
50	102	1
50	103	1
50	104	1
50	105	1
50	106	1
50	107	1
50	108	1
50	109	1
50	110	1
50	111	1
50	112	1
50	113	1
50	114	1
50	115	1
50	116	1
50	117	1
50	118	1
50	119	1
50	120	1
50	121	1
50	122	1
50	123	1
50	124	1
50	125	1
50	126	1
50	127	1
50	128	1
50	129	1
50	130	1
50	131	1
51	77	1
51	78	1
51	79	1
51	80	1
51	81	1
51	82	1
51	83	1
51	84	1
51	85	1
51	86	1
51	87	1
51	88	1
51	89	1
51	90	1
51	91	1
51	92	1
51	93	1
51	94	1
51	95	1
51	96	1
51	97	1
51	98	1
51	99	1
51	100	1
51	101	1
51	102	1
51	103	1
51	104	1
51	105	1
51	106	1
51	107	1
51	108	1
51	109	1
51	110	1
51	111	1
51	112	1
51	113	1
51	114	1
51	115	1
51	116	1
51	117	1
51	118	1
51	119	1
51	120	1
51	121	1
51	122	1
51	123	1
51	124	1
51	125	1
51	126	1
51	127	1
51	128	1
51	129	1
51	130	1
51	131	1
52	76	1
52	77	1
52	78	1
52	79	1
52	80	1
52	81	1
52	82	1
52	83	1
52	84	1
52	85	1
52	86	1
52	87	1
52	88	1
52	89	1
52	90	1
52	91	1
52	92	1
52	93	1
52	94	1
52	95	1
52	96	1
52	97	1
52	98	1
52	99	1
52	100	1
52	101	1
52	102	1
52	103	1
52	104	1
52	105	1
52	106	1
52	107	1
52	108	1
52	109	1
52	110	1
52	111	1
52	112	1
52	113	1
52	114	1
52	115	1
52	116	1
52	117	1
52	118	1
52	119	1
52	120	1
52	121	1
52	122	1
52	123	1
52	124	1
52	125	1
52	126	1
52	127	1
52	128	1
52	129	1
52	130	1
52	131	1
52	132	1
53	76	1
53	77	1
53	78	1
53	79	1
53	80	1
53	81	1
53	82	1
53	83	1
53	84	1
53	85	1
53	86	1
53	87	1
53	88	1
53	89	1
53	90	1
53	91	1
53	92	1
53	93	1
53	94	1
53	95	1
53	96	1
53	97	1
53	98	1
53	99	1
53	100	1
53	101	1
53	102	1
53	103	1
53	104	1
53	105	1
53	106	1
53	107	1
53	108	1
53	109	1
53	110	1
53	111	1
53	112	1
53	113	1
53	114	1
53	115	1
53	116	1
53	117	1
53	118	1
53	119	1
53	120	1
53	121	1
53	122	1
53	123	1
53	124	1
53	125	1
53	126	1
53	127	1
53	128	1
53	129	1
53	130	1
53	131	1
53	132	1
54	76	1
54	77	1
54	78	1
54	79	1
54	80	1
54	81	1
54	82	1
54	83	1
54	84	1
54	85	1
54	86	1
54	87	1
54	88	1
54	89	1
54	90	1
54	91	1
54	92	1
54	93	1
54	94	1
54	95	1
54	96	1
54	97	1
54	98	1
54	99	1
54	100	1
54	101	1
54	102	1
54	103	1
54	104	1
54	105	1
54	106	1
54	107	1
54	108	1
54	109	1
54	110	1
54	111	1
54	112	1
54	113	1
54	114	1
54	115	1
54	116	1
54	117	1
54	118	1
54	119	1
54	120	1
54	121	1
54	122	1
54	123	1
54	124	1
54	125	1
54	126	1
54	127	1
54	128	1
54	129	1
54	130	1
54	131	1
54	132	1
55	75	1
55	76	1
55	77	1
55	78	1
55	79	1
55	80	1
55	81	1
55	82	1
55	83	1
55	84	1
55	85	1
55	86	1
55	87	1
55	88	1
55	89	1
55	90	1
55	91	1
55	92	1
55	93	1
55	94	1
55	95	1
55	96	1
55	97	1
55	98	1
55	99	1
55	100	1
55	101	1
55	102	1
55	103	1
55	104	1
55	105	1
55	106	1
55	107	1
55	108	1
55	109	1
55	110	1
55	111	1
55	112	1
55	113	1
55	114	1
55	115	1
55	116	1
55	117	1
55	118	1
55	119	1
55	120	1
55	121	1
55	122	1
55	123	1
55	124	1
55	125	1
55	126	1
55	127	1
55	128	1
55	129	1
55	130	1
55	131	1
55	132	1
55	133	1
56	75	1
56	76	1
56	77	1
56	78	1
56	79	1
56	80	1
56	81	1
56	82	1
56	83	1
56	84	1
56	85	1
56	86	1
56	87	1
56	88	1
56	89	1
56	90	1
56	91	1
56	92	1
56	93	1
56	94	1
56	95	1
56	96	1
56	97	1
56	98	1
56	99	1
56	100	1
56	101	1
56	102	1
56	103	1
56	104	1
56	105	1
56	106	1
56	107	1
56	108	1
56	109	1
56	110	1
56	111	1
56	112	1
56	113	1
56	114	1
56	115	1
56	116	1
56	117	1
56	118	1
56	119	1
56	120	1
56	121	1
56	122	1
56	123	1
56	124	1
56	125	1
56	126	1
56	127	1
56	128	1
56	129	1
56	130	1
56	131	1
56	132	1
56	133	1
57	75	1
57	76	1
57	77	1
57	78	1
57	79	1
57	80	1
57	81	1
57	82	1
57	83	1
57	84	1
57	85	1
57	86	1
57	87	1
57	88	1
57	89	1
57	90	1
57	91	1
57	92	1
57	93	1
57	94	1
57	95	1
57	96	1
57	97	1
57	98	1
57	99	1
57	100	1
57	101	1
57	102	1
57	103	1
57	104	1
57	105	1
57	106	1
57	107	1
57	108	1
57	109	1
57	110	1
57	111	1
57	112	1
57	113	1
57	114	1
57	115	1
57	116	1
57	117	1
57	118	1
57	119	1
57	120	1
57	121	1
57	122	1
57	123	1
57	124	1
57	125	1
57	126	1
57	127	1
57	128	1
57	129	1
57	130	1
57	131	1
57	132	1
57	133	1
58	75	1
58	76	1
58	77	1
58	78	1
58	79	1
58	80	1
58	81	1
58	82	1
58	83	1
58	84	1
58	85	1
58	86	1
58	87	1
58	88	1
58	89	1
58	90	1
58	91	1
58	92	1
58	93	1
58	94	1
58	95	1
58	96	1
58	97	1
58	98	1
58	99	1
58	100	1
58	101	1
58	102	1
58	103	1
58	104	1
58	105	1
58	106	1
58	107	1
58	108	1
58	109	1
58	110	1
58	111	1
58	112	1
58	113	1
58	114	1
58	115	1
58	116	1
58	117	1
58	118	1
58	119	1
58	120	1
58	121	1
58	122	1
58	123	1
58	124	1
58	125	1
58	126	1
58	127	1
58	128	1
58	129	1
58	130	1
58	131	1
58	132	1
58	133	1
59	75	1
59	76	1
59	77	1
59	78	1
59	79	1
59	80	1
59	81	1
59	82	1
59	83	1
59	84	1
59	85	1
59	86	1
59	87	1
59	88	1
59	89	1
59	90	1
59	91	1
59	92	1
59	93	1
59	94	1
59	95	1
59	96	1
59	97	1
59	98	1
59	99	1
59	100	1
59	101	1
59	102	1
59	103	1
59	104	1
59	105	1
59	106	1
59	107	1
59	108	1
59	109	1
59	110	1
59	111	1
59	112	1
59	113	1
59	114	1
59	115	1
59	116	1
59	117	1
59	118	1
59	119	1
59	120	1
59	121	1
59	122	1
59	123	1
59	124	1
59	125	1
59	126	1
59	127	1
59	128	1
59	129	1
59	130	1
59	131	1
59	132	1
59	133	1
60	75	1
60	76	1
60	77	1
60	78	1
60	79	1
60	80	1
60	81	1
60	82	1
60	83	1
60	84	1
60	85	1
60	86	1
60	87	1
60	88	1
60	89	1
60	90	1
60	91	1
60	92	1
60	93	1
60	94	1
60	95	1
60	96	1
60	97	1
60	98	1
60	99	1
60	100	1
60	101	1
60	102	1
60	103	1
60	104	1
60	105	1
60	106	1
60	107	1
60	108	1
60	109	1
60	110	1
60	111	1
60	112	1
60	113	1
60	114	1
60	115	1
60	116	1
60	117	1
60	118	1
60	119	1
60	120	1
60	121	1
60	122	1
60	123	1
60	124	1
60	125	1
60	126	1
60	127	1
60	128	1
60	129	1
60	130	1
60	131	1
60	132	1
60	133	1
61	75	1
61	76	1
61	77	1
61	78	1
61	79	1
61	80	1
61	81	1
61	82	1
61	83	1
61	84	1
61	85	1
61	86	1
61	87	1
61	88	1
61	89	1
61	90	1
61	91	1
61	92	1
61	93	1
61	94	1
61	95	1
61	96	1
61	97	1
61	98	1
61	99	1
61	100	1
61	101	1
61	102	1
61	103	1
61	104	1
61	105	1
61	106	1
61	107	1
61	108	1
61	109	1
61	110	1
61	111	1
61	112	1
61	113	1
61	114	1
61	115	1
61	116	1
61	117	1
61	118	1
61	119	1
61	120	1
61	121	1
61	122	1
61	123	1
61	124	1
61	125	1
61	126	1
61	127	1
61	128	1
61	129	1
61	130	1
61	131	1
61	132	1
61	133	1
62	74	1
62	75	1
62	76	1
62	77	1
62	78	1
62	79	1
62	80	1
62	81	1
62	82	1
62	83	1
62	84	1
62	85	1
62	86	1
62	87	1
62	88	1
62	89	1
62	90	1
62	91	1
62	92	1
62	93	1
62	94	1
62	95	1
62	96	1
62	97	1
62	98	1
62	99	1
62	100	1
62	101	1
62	102	1
62	103	1
62	104	1
62	105	1
62	106	1
62	107	1
62	108	1
62	109	1
62	110	1
62	111	1
62	112	1
62	113	1
62	114	1
62	115	1
62	116	1
62	117	1
62	118	1
62	119	1
62	120	1
62	121	1
62	122	1
62	123	1
62	124	1
62	125	1
62	126	1
62	127	1
62	128	1
62	129	1
62	130	1
62	131	1
62	132	1
62	133	1
62	134	1
63	75	1
63	76	1
63	77	1
63	78	1
63	79	1
63	80	1
63	81	1
63	82	1
63	83	1
63	84	1
63	85	1
63	86	1
63	87	1
63	88	1
63	89	1
63	90	1
63	91	1
63	92	1
63	93	1
63	94	1
63	95	1
63	96	1
63	97	1
63	98	1
63	99	1
63	100	1
63	101	1
63	102	1
63	103	1
63	104	1
63	105	1
63	106	1
63	107	1
63	108	1
63	109	1
63	110	1
63	111	1
63	112	1
63	113	1
63	114	1
63	115	1
63	116	1
63	117	1
63	118	1
63	119	1
63	120	1
63	121	1
63	122	1
63	123	1
63	124	1
63	125	1
63	126	1
63	127	1
63	128	1
63	129	1
63	130	1
63	131	1
63	132	1
63	133	1
64	75	1
64	76	1
64	77	1
64	78	1
64	79	1
64	80	1
64	81	1
64	82	1
64	83	1
64	84	1
64	85	1
64	86	1
64	87	1
64	88	1
64	89	1
64	90	1
64	91	1
64	92	1
64	93	1
64	94	1
64	95	1
64	96	1
64	97	1
64	98	1
64	99	1
64	100	1
64	101	1
64	102	1
64	103	1
64	104	1
64	105	1
64	106	1
64	107	1
64	108	1
64	109	1
64	110	1
64	111	1
64	112	1
64	113	1
64	114	1
64	115	1
64	116	1
64	117	1
64	118	1
64	119	1
64	120	1
64	121	1
64	122	1
64	123	1
64	124	1
64	125	1
64	126	1
64	127	1
64	128	1
64	129	1
64	130	1
64	131	1
64	132	1
64	133	1
65	75	1
65	76	1
65	77	1
65	78	1
65	79	1
65	80	1
65	81	1
65	82	1
65	83	1
65	84	1
65	85	1
65	86	1
65	87	1
65	88	1
65	89	1
65	90	1
65	91	1
65	92	1
65	93	1
65	94	1
65	95	1
65	96	1
65	97	1
65	98	1
65	99	1
65	100	1
65	101	1
65	102	1
65	103	1
65	104	1
65	105	1
65	106	1
65	107	1
65	108	1
65	109	1
65	110	1
65	111	1
65	112	1
65	113	1
65	114	1
65	115	1
65	116	1
65	117	1
65	118	1
65	119	1
65	120	1
65	121	1
65	122	1
65	123	1
65	124	1
65	125	1
65	126	1
65	127	1
65	128	1
65	129	1
65	130	1
65	131	1
65	132	1
65	133	1
66	75	1
66	76	1
66	77	1
66	78	1
66	79	1
66	80	1
66	81	1
66	82	1
66	83	1
66	84	1
66	85	1
66	86	1
66	87	1
66	88	1
66	89	1
66	90	1
66	91	1
66	92	1
66	93	1
66	94	1
66	95	1
66	96	1
66	97	1
66	98	1
66	99	1
66	100	1
66	101	1
66	102	1
66	103	1
66	104	1
66	105	1
66	106	1
66	107	1
66	108	1
66	109	1
66	110	1
66	111	1
66	112	1
66	113	1
66	114	1
66	115	1
66	116	1
66	117	1
66	118	1
66	119	1
66	120	1
66	121	1
66	122	1
66	123	1
66	124	1
66	125	1
66	126	1
66	127	1
66	128	1
66	129	1
66	130	1
66	131	1
66	132	1
66	133	1
67	75	1
67	76	1
67	77	1
67	78	1
67	79	1
67	80	1
67	81	1
67	82	1
67	83	1
67	84	1
67	85	1
67	86	1
67	87	1
67	88	1
67	89	1
67	90	1
67	91	1
67	92	1
67	93	1
67	94	1
67	95	1
67	96	1
67	97	1
67	98	1
67	99	1
67	100	1
67	101	1
67	102	1
67	103	1
67	104	1
67	105	1
67	106	1
67	107	1
67	108	1
67	109	1
67	110	1
67	111	1
67	112	1
67	113	1
67	114	1
67	115	1
67	116	1
67	117	1
67	118	1
67	119	1
67	120	1
67	121	1
67	122	1
67	123	1
67	124	1
67	125	1
67	126	1
67	127	1
67	128	1
67	129	1
67	130	1
67	131	1
67	132	1
67	133	1
68	75	1
68	76	1
68	77	1
68	78	1
68	79	1
68	80	1
68	81	1
68	82	1
68	83	1
68	84	1
68	85	1
68	86	1
68	87	1
68	88	1
68	89	1
68	90	1
68	91	1
68	92	1
68	93	1
68	94	1
68	95	1
68	96	1
68	97	1
68	98	1
68	99	1
68	100	1
68	101	1
68	102	1
68	103	1
68	104	1
68	105	1
68	106	1
68	107	1
68	108	1
68	109	1
68	110	1
68	111	1
68	112	1
68	113	1
68	114	1
68	115	1
68	116	1
68	117	1
68	118	1
68	119	1
68	120	1
68	121	1
68	122	1
68	123	1
68	124	1
68	125	1
68	126	1
68	127	1
68	128	1
68	129	1
68	130	1
68	131	1
68	132	1
68	133	1
69	75	1
69	76	1
69	77	1
69	78	1
69	79	1
69	80	1
69	81	1
69	82	1
69	83	1
69	84	1
69	85	1
69	86	1
69	87	1
69	88	1
69	89	1
69	90	1
69	91	1
69	92	1
69	93	1
69	94	1
69	95	1
69	96	1
69	97	1
69	98	1
69	99	1
69	100	1
69	101	1
69	102	1
69	103	1
69	104	1
69	105	1
69	106	1
69	107	1
69	108	1
69	109	1
69	110	1
69	111	1
69	112	1
69	113	1
69	114	1
69	115	1
69	116	1
69	117	1
69	118	1
69	119	1
69	120	1
69	121	1
69	122	1
69	123	1
69	124	1
69	125	1
69	126	1
69	127	1
69	128	1
69	129	1
69	130	1
69	131	1
69	132	1
69	133	1
70	76	1
70	77	1
70	78	1
70	79	1
70	80	1
70	81	1
70	82	1
70	83	1
70	84	1
70	85	1
70	86	1
70	87	1
70	88	1
70	89	1
70	90	1
70	91	1
70	92	1
70	93	1
70	94	1
70	95	1
70	96	1
70	97	1
70	98	1
70	99	1
70	100	1
70	101	1
70	102	1
70	103	1
70	104	1
70	105	1
70	106	1
70	107	1
70	108	1
70	109	1
70	110	1
70	111	1
70	112	1
70	113	1
70	114	1
70	115	1
70	116	1
70	117	1
70	118	1
70	119	1
70	120	1
70	121	1
70	122	1
70	123	1
70	124	1
70	125	1
70	126	1
70	127	1
70	128	1
70	129	1
70	130	1
70	131	1
70	132	1
71	76	1
71	77	1
71	78	1
71	79	1
71	80	1
71	81	1
71	82	1
71	83	1
71	84	1
71	85	1
71	86	1
71	87	1
71	88	1
71	89	1
71	90	1
71	91	1
71	92	1
71	93	1
71	94	1
71	95	1
71	96	1
71	97	1
71	98	1
71	99	1
71	100	1
71	101	1
71	102	1
71	103	1
71	104	1
71	105	1
71	106	1
71	107	1
71	108	1
71	109	1
71	110	1
71	111	1
71	112	1
71	113	1
71	114	1
71	115	1
71	116	1
71	117	1
71	118	1
71	119	1
71	120	1
71	121	1
71	122	1
71	123	1
71	124	1
71	125	1
71	126	1
71	127	1
71	128	1
71	129	1
71	130	1
71	131	1
71	132	1
72	76	1
72	77	1
72	78	1
72	79	1
72	80	1
72	81	1
72	82	1
72	83	1
72	84	1
72	85	1
72	86	1
72	87	1
72	88	1
72	89	1
72	90	1
72	91	1
72	92	1
72	93	1
72	94	1
72	95	1
72	96	1
72	97	1
72	98	1
72	99	1
72	100	1
72	101	1
72	102	1
72	103	1
72	104	1
72	105	1
72	106	1
72	107	1
72	108	1
72	109	1
72	110	1
72	111	1
72	112	1
72	113	1
72	114	1
72	115	1
72	116	1
72	117	1
72	118	1
72	119	1
72	120	1
72	121	1
72	122	1
72	123	1
72	124	1
72	125	1
72	126	1
72	127	1
72	128	1
72	129	1
72	130	1
72	131	1
72	132	1
73	77	1
73	78	1
73	79	1
73	80	1
73	81	1
73	82	1
73	83	1
73	84	1
73	85	1
73	86	1
73	87	1
73	88	1
73	89	1
73	90	1
73	91	1
73	92	1
73	93	1
73	94	1
73	95	1
73	96	1
73	97	1
73	98	1
73	99	1
73	100	1
73	101	1
73	102	1
73	103	1
73	104	1
73	105	1
73	106	1
73	107	1
73	108	1
73	109	1
73	110	1
73	111	1
73	112	1
73	113	1
73	114	1
73	115	1
73	116	1
73	117	1
73	118	1
73	119	1
73	120	1
73	121	1
73	122	1
73	123	1
73	124	1
73	125	1
73	126	1
73	127	1
73	128	1
73	129	1
73	130	1
73	131	1
74	77	1
74	78	1
74	79	1
74	80	1
74	81	1
74	82	1
74	83	1
74	84	1
74	85	1
74	86	1
74	87	1
74	88	1
74	89	1
74	90	1
74	91	1
74	92	1
74	93	1
74	94	1
74	95	1
74	96	1
74	97	1
74	98	1
74	99	1
74	100	1
74	101	1
74	102	1
74	103	1
74	104	1
74	105	1
74	106	1
74	107	1
74	108	1
74	109	1
74	110	1
74	111	1
74	112	1
74	113	1
74	114	1
74	115	1
74	116	1
74	117	1
74	118	1
74	119	1
74	120	1
74	121	1
74	122	1
74	123	1
74	124	1
74	125	1
74	126	1
74	127	1
74	128	1
74	129	1
74	130	1
74	131	1
75	77	1
75	78	1
75	79	1
75	80	1
75	81	1
75	82	1
75	83	1
75	84	1
75	85	1
75	86	1
75	87	1
75	88	1
75	89	1
75	90	1
75	91	1
75	92	1
75	93	1
75	94	1
75	95	1
75	96	1
75	97	1
75	98	1
75	99	1
75	100	1
75	101	1
75	102	1
75	103	1
75	104	1
75	105	1
75	106	1
75	107	1
75	108	1
75	109	1
75	110	1
75	111	1
75	112	1
75	113	1
75	114	1
75	115	1
75	116	1
75	117	1
75	118	1
75	119	1
75	120	1
75	121	1
75	122	1
75	123	1
75	124	1
75	125	1
75	126	1
75	127	1
75	128	1
75	129	1
75	130	1
75	131	1
76	78	1
76	79	1
76	80	1
76	81	1
76	82	1
76	83	1
76	84	1
76	85	1
76	86	1
76	87	1
76	88	1
76	89	1
76	90	1
76	91	1
76	92	1
76	93	1
76	94	1
76	95	1
76	96	1
76	97	1
76	98	1
76	99	1
76	100	1
76	101	1
76	102	1
76	103	1
76	104	1
76	105	1
76	106	1
76	107	1
76	108	1
76	109	1
76	110	1
76	111	1
76	112	1
76	113	1
76	114	1
76	115	1
76	116	1
76	117	1
76	118	1
76	119	1
76	120	1
76	121	1
76	122	1
76	123	1
76	124	1
76	125	1
76	126	1
76	127	1
76	128	1
76	129	1
76	130	1
77	79	1
77	80	1
77	81	1
77	82	1
77	83	1
77	84	1
77	85	1
77	86	1
77	87	1
77	88	1
77	89	1
77	90	1
77	91	1
77	92	1
77	93	1
77	94	1
77	95	1
77	96	1
77	97	1
77	98	1
77	99	1
77	100	1
77	101	1
77	102	1
77	103	1
77	104	1
77	105	1
77	106	1
77	107	1
77	108	1
77	109	1
77	110	1
77	111	1
77	112	1
77	113	1
77	114	1
77	115	1
77	116	1
77	117	1
77	118	1
77	119	1
77	120	1
77	121	1
77	122	1
77	123	1
77	124	1
77	125	1
77	126	1
77	127	1
77	128	1
77	129	1
78	79	1
78	80	1
78	81	1
78	82	1
78	83	1
78	84	1
78	85	1
78	86	1
78	87	1
78	88	1
78	89	1
78	90	1
78	91	1
78	92	1
78	93	1
78	94	1
78	95	1
78	96	1
78	97	1
78	98	1
78	99	1
78	100	1
78	101	1
78	102	1
78	103	1
78	104	1
78	105	1
78	106	1
78	107	1
78	108	1
78	109	1
78	110	1
78	111	1
78	112	1
78	113	1
78	114	1
78	115	1
78	116	1
78	117	1
78	118	1
78	119	1
78	120	1
78	121	1
78	122	1
78	123	1
78	124	1
78	125	1
78	126	1
78	127	1
78	128	1
78	129	1
79	80	1
79	81	1
79	82	1
79	83	1
79	84	1
79	85	1
79	86	1
79	87	1
79	88	1
79	89	1
79	90	1
79	91	1
79	92	1
79	93	1
79	94	1
79	95	1
79	96	1
79	97	1
79	98	1
79	99	1
79	100	1
79	101	1
79	102	1
79	103	1
79	104	1
79	105	1
79	106	1
79	107	1
79	108	1
79	109	1
79	110	1
79	111	1
79	112	1
79	113	1
79	114	1
79	115	1
79	116	1
79	117	1
79	118	1
79	119	1
79	120	1
79	121	1
79	122	1
79	123	1
79	124	1
79	125	1
79	126	1
79	127	1
79	128	1
80	80	1
80	81	1
80	82	1
80	83	1
80	84	1
80	85	1
80	86	1
80	87	1
80	88	1
80	89	1
80	90	1
80	91	1
80	92	1
80	93	1
80	94	1
80	95	1
80	96	1
80	97	1
80	98	1
80	99	1
80	100	1
80	101	1
80	102	1
80	103	1
80	104	1
80	105	1
80	106	1
80	107	1
80	108	1
80	109	1
80	110	1
80	111	1
80	112	1
80	113	1
80	114	1
80	115	1
80	116	1
80	117	1
80	118	1
80	119	1
80	120	1
80	121	1
80	122	1
80	123	1
80	124	1
80	125	1
80	126	1
80	127	1
80	128	1
81	81	1
81	82	1
81	83	1
81	84	1
81	85	1
81	86	1
81	87	1
81	88	1
81	89	1
81	90	1
81	91	1
81	92	1
81	93	1
81	94	1
81	95	1
81	96	1
81	97	1
81	98	1
81	99	1
81	100	1
81	101	1
81	102	1
81	103	1
81	104	1
81	105	1
81	106	1
81	107	1
81	108	1
81	109	1
81	110	1
81	111	1
81	112	1
81	113	1
81	114	1
81	115	1
81	116	1
81	117	1
81	118	1
81	119	1
81	120	1
81	121	1
81	122	1
81	123	1
81	124	1
81	125	1
81	126	1
81	127	1
82	82	1
82	83	1
82	84	1
82	85	1
82	86	1
82	87	1
82	88	1
82	89	1
82	90	1
82	91	1
82	92	1
82	93	1
82	94	1
82	95	1
82	96	1
82	97	1
82	98	1
82	99	1
82	100	1
82	101	1
82	102	1
82	103	1
82	104	1
82	105	1
82	106	1
82	107	1
82	108	1
82	109	1
82	110	1
82	111	1
82	112	1
82	113	1
82	114	1
82	115	1
82	116	1
82	117	1
82	118	1
82	119	1
82	120	1
82	121	1
82	122	1
82	123	1
82	124	1
82	125	1
82	126	1
83	83	1
83	84	1
83	85	1
83	86	1
83	87	1
83	88	1
83	89	1
83	90	1
83	91	1
83	92	1
83	93	1
83	94	1
83	95	1
83	96	1
83	97	1
83	98	1
83	99	1
83	100	1
83	101	1
83	102	1
83	103	1
83	104	1
83	105	1
83	106	1
83	107	1
83	108	1
83	109	1
83	110	1
83	111	1
83	112	1
83	113	1
83	114	1
83	115	1
83	116	1
83	117	1
83	118	1
83	119	1
83	120	1
83	121	1
83	122	1
83	123	1
83	124	1
83	125	1
84	84	1
84	85	1
84	86	1
84	87	1
84	88	1
84	89	1
84	90	1
84	91	1
84	92	1
84	93	1
84	94	1
84	95	1
84	96	1
84	97	1
84	98	1
84	99	1
84	100	1
84	101	1
84	102	1
84	103	1
84	104	1
84	105	1
84	106	1
84	107	1
84	108	1
84	109	1
84	110	1
84	111	1
84	112	1
84	113	1
84	114	1
84	115	1
84	116	1
84	117	1
84	118	1
84	119	1
84	120	1
84	121	1
84	122	1
84	123	1
84	124	1
85	85	1
85	86	1
85	87	1
85	88	1
85	89	1
85	90	1
85	91	1
85	92	1
85	93	1
85	94	1
85	95	1
85	96	1
85	97	1
85	98	1
85	99	1
85	100	1
85	101	1
85	102	1
85	103	1
85	104	1
85	105	1
85	106	1
85	107	1
85	108	1
85	109	1
85	110	1
85	111	1
85	112	1
85	113	1
85	114	1
85	115	1
85	116	1
85	117	1
85	118	1
85	119	1
85	120	1
85	121	1
85	122	1
85	123	1
86	86	1
86	87	1
86	88	1
86	89	1
86	90	1
86	91	1
86	92	1
86	93	1
86	94	1
86	95	1
86	96	1
86	97	1
86	98	1
86	99	1
86	100	1
86	101	1
86	102	1
86	103	1
86	104	1
86	105	1
86	106	1
86	107	1
86	108	1
86	109	1
86	110	1
86	111	1
86	112	1
86	113	1
86	114	1
86	115	1
86	116	1
86	117	1
86	118	1
86	119	1
86	120	1
86	121	1
86	122	1
87	88	1
87	89	1
87	90	1
87	91	1
87	92	1
87	93	1
87	94	1
87	95	1
87	96	1
87	97	1
87	98	1
87	99	1
87	100	1
87	101	1
87	102	1
87	103	1
87	104	1
87	105	1
87	106	1
87	107	1
87	108	1
87	109	1
87	110	1
87	111	1
87	112	1
87	113	1
87	114	1
87	115	1
87	116	1
87	117	1
87	118	1
87	119	1
87	120	1
88	90	1
88	91	1
88	92	1
88	93	1
88	94	1
88	95	1
88	96	1
88	97	1
88	98	1
88	99	1
88	100	1
88	101	1
88	102	1
88	103	1
88	104	1
88	105	1
88	106	1
88	107	1
88	108	1
88	109	1
88	110	1
88	111	1
88	112	1
88	113	1
88	114	1
88	115	1
88	116	1
88	117	1
88	118	1
89	91	1
89	92	1
89	93	1
89	94	1
89	95	1
89	96	1
89	97	1
89	98	1
89	99	1
89	100	1
89	101	1
89	102	1
89	103	1
89	104	1
89	105	1
89	106	1
89	107	1
89	108	1
89	109	1
89	110	1
89	111	1
89	112	1
89	113	1
89	114	1
89	115	1
89	116	1
89	117	1
90	94	1
90	95	1
90	96	1
90	97	1
90	98	1
90	99	1
90	100	1
90	101	1
90	102	1
90	103	1
90	104	1
90	105	1
90	106	1
90	107	1
90	108	1
90	109	1
90	110	1
90	111	1
90	112	1
90	113	1
90	114	1
91	97	1
91	98	1
91	99	1
91	100	1
91	101	1
91	102	1
91	103	1
91	104	1
91	105	1
91	106	1
91	107	1
91	108	1
91	109	1
91	110	1
91	111	1
92	104	1
45	36	1
46	29	1
46	30	1
46	31	1
46	32	1
46	33	1
46	34	1
46	35	1
46	36	1
46	37	1
46	38	1
46	39	1
46	40	1
46	41	1
46	42	1
46	43	1
47	26	1
47	27	1
47	28	1
47	29	1
47	30	1
47	31	1
47	32	1
47	33	1
47	34	1
47	35	1
47	36	1
47	37	1
47	38	1
47	39	1
47	40	1
47	41	1
47	42	1
47	43	1
47	44	1
47	45	1
47	46	1
48	23	1
48	24	1
48	25	1
48	26	1
48	27	1
48	28	1
48	29	1
48	30	1
48	31	1
48	32	1
48	33	1
48	34	1
48	35	1
48	36	1
48	37	1
48	38	1
48	39	1
48	40	1
48	41	1
48	42	1
48	43	1
48	44	1
48	45	1
48	46	1
48	47	1
48	48	1
48	49	1
49	22	1
49	23	1
49	24	1
49	25	1
49	26	1
49	27	1
49	28	1
49	29	1
49	30	1
49	31	1
49	32	1
49	33	1
49	34	1
49	35	1
49	36	1
49	37	1
49	38	1
49	39	1
49	40	1
49	41	1
49	42	1
49	43	1
49	44	1
49	45	1
49	46	1
49	47	1
49	48	1
49	49	1
49	50	1
50	20	1
50	21	1
50	22	1
50	23	1
50	24	1
50	25	1
50	26	1
50	27	1
50	28	1
50	29	1
50	30	1
50	31	1
50	32	1
50	33	1
50	34	1
50	35	1
50	36	1
50	37	1
50	38	1
50	39	1
50	40	1
50	41	1
50	42	1
50	43	1
50	44	1
50	45	1
50	46	1
50	47	1
50	48	1
50	49	1
50	50	1
50	51	1
50	52	1
51	18	1
51	19	1
51	20	1
51	21	1
51	22	1
51	23	1
51	24	1
51	25	1
51	26	1
51	27	1
51	28	1
51	29	1
51	30	1
51	31	1
51	32	1
51	33	1
51	34	1
51	35	1
51	36	1
51	37	1
51	38	1
51	39	1
51	40	1
51	41	1
51	42	1
51	43	1
51	44	1
51	45	1
51	46	1
51	47	1
51	48	1
51	49	1
51	50	1
51	51	1
51	52	1
51	53	1
51	54	1
52	17	1
52	18	1
52	19	1
52	20	1
52	21	1
52	22	1
52	23	1
52	24	1
52	25	1
52	26	1
52	27	1
52	28	1
52	29	1
52	30	1
52	31	1
52	32	1
52	33	1
52	34	1
52	35	1
52	36	1
52	37	1
52	38	1
52	39	1
52	40	1
52	41	1
52	42	1
52	43	1
52	44	1
52	45	1
52	46	1
52	47	1
52	48	1
52	49	1
52	50	1
52	51	1
52	52	1
52	53	1
52	54	1
52	55	1
53	16	1
53	17	1
53	18	1
53	19	1
53	20	1
53	21	1
53	22	1
53	23	1
53	24	1
53	25	1
53	26	1
53	27	1
53	28	1
53	29	1
53	30	1
53	31	1
53	32	1
53	33	1
53	34	1
53	35	1
53	36	1
53	37	1
53	38	1
53	39	1
53	40	1
53	41	1
53	42	1
53	43	1
53	44	1
53	45	1
53	46	1
53	47	1
53	48	1
53	49	1
53	50	1
53	51	1
53	52	1
53	53	1
53	54	1
53	55	1
53	56	1
54	15	1
54	16	1
54	17	1
54	18	1
54	19	1
54	20	1
54	21	1
54	22	1
54	23	1
54	24	1
54	25	1
54	26	1
54	27	1
54	28	1
54	29	1
54	30	1
54	31	1
54	32	1
54	33	1
54	34	1
54	35	1
54	36	1
54	37	1
54	38	1
54	39	1
54	40	1
54	41	1
54	42	1
54	43	1
54	44	1
54	45	1
54	46	1
54	47	1
54	48	1
54	49	1
54	50	1
54	51	1
54	52	1
54	53	1
54	54	1
54	55	1
54	56	1
54	57	1
55	14	1
55	15	1
55	16	1
55	17	1
55	18	1
55	19	1
55	20	1
55	21	1
55	22	1
55	23	1
55	24	1
55	25	1
55	26	1
55	27	1
55	28	1
55	29	1
55	30	1
55	31	1
55	32	1
55	33	1
55	34	1
55	35	1
55	36	1
55	37	1
55	38	1
55	39	1
55	40	1
55	41	1
55	42	1
55	43	1
55	44	1
55	45	1
55	46	1
55	47	1
55	48	1
55	49	1
55	50	1
55	51	1
55	52	1
55	53	1
55	54	1
55	55	1
55	56	1
55	57	1
55	58	1
56	13	1
56	14	1
56	15	1
56	16	1
56	17	1
56	18	1
56	19	1
56	20	1
56	21	1
56	22	1
56	23	1
56	24	1
56	25	1
56	26	1
56	27	1
56	28	1
56	29	1
56	30	1
56	31	1
56	32	1
56	33	1
56	34	1
56	35	1
56	36	1
56	37	1
56	38	1
56	39	1
56	40	1
56	41	1
56	42	1
56	43	1
56	44	1
56	45	1
56	46	1
56	47	1
56	48	1
56	49	1
56	50	1
56	51	1
56	52	1
56	53	1
56	54	1
56	55	1
56	56	1
56	57	1
56	58	1
56	59	1
57	12	1
57	13	1
57	14	1
57	15	1
57	16	1
57	17	1
57	18	1
57	19	1
57	20	1
57	21	1
57	22	1
57	23	1
57	24	1
57	25	1
57	26	1
57	27	1
57	28	1
57	29	1
57	30	1
57	31	1
57	32	1
57	33	1
57	34	1
57	35	1
57	36	1
57	37	1
57	38	1
57	39	1
57	40	1
57	41	1
57	42	1
57	43	1
57	44	1
57	45	1
57	46	1
57	47	1
57	48	1
57	49	1
57	50	1
57	51	1
57	52	1
57	53	1
57	54	1
57	55	1
57	56	1
57	57	1
57	58	1
57	59	1
57	60	1
58	12	1
58	13	1
58	14	1
58	15	1
58	16	1
58	17	1
58	18	1
58	19	1
58	20	1
58	21	1
58	22	1
58	23	1
58	24	1
58	25	1
58	26	1
58	27	1
58	28	1
58	29	1
58	30	1
58	31	1
58	32	1
58	33	1
58	34	1
58	35	1
58	36	1
58	37	1
58	38	1
58	39	1
58	40	1
58	41	1
58	42	1
58	43	1
58	44	1
58	45	1
58	46	1
58	47	1
58	48	1
58	49	1
58	50	1
58	51	1
58	52	1
58	53	1
58	54	1
58	55	1
58	56	1
58	57	1
58	58	1
58	59	1
58	60	1
59	11	1
59	12	1
59	13	1
59	14	1
59	15	1
59	16	1
59	17	1
59	18	1
59	19	1
59	20	1
59	21	1
59	22	1
59	23	1
59	24	1
59	25	1
59	26	1
59	27	1
59	28	1
59	29	1
59	30	1
59	31	1
59	32	1
59	33	1
59	34	1
59	35	1
59	36	1
59	37	1
59	38	1
59	39	1
59	40	1
59	41	1
59	42	1
59	43	1
59	44	1
59	45	1
59	46	1
59	47	1
59	48	1
59	49	1
59	50	1
59	51	1
59	52	1
59	53	1
59	54	1
59	55	1
59	56	1
59	57	1
59	58	1
59	59	1
59	60	1
59	61	1
60	11	1
60	12	1
60	13	1
60	14	1
60	15	1
60	16	1
60	17	1
60	18	1
60	19	1
60	20	1
60	21	1
60	22	1
60	23	1
60	24	1
60	25	1
60	26	1
60	27	1
60	28	1
60	29	1
60	30	1
60	31	1
60	32	1
60	33	1
60	34	1
60	35	1
60	36	1
60	37	1
60	38	1
60	39	1
60	40	1
60	41	1
60	42	1
60	43	1
60	44	1
60	45	1
60	46	1
60	47	1
60	48	1
60	49	1
60	50	1
60	51	1
60	52	1
60	53	1
60	54	1
60	55	1
60	56	1
60	57	1
60	58	1
60	59	1
60	60	1
60	61	1
61	10	1
61	11	1
61	12	1
61	13	1
61	14	1
61	15	1
61	16	1
61	17	1
61	18	1
61	19	1
61	20	1
61	21	1
61	22	1
61	23	1
61	24	1
61	25	1
61	26	1
61	27	1
61	28	1
61	29	1
61	30	1
61	31	1
61	32	1
61	33	1
61	34	1
61	35	1
61	36	1
61	37	1
61	38	1
61	39	1
61	40	1
61	41	1
61	42	1
61	43	1
61	44	1
61	45	1
61	46	1
61	47	1
61	48	1
61	49	1
61	50	1
61	51	1
61	52	1
61	53	1
61	54	1
61	55	1
61	56	1
61	57	1
61	58	1
61	59	1
61	60	1
61	61	1
61	62	1
62	9	1
62	10	1
62	11	1
62	12	1
62	13	1
62	14	1
62	15	1
62	16	1
62	17	1
62	18	1
62	19	1
62	20	1
62	21	1
62	22	1
62	23	1
62	24	1
62	25	1
62	26	1
62	27	1
62	28	1
62	29	1
62	30	1
62	31	1
62	32	1
62	33	1
62	34	1
62	35	1
62	36	1
62	37	1
62	38	1
62	39	1
62	40	1
62	41	1
62	42	1
62	43	1
62	44	1
62	45	1
62	46	1
62	47	1
62	48	1
62	49	1
62	50	1
62	51	1
62	52	1
62	53	1
62	54	1
62	55	1
62	56	1
62	57	1
62	58	1
62	59	1
62	60	1
62	61	1
62	62	1
62	63	1
63	9	1
63	10	1
63	11	1
63	12	1
63	13	1
63	14	1
63	15	1
63	16	1
63	17	1
63	18	1
63	19	1
63	20	1
63	21	1
63	22	1
63	23	1
63	24	1
63	25	1
63	26	1
63	27	1
63	28	1
63	29	1
63	30	1
63	31	1
63	32	1
63	33	1
63	34	1
63	35	1
63	36	1
63	37	1
63	38	1
63	39	1
63	40	1
63	41	1
63	42	1
63	43	1
63	44	1
63	45	1
63	46	1
63	47	1
63	48	1
63	49	1
63	50	1
63	51	1
63	52	1
63	53	1
63	54	1
63	55	1
63	56	1
63	57	1
63	58	1
63	59	1
63	60	1
63	61	1
63	62	1
63	63	1
64	9	1
64	10	1
64	11	1
64	12	1
64	13	1
64	14	1
64	15	1
64	16	1
64	17	1
64	18	1
64	19	1
64	20	1
64	21	1
64	22	1
64	23	1
64	24	1
64	25	1
64	26	1
64	27	1
64	28	1
64	29	1
64	30	1
64	31	1
64	32	1
64	33	1
64	34	1
64	35	1
64	36	1
64	37	1
64	38	1
64	39	1
64	40	1
64	41	1
64	42	1
64	43	1
64	44	1
64	45	1
64	46	1
64	47	1
64	48	1
64	49	1
64	50	1
64	51	1
64	52	1
64	53	1
64	54	1
64	55	1
64	56	1
64	57	1
64	58	1
64	59	1
64	60	1
64	61	1
64	62	1
64	63	1
65	8	1
65	9	1
65	10	1
65	11	1
65	12	1
65	13	1
65	14	1
65	15	1
65	16	1
65	17	1
65	18	1
65	19	1
65	20	1
65	21	1
65	22	1
65	23	1
65	24	1
65	25	1
65	26	1
65	27	1
65	28	1
65	29	1
65	30	1
65	31	1
65	32	1
65	33	1
65	34	1
65	35	1
65	36	1
65	37	1
65	38	1
65	39	1
65	40	1
65	41	1
65	42	1
65	43	1
65	44	1
65	45	1
65	46	1
65	47	1
65	48	1
65	49	1
65	50	1
65	51	1
65	52	1
65	53	1
65	54	1
65	55	1
65	56	1
65	57	1
65	58	1
65	59	1
65	60	1
65	61	1
65	62	1
65	63	1
65	64	1
66	8	1
66	9	1
66	10	1
66	11	1
66	12	1
66	13	1
66	14	1
66	15	1
66	16	1
66	17	1
66	18	1
66	19	1
66	20	1
66	21	1
66	22	1
66	23	1
66	24	1
66	25	1
66	26	1
66	27	1
66	28	1
66	29	1
66	30	1
66	31	1
66	32	1
66	33	1
66	34	1
66	35	1
66	36	1
66	37	1
66	38	1
66	39	1
66	40	1
66	41	1
66	42	1
66	43	1
66	44	1
66	45	1
66	46	1
66	47	1
66	48	1
66	49	1
66	50	1
66	51	1
66	52	1
66	53	1
66	54	1
66	55	1
66	56	1
66	57	1
66	58	1
66	59	1
66	60	1
66	61	1
66	62	1
66	63	1
66	64	1
67	8	1
67	9	1
67	10	1
67	11	1
67	12	1
67	13	1
67	14	1
67	15	1
67	16	1
67	17	1
67	18	1
67	19	1
67	20	1
67	21	1
67	22	1
67	23	1
67	24	1
67	25	1
67	26	1
67	27	1
67	28	1
67	29	1
67	30	1
67	31	1
67	32	1
67	33	1
67	34	1
67	35	1
67	36	1
67	37	1
67	38	1
67	39	1
67	40	1
67	41	1
67	42	1
67	43	1
67	44	1
67	45	1
67	46	1
67	47	1
67	48	1
67	49	1
67	50	1
67	51	1
67	52	1
67	53	1
67	54	1
67	55	1
67	56	1
67	57	1
67	58	1
67	59	1
67	60	1
67	61	1
67	62	1
67	63	1
67	64	1
68	7	1
68	8	1
68	9	1
68	10	1
68	11	1
68	12	1
68	13	1
68	14	1
68	15	1
68	16	1
68	17	1
68	18	1
68	19	1
68	20	1
68	21	1
68	22	1
68	23	1
68	24	1
68	25	1
68	26	1
68	27	1
68	28	1
68	29	1
68	30	1
68	31	1
68	32	1
68	33	1
68	34	1
68	35	1
68	36	1
68	37	1
68	38	1
68	39	1
68	40	1
68	41	1
68	42	1
68	43	1
68	44	1
68	45	1
68	46	1
68	47	1
68	48	1
68	49	1
68	50	1
68	51	1
68	52	1
68	53	1
68	54	1
68	55	1
68	56	1
68	57	1
68	58	1
68	59	1
68	60	1
68	61	1
68	62	1
68	63	1
68	64	1
68	65	1
69	7	1
69	8	1
69	9	1
69	10	1
69	11	1
69	12	1
69	13	1
69	14	1
69	15	1
69	16	1
69	17	1
69	18	1
69	19	1
69	20	1
69	21	1
69	22	1
69	23	1
69	24	1
69	25	1
69	26	1
69	27	1
69	28	1
69	29	1
69	30	1
69	31	1
69	32	1
69	33	1
69	34	1
69	35	1
69	36	1
69	37	1
69	38	1
69	39	1
69	40	1
69	41	1
69	42	1
69	43	1
69	44	1
69	45	1
69	46	1
69	47	1
69	48	1
69	49	1
69	50	1
69	51	1
69	52	1
69	53	1
69	54	1
69	55	1
69	56	1
69	57	1
69	58	1
69	59	1
69	60	1
69	61	1
69	62	1
69	63	1
69	64	1
69	65	1
70	7	1
70	8	1
70	9	1
70	10	1
70	11	1
70	12	1
70	13	1
70	14	1
70	15	1
70	16	1
70	17	1
70	18	1
70	19	1
70	20	1
70	21	1
70	22	1
70	23	1
70	24	1
70	25	1
70	26	1
70	27	1
70	28	1
70	29	1
70	30	1
70	31	1
70	32	1
70	33	1
70	34	1
70	35	1
70	36	1
70	37	1
70	38	1
70	39	1
70	40	1
70	41	1
70	42	1
70	43	1
70	44	1
70	45	1
70	46	1
70	47	1
70	48	1
70	49	1
70	50	1
70	51	1
70	52	1
70	53	1
70	54	1
70	55	1
70	56	1
70	57	1
70	58	1
70	59	1
70	60	1
70	61	1
70	62	1
70	63	1
70	64	1
70	65	1
71	7	1
71	8	1
71	9	1
71	10	1
71	11	1
71	12	1
71	13	1
71	14	1
71	15	1
71	16	1
71	17	1
71	18	1
71	19	1
71	20	1
71	21	1
71	22	1
71	23	1
71	24	1
71	25	1
71	26	1
71	27	1
71	28	1
71	29	1
71	30	1
71	31	1
71	32	1
71	33	1
71	34	1
71	35	1
71	36	1
71	37	1
71	38	1
71	39	1
71	40	1
71	41	1
71	42	1
71	43	1
71	44	1
71	45	1
71	46	1
71	47	1
71	48	1
71	49	1
71	50	1
71	51	1
71	52	1
71	53	1
71	54	1
71	55	1
71	56	1
71	57	1
71	58	1
71	59	1
71	60	1
71	61	1
71	62	1
71	63	1
71	64	1
71	65	1
72	7	1
72	8	1
72	9	1
72	10	1
72	11	1
72	12	1
72	13	1
72	14	1
72	15	1
72	16	1
72	17	1
72	18	1
72	19	1
72	20	1
72	21	1
72	22	1
72	23	1
72	24	1
72	25	1
72	26	1
72	27	1
72	28	1
72	29	1
72	30	1
72	31	1
72	32	1
72	33	1
72	34	1
72	35	1
72	36	1
72	37	1
72	38	1
72	39	1
72	40	1
72	41	1
72	42	1
72	43	1
72	44	1
72	45	1
72	46	1
72	47	1
72	48	1
72	49	1
72	50	1
72	51	1
72	52	1
72	53	1
72	54	1
72	55	1
72	56	1
72	57	1
72	58	1
72	59	1
72	60	1
72	61	1
72	62	1
72	63	1
72	64	1
72	65	1
73	7	1
73	8	1
73	9	1
73	10	1
73	11	1
73	12	1
73	13	1
73	14	1
73	15	1
73	16	1
73	17	1
73	18	1
73	19	1
73	20	1
73	21	1
73	22	1
73	23	1
73	24	1
73	25	1
73	26	1
73	27	1
73	28	1
73	29	1
73	30	1
73	31	1
73	32	1
73	33	1
73	34	1
73	35	1
73	36	1
73	37	1
73	38	1
73	39	1
73	40	1
73	41	1
73	42	1
73	43	1
73	44	1
73	45	1
73	46	1
73	47	1
73	48	1
73	49	1
73	50	1
73	51	1
73	52	1
73	53	1
73	54	1
73	55	1
73	56	1
73	57	1
73	58	1
73	59	1
73	60	1
73	61	1
73	62	1
73	63	1
73	64	1
73	65	1
74	7	1
74	8	1
74	9	1
74	10	1
74	11	1
74	12	1
74	13	1
74	14	1
74	15	1
74	16	1
74	17	1
74	18	1
74	19	1
74	20	1
74	21	1
74	22	1
74	23	1
74	24	1
74	25	1
74	26	1
74	27	1
74	28	1
74	29	1
74	30	1
74	31	1
74	32	1
74	33	1
74	34	1
74	35	1
74	36	1
74	37	1
74	38	1
74	39	1
74	40	1
74	41	1
74	42	1
74	43	1
74	44	1
74	45	1
74	46	1
74	47	1
74	48	1
74	49	1
74	50	1
74	51	1
74	52	1
74	53	1
74	54	1
74	55	1
74	56	1
74	57	1
74	58	1
74	59	1
74	60	1
74	61	1
74	62	1
74	63	1
74	64	1
74	65	1
75	6	1
75	7	1
75	8	1
75	9	1
75	10	1
75	11	1
75	12	1
75	13	1
75	14	1
75	15	1
75	16	1
75	17	1
75	18	1
75	19	1
75	20	1
75	21	1
75	22	1
75	23	1
75	24	1
75	25	1
75	26	1
75	27	1
75	28	1
75	29	1
75	30	1
75	31	1
75	32	1
75	33	1
75	34	1
75	35	1
75	36	1
75	37	1
75	38	1
75	39	1
75	40	1
75	41	1
75	42	1
75	43	1
75	44	1
75	45	1
75	46	1
75	47	1
75	48	1
75	49	1
75	50	1
75	51	1
75	52	1
75	53	1
75	54	1
75	55	1
75	56	1
75	57	1
75	58	1
75	59	1
75	60	1
75	61	1
75	62	1
75	63	1
75	64	1
75	65	1
75	66	1
76	7	1
76	8	1
76	9	1
76	10	1
76	11	1
76	12	1
76	13	1
76	14	1
76	15	1
76	16	1
76	17	1
76	18	1
76	19	1
76	20	1
76	21	1
76	22	1
76	23	1
76	24	1
76	25	1
76	26	1
76	27	1
76	28	1
76	29	1
76	30	1
76	31	1
76	32	1
76	33	1
76	34	1
76	35	1
76	36	1
76	37	1
76	38	1
76	39	1
76	40	1
76	41	1
76	42	1
76	43	1
76	44	1
76	45	1
76	46	1
76	47	1
76	48	1
76	49	1
76	50	1
76	51	1
76	52	1
76	53	1
76	54	1
76	55	1
76	56	1
76	57	1
76	58	1
76	59	1
76	60	1
76	61	1
76	62	1
76	63	1
76	64	1
76	65	1
77	7	1
77	8	1
77	9	1
77	10	1
77	11	1
77	12	1
77	13	1
77	14	1
77	15	1
77	16	1
77	17	1
77	18	1
77	19	1
77	20	1
77	21	1
77	22	1
77	23	1
77	24	1
77	25	1
77	26	1
77	27	1
77	28	1
77	29	1
77	30	1
77	31	1
77	32	1
77	33	1
77	34	1
77	35	1
77	36	1
77	37	1
77	38	1
77	39	1
77	40	1
77	41	1
77	42	1
77	43	1
77	44	1
77	45	1
77	46	1
77	47	1
77	48	1
77	49	1
77	50	1
77	51	1
77	52	1
77	53	1
77	54	1
77	55	1
77	56	1
77	57	1
77	58	1
77	59	1
77	60	1
77	61	1
77	62	1
77	63	1
77	64	1
77	65	1
78	7	1
78	8	1
78	9	1
78	10	1
78	11	1
78	12	1
78	13	1
78	14	1
78	15	1
78	16	1
78	17	1
78	18	1
78	19	1
78	20	1
78	21	1
78	22	1
78	23	1
78	24	1
78	25	1
78	26	1
78	27	1
78	28	1
78	29	1
78	30	1
78	31	1
78	32	1
78	33	1
78	34	1
78	35	1
78	36	1
78	37	1
78	38	1
78	39	1
78	40	1
78	41	1
78	42	1
78	43	1
78	44	1
78	45	1
78	46	1
78	47	1
78	48	1
78	49	1
78	50	1
78	51	1
78	52	1
78	53	1
78	54	1
78	55	1
78	56	1
78	57	1
78	58	1
78	59	1
78	60	1
78	61	1
78	62	1
78	63	1
78	64	1
78	65	1
79	7	1
79	8	1
79	9	1
79	10	1
79	11	1
79	12	1
79	13	1
79	14	1
79	15	1
79	16	1
79	17	1
79	18	1
79	19	1
79	20	1
79	21	1
79	22	1
79	23	1
79	24	1
79	25	1
79	26	1
79	27	1
79	28	1
79	29	1
79	30	1
79	31	1
79	32	1
79	33	1
79	34	1
79	35	1
79	36	1
79	37	1
79	38	1
79	39	1
79	40	1
79	41	1
79	42	1
79	43	1
79	44	1
79	45	1
79	46	1
79	47	1
79	48	1
79	49	1
79	50	1
79	51	1
79	52	1
79	53	1
79	54	1
79	55	1
79	56	1
79	57	1
79	58	1
79	59	1
79	60	1
79	61	1
79	62	1
79	63	1
79	64	1
79	65	1
80	7	1
80	8	1
80	9	1
80	10	1
80	11	1
80	12	1
80	13	1
80	14	1
80	15	1
80	16	1
80	17	1
80	18	1
80	19	1
80	20	1
80	21	1
80	22	1
80	23	1
80	24	1
80	25	1
80	26	1
80	27	1
80	28	1
80	29	1
80	30	1
80	31	1
80	32	1
80	33	1
80	34	1
80	35	1
80	36	1
80	37	1
80	38	1
80	39	1
80	40	1
80	41	1
80	42	1
80	43	1
80	44	1
80	45	1
80	46	1
80	47	1
80	48	1
80	49	1
80	50	1
80	51	1
80	52	1
80	53	1
80	54	1
80	55	1
80	56	1
80	57	1
80	58	1
80	59	1
80	60	1
80	61	1
80	62	1
80	63	1
80	64	1
80	65	1
81	7	1
81	8	1
81	9	1
81	10	1
81	11	1
81	12	1
81	13	1
81	14	1
81	15	1
81	16	1
81	17	1
81	18	1
81	19	1
81	20	1
81	21	1
81	22	1
81	23	1
81	24	1
81	25	1
81	26	1
81	27	1
81	28	1
81	29	1
81	30	1
81	31	1
81	32	1
81	33	1
81	34	1
81	35	1
81	36	1
81	37	1
81	38	1
81	39	1
81	40	1
81	41	1
81	42	1
81	43	1
81	44	1
81	45	1
81	46	1
81	47	1
81	48	1
81	49	1
81	50	1
81	51	1
81	52	1
81	53	1
81	54	1
81	55	1
81	56	1
81	57	1
81	58	1
81	59	1
81	60	1
81	61	1
81	62	1
81	63	1
81	64	1
81	65	1
82	7	1
82	8	1
82	9	1
82	10	1
82	11	1
82	12	1
82	13	1
82	14	1
82	15	1
82	16	1
82	17	1
82	18	1
82	19	1
82	20	1
82	21	1
82	22	1
82	23	1
82	24	1
82	25	1
82	26	1
82	27	1
82	28	1
82	29	1
82	30	1
82	31	1
82	32	1
82	33	1
82	34	1
82	35	1
82	36	1
82	37	1
82	38	1
82	39	1
82	40	1
82	41	1
82	42	1
82	43	1
82	44	1
82	45	1
82	46	1
82	47	1
82	48	1
82	49	1
82	50	1
82	51	1
82	52	1
82	53	1
82	54	1
82	55	1
82	56	1
82	57	1
82	58	1
82	59	1
82	60	1
82	61	1
82	62	1
82	63	1
82	64	1
82	65	1
83	8	1
83	9	1
83	10	1
83	11	1
83	12	1
83	13	1
83	14	1
83	15	1
83	16	1
83	17	1
83	18	1
83	19	1
83	20	1
83	21	1
83	22	1
83	23	1
83	24	1
83	25	1
83	26	1
83	27	1
83	28	1
83	29	1
83	30	1
83	31	1
83	32	1
83	33	1
83	34	1
83	35	1
83	36	1
83	37	1
83	38	1
83	39	1
83	40	1
83	41	1
83	42	1
83	43	1
83	44	1
83	45	1
83	46	1
83	47	1
83	48	1
83	49	1
83	50	1
83	51	1
83	52	1
83	53	1
83	54	1
83	55	1
83	56	1
83	57	1
83	58	1
83	59	1
83	60	1
83	61	1
83	62	1
83	63	1
83	64	1
84	8	1
84	9	1
84	10	1
84	11	1
84	12	1
84	13	1
84	14	1
84	15	1
84	16	1
84	17	1
84	18	1
84	19	1
84	20	1
84	21	1
84	22	1
84	23	1
84	24	1
84	25	1
84	26	1
84	27	1
84	28	1
84	29	1
84	30	1
84	31	1
84	32	1
84	33	1
84	34	1
84	35	1
84	36	1
84	37	1
84	38	1
84	39	1
84	40	1
84	41	1
84	42	1
84	43	1
84	44	1
84	45	1
84	46	1
84	47	1
84	48	1
84	49	1
84	50	1
84	51	1
84	52	1
84	53	1
84	54	1
84	55	1
84	56	1
84	57	1
84	58	1
84	59	1
84	60	1
84	61	1
84	62	1
84	63	1
84	64	1
85	8	1
85	9	1
85	10	1
85	11	1
85	12	1
85	13	1
85	14	1
85	15	1
85	16	1
85	17	1
85	18	1
85	19	1
85	20	1
85	21	1
85	22	1
85	23	1
85	24	1
85	25	1
85	26	1
85	27	1
85	28	1
85	29	1
85	30	1
85	31	1
85	32	1
85	33	1
85	34	1
85	35	1
85	36	1
85	37	1
85	38	1
85	39	1
85	40	1
85	41	1
85	42	1
85	43	1
85	44	1
85	45	1
85	46	1
85	47	1
85	48	1
85	49	1
85	50	1
85	51	1
85	52	1
85	53	1
85	54	1
85	55	1
85	56	1
85	57	1
85	58	1
85	59	1
85	60	1
85	61	1
85	62	1
85	63	1
85	64	1
86	9	1
86	10	1
86	11	1
86	12	1
86	13	1
86	14	1
86	15	1
86	16	1
86	17	1
86	18	1
86	19	1
86	20	1
86	21	1
86	22	1
86	23	1
86	24	1
86	25	1
86	26	1
86	27	1
86	28	1
86	29	1
86	30	1
86	31	1
86	32	1
86	33	1
86	34	1
86	35	1
86	36	1
86	37	1
86	38	1
86	39	1
86	40	1
86	41	1
86	42	1
86	43	1
86	44	1
86	45	1
86	46	1
86	47	1
86	48	1
86	49	1
86	50	1
86	51	1
86	52	1
86	53	1
86	54	1
86	55	1
86	56	1
86	57	1
86	58	1
86	59	1
86	60	1
86	61	1
86	62	1
86	63	1
87	9	1
87	10	1
87	11	1
87	12	1
87	13	1
87	14	1
87	15	1
87	16	1
87	17	1
87	18	1
87	19	1
87	20	1
87	21	1
87	22	1
87	23	1
87	24	1
87	25	1
87	26	1
87	27	1
87	28	1
87	29	1
87	30	1
87	31	1
87	32	1
87	33	1
87	34	1
87	35	1
87	36	1
87	37	1
87	38	1
87	39	1
87	40	1
87	41	1
87	42	1
87	43	1
87	44	1
87	45	1
87	46	1
87	47	1
87	48	1
87	49	1
87	50	1
87	51	1
87	52	1
87	53	1
87	54	1
87	55	1
87	56	1
87	57	1
87	58	1
87	59	1
87	60	1
87	61	1
87	62	1
87	63	1
88	9	1
88	10	1
88	11	1
88	12	1
88	13	1
88	14	1
88	15	1
88	16	1
88	17	1
88	18	1
88	19	1
88	20	1
88	21	1
88	22	1
88	23	1
88	24	1
88	25	1
88	26	1
88	27	1
88	28	1
88	29	1
88	30	1
88	31	1
88	32	1
88	33	1
88	34	1
88	35	1
88	36	1
88	37	1
88	38	1
88	39	1
88	40	1
88	41	1
88	42	1
88	43	1
88	44	1
88	45	1
88	46	1
88	47	1
88	48	1
88	49	1
88	50	1
88	51	1
88	52	1
88	53	1
88	54	1
88	55	1
88	56	1
88	57	1
88	58	1
88	59	1
88	60	1
88	61	1
88	62	1
88	63	1
89	10	1
89	11	1
89	12	1
89	13	1
89	14	1
89	15	1
89	16	1
89	17	1
89	18	1
89	19	1
89	20	1
89	21	1
89	22	1
89	23	1
89	24	1
89	25	1
89	26	1
89	27	1
89	28	1
89	29	1
89	30	1
89	31	1
89	32	1
89	33	1
89	34	1
89	35	1
89	36	1
89	37	1
89	38	1
89	39	1
89	40	1
89	41	1
89	42	1
89	43	1
89	44	1
89	45	1
89	46	1
89	47	1
89	48	1
89	49	1
89	50	1
89	51	1
89	52	1
89	53	1
89	54	1
89	55	1
89	56	1
89	57	1
89	58	1
89	59	1
89	60	1
89	61	1
89	62	1
90	11	1
90	12	1
90	13	1
90	14	1
90	15	1
90	16	1
90	17	1
90	18	1
90	19	1
90	20	1
90	21	1
90	22	1
90	23	1
90	24	1
90	25	1
90	26	1
90	27	1
90	28	1
90	29	1
90	30	1
90	31	1
90	32	1
90	33	1
90	34	1
90	35	1
90	36	1
90	37	1
90	38	1
90	39	1
90	40	1
90	41	1
90	42	1
90	43	1
90	44	1
90	45	1
90	46	1
90	47	1
90	48	1
90	49	1
90	50	1
90	51	1
90	52	1
90	53	1
90	54	1
90	55	1
90	56	1
90	57	1
90	58	1
90	59	1
90	60	1
90	61	1
91	11	1
91	12	1
91	13	1
91	14	1
91	15	1
91	16	1
91	17	1
91	18	1
91	19	1
91	20	1
91	21	1
91	22	1
91	23	1
91	24	1
91	25	1
91	26	1
91	27	1
91	28	1
91	29	1
91	30	1
91	31	1
91	32	1
91	33	1
91	34	1
91	35	1
91	36	1
91	37	1
91	38	1
91	39	1
91	40	1
91	41	1
91	42	1
91	43	1
91	44	1
91	45	1
91	46	1
91	47	1
91	48	1
91	49	1
91	50	1
91	51	1
91	52	1
91	53	1
91	54	1
91	55	1
91	56	1
91	57	1
91	58	1
91	59	1
91	60	1
91	61	1
92	12	1
92	13	1
92	14	1
92	15	1
92	16	1
92	17	1
92	18	1
92	19	1
92	20	1
92	21	1
92	22	1
92	23	1
92	24	1
92	25	1
92	26	1
92	27	1
92	28	1
92	29	1
92	30	1
92	31	1
92	32	1
92	33	1
92	34	1
92	35	1
92	36	1
92	37	1
92	38	1
92	39	1
92	40	1
92	41	1
92	42	1
92	43	1
92	44	1
92	45	1
92	46	1
92	47	1
92	48	1
92	49	1
92	50	1
92	51	1
92	52	1
92	53	1
92	54	1
92	55	1
92	56	1
92	57	1
92	58	1
92	59	1
92	60	1
93	12	1
93	13	1
93	14	1
93	15	1
93	16	1
93	17	1
93	18	1
93	19	1
93	20	1
93	21	1
93	22	1
93	23	1
93	24	1
93	25	1
93	26	1
93	27	1
93	28	1
93	29	1
93	30	1
93	31	1
93	32	1
93	33	1
93	34	1
93	35	1
93	36	1
93	37	1
93	38	1
93	39	1
93	40	1
93	41	1
93	42	1
93	43	1
93	44	1
93	45	1
93	46	1
93	47	1
93	48	1
93	49	1
93	50	1
93	51	1
93	52	1
93	53	1
93	54	1
93	55	1
93	56	1
93	57	1
93	58	1
93	59	1
93	60	1
94	13	1
94	14	1
94	15	1
94	16	1
94	17	1
94	18	1
94	19	1
94	20	1
94	21	1
94	22	1
94	23	1
94	24	1
94	25	1
94	26	1
94	27	1
94	28	1
94	29	1
94	30	1
94	31	1
94	32	1
94	33	1
94	34	1
94	35	1
94	36	1
94	37	1
94	38	1
94	39	1
94	40	1
94	41	1
94	42	1
94	43	1
94	44	1
94	45	1
94	46	1
94	47	1
94	48	1
94	49	1
94	50	1
94	51	1
94	52	1
94	53	1
94	54	1
94	55	1
94	56	1
94	57	1
94	58	1
94	59	1
95	14	1
95	15	1
95	16	1
95	17	1
95	18	1
95	19	1
95	20	1
95	21	1
95	22	1
95	23	1
95	24	1
95	25	1
95	26	1
95	27	1
95	28	1
95	29	1
95	30	1
95	31	1
95	32	1
95	33	1
95	34	1
95	35	1
95	36	1
95	37	1
95	38	1
95	39	1
95	40	1
95	41	1
95	42	1
95	43	1
95	44	1
95	45	1
95	46	1
95	47	1
95	48	1
95	49	1
95	50	1
95	51	1
95	52	1
95	53	1
95	54	1
95	55	1
95	56	1
95	57	1
95	58	1
96	15	1
96	16	1
96	17	1
96	18	1
96	19	1
96	20	1
96	21	1
96	22	1
96	23	1
96	24	1
96	25	1
96	26	1
96	27	1
96	28	1
96	29	1
96	30	1
96	31	1
96	32	1
96	33	1
96	34	1
96	35	1
96	36	1
96	37	1
96	38	1
96	39	1
96	40	1
96	41	1
96	42	1
96	43	1
96	44	1
96	45	1
96	46	1
96	47	1
96	48	1
96	49	1
96	50	1
96	51	1
96	52	1
96	53	1
96	54	1
96	55	1
96	56	1
96	57	1
97	16	1
97	17	1
97	18	1
97	19	1
97	20	1
97	21	1
97	22	1
97	23	1
97	24	1
97	25	1
97	26	1
97	27	1
97	28	1
97	29	1
97	30	1
97	31	1
97	32	1
97	33	1
97	34	1
97	35	1
97	36	1
97	37	1
97	38	1
97	39	1
97	40	1
97	41	1
97	42	1
97	43	1
97	44	1
97	45	1
97	46	1
97	47	1
97	48	1
97	49	1
97	50	1
97	51	1
97	52	1
97	53	1
97	54	1
97	55	1
97	56	1
98	17	1
98	18	1
98	19	1
98	20	1
98	21	1
98	22	1
98	23	1
98	24	1
98	25	1
98	26	1
98	27	1
98	28	1
98	29	1
98	30	1
98	31	1
98	32	1
98	33	1
98	34	1
98	35	1
98	36	1
98	37	1
98	38	1
98	39	1
98	40	1
98	41	1
98	42	1
98	43	1
98	44	1
98	45	1
98	46	1
98	47	1
98	48	1
98	49	1
98	50	1
98	51	1
98	52	1
98	53	1
98	54	1
98	55	1
99	18	1
99	19	1
99	20	1
99	21	1
99	22	1
99	23	1
99	24	1
99	25	1
99	26	1
99	27	1
99	28	1
99	29	1
99	30	1
99	31	1
99	32	1
99	33	1
99	34	1
99	35	1
99	36	1
99	37	1
99	38	1
99	39	1
99	40	1
99	41	1
99	42	1
99	43	1
99	44	1
99	45	1
99	46	1
99	47	1
99	48	1
99	49	1
99	50	1
99	51	1
99	52	1
99	53	1
99	54	1
100	20	1
100	21	1
100	22	1
100	23	1
100	24	1
100	25	1
100	26	1
100	27	1
100	28	1
100	29	1
100	30	1
100	31	1
100	32	1
100	33	1
100	34	1
100	35	1
100	36	1
100	37	1
100	38	1
100	39	1
100	40	1
100	41	1
100	42	1
100	43	1
100	44	1
100	45	1
100	46	1
100	47	1
100	48	1
100	49	1
100	50	1
100	51	1
100	52	1
101	22	1
101	23	1
101	24	1
101	25	1
101	26	1
101	27	1
101	28	1
101	29	1
101	30	1
101	31	1
101	32	1
101	33	1
101	34	1
101	35	1
101	36	1
101	37	1
101	38	1
101	39	1
101	40	1
101	41	1
101	42	1
101	43	1
101	44	1
101	45	1
101	46	1
101	47	1
101	48	1
101	49	1
101	50	1
102	23	1
102	24	1
102	25	1
102	26	1
102	27	1
102	28	1
102	29	1
102	30	1
102	31	1
102	32	1
102	33	1
102	34	1
102	35	1
102	36	1
102	37	1
102	38	1
102	39	1
102	40	1
102	41	1
102	42	1
102	43	1
102	44	1
102	45	1
102	46	1
102	47	1
102	48	1
102	49	1
103	26	1
103	27	1
103	28	1
103	29	1
103	30	1
103	31	1
103	32	1
103	33	1
103	34	1
103	35	1
103	36	1
103	37	1
103	38	1
103	39	1
103	40	1
103	41	1
103	42	1
103	43	1
103	44	1
103	45	1
103	46	1
104	29	1
104	30	1
104	31	1
104	32	1
104	33	1
104	34	1
104	35	1
104	36	1
104	37	1
104	38	1
104	39	1
104	40	1
104	41	1
104	42	1
104	43	1
105	36	1
50	77	1
51	71	1
51	72	1
51	73	1
51	74	1
51	75	1
51	76	1
51	77	1
51	78	1
51	79	1
51	80	1
51	81	1
51	82	1
51	83	1
52	69	1
52	70	1
52	71	1
52	72	1
52	73	1
52	74	1
52	75	1
52	76	1
52	77	1
52	78	1
52	79	1
52	80	1
52	81	1
52	82	1
52	83	1
52	84	1
52	85	1
53	67	1
53	68	1
53	69	1
53	70	1
53	71	1
53	72	1
53	73	1
53	74	1
53	75	1
53	76	1
53	77	1
53	78	1
53	79	1
53	80	1
53	81	1
53	82	1
53	83	1
53	84	1
53	85	1
53	86	1
53	87	1
54	65	1
54	66	1
54	67	1
54	68	1
54	69	1
54	70	1
54	71	1
54	72	1
54	73	1
54	74	1
54	75	1
54	76	1
54	77	1
54	78	1
54	79	1
54	80	1
54	81	1
54	82	1
54	83	1
54	84	1
54	85	1
54	86	1
54	87	1
54	88	1
54	89	1
55	64	1
55	65	1
55	66	1
55	67	1
55	68	1
55	69	1
55	70	1
55	71	1
55	72	1
55	73	1
55	74	1
55	75	1
55	76	1
55	77	1
55	78	1
55	79	1
55	80	1
55	81	1
55	82	1
55	83	1
55	84	1
55	85	1
55	86	1
55	87	1
55	88	1
55	89	1
55	90	1
56	63	1
56	64	1
56	65	1
56	66	1
56	67	1
56	68	1
56	69	1
56	70	1
56	71	1
56	72	1
56	73	1
56	74	1
56	75	1
56	76	1
56	77	1
56	78	1
56	79	1
56	80	1
56	81	1
56	82	1
56	83	1
56	84	1
56	85	1
56	86	1
56	87	1
56	88	1
56	89	1
56	90	1
56	91	1
48	77	1
49	71	1
49	72	1
49	73	1
49	74	1
49	75	1
49	76	1
49	77	1
49	78	1
49	79	1
49	80	1
49	81	1
49	82	1
49	83	1
50	69	1
50	70	1
50	71	1
50	72	1
50	73	1
50	74	1
50	75	1
50	76	1
50	77	1
50	78	1
50	79	1
50	80	1
50	81	1
50	82	1
50	83	1
50	84	1
50	85	1
51	67	1
51	68	1
51	69	1
51	70	1
51	71	1
51	72	1
51	73	1
51	74	1
51	75	1
51	76	1
51	77	1
51	78	1
51	79	1
51	80	1
51	81	1
51	82	1
51	83	1
51	84	1
51	85	1
51	86	1
51	87	1
52	65	1
52	66	1
52	67	1
52	68	1
52	69	1
52	70	1
52	71	1
52	72	1
52	73	1
52	74	1
52	75	1
52	76	1
52	77	1
52	78	1
52	79	1
52	80	1
52	81	1
52	82	1
52	83	1
52	84	1
52	85	1
52	86	1
52	87	1
52	88	1
52	89	1
53	64	1
53	65	1
53	66	1
53	67	1
53	68	1
53	69	1
53	70	1
53	71	1
53	72	1
53	73	1
53	74	1
53	75	1
53	76	1
53	77	1
53	78	1
53	79	1
53	80	1
53	81	1
53	82	1
53	83	1
53	84	1
53	85	1
53	86	1
53	87	1
53	88	1
53	89	1
53	90	1
54	63	1
54	64	1
54	65	1
54	66	1
54	67	1
54	68	1
54	69	1
54	70	1
54	71	1
54	72	1
54	73	1
54	74	1
54	75	1
54	76	1
54	77	1
54	78	1
54	79	1
54	80	1
54	81	1
54	82	1
54	83	1
54	84	1
54	85	1
54	86	1
54	87	1
54	88	1
54	89	1
54	90	1
54	91	1
55	62	1
55	63	1
55	64	1
55	65	1
55	66	1
55	67	1
55	68	1
55	69	1
55	70	1
55	71	1
55	72	1
55	73	1
55	74	1
55	75	1
55	76	1
55	77	1
55	78	1
55	79	1
55	80	1
55	81	1
55	82	1
55	83	1
55	84	1
55	85	1
55	86	1
55	87	1
55	88	1
55	89	1
55	90	1
55	91	1
55	92	1
56	61	1
56	62	1
56	63	1
56	64	1
56	65	1
56	66	1
56	67	1
56	68	1
56	69	1
56	70	1
56	71	1
56	72	1
56	73	1
56	74	1
56	75	1
56	76	1
56	77	1
56	78	1
56	79	1
56	80	1
56	81	1
56	82	1
56	83	1
56	84	1
56	85	1
56	86	1
56	87	1
56	88	1
56	89	1
56	90	1
56	91	1
56	92	1
56	93	1
57	61	1
57	62	1
57	63	1
57	64	1
57	65	1
57	66	1
57	67	1
57	68	1
57	69	1
57	70	1
57	71	1
57	72	1
57	73	1
57	74	1
57	75	1
57	76	1
57	77	1
57	78	1
57	79	1
57	80	1
57	81	1
57	82	1
57	83	1
57	84	1
57	85	1
57	86	1
57	87	1
57	88	1
57	89	1
57	90	1
57	91	1
57	92	1
57	93	1
58	60	1
58	61	1
58	62	1
58	63	1
58	64	1
58	65	1
58	66	1
58	67	1
58	68	1
58	69	1
58	70	1
58	71	1
58	72	1
58	73	1
58	74	1
58	75	1
58	76	1
58	77	1
58	78	1
58	79	1
58	80	1
58	81	1
58	82	1
58	83	1
58	84	1
58	85	1
58	86	1
58	87	1
58	88	1
58	89	1
58	90	1
58	91	1
58	92	1
58	93	1
58	94	1
59	60	1
59	61	1
59	62	1
59	63	1
59	64	1
59	65	1
59	66	1
59	67	1
59	68	1
59	69	1
59	70	1
59	71	1
59	72	1
59	73	1
59	74	1
59	75	1
59	76	1
59	77	1
59	78	1
59	79	1
59	80	1
59	81	1
59	82	1
59	83	1
59	84	1
59	85	1
59	86	1
59	87	1
59	88	1
59	89	1
59	90	1
59	91	1
59	92	1
59	93	1
59	94	1
60	59	1
60	60	1
60	61	1
60	62	1
60	63	1
60	64	1
60	65	1
60	66	1
60	67	1
60	68	1
60	69	1
60	70	1
60	71	1
60	72	1
60	73	1
60	74	1
60	75	1
60	76	1
60	77	1
60	78	1
60	79	1
60	80	1
60	81	1
60	82	1
60	83	1
60	84	1
60	85	1
60	86	1
60	87	1
60	88	1
60	89	1
60	90	1
60	91	1
60	92	1
60	93	1
60	94	1
60	95	1
61	59	1
61	60	1
61	61	1
61	62	1
61	63	1
61	64	1
61	65	1
61	66	1
61	67	1
61	68	1
61	69	1
61	70	1
61	71	1
61	72	1
61	73	1
61	74	1
61	75	1
61	76	1
61	77	1
61	78	1
61	79	1
61	80	1
61	81	1
61	82	1
61	83	1
61	84	1
61	85	1
61	86	1
61	87	1
61	88	1
61	89	1
61	90	1
61	91	1
61	92	1
61	93	1
61	94	1
61	95	1
62	58	1
62	59	1
62	60	1
62	61	1
62	62	1
62	63	1
62	64	1
62	65	1
62	66	1
62	67	1
62	68	1
62	69	1
62	70	1
62	71	1
62	72	1
62	73	1
62	74	1
62	75	1
62	76	1
62	77	1
62	78	1
62	79	1
62	80	1
62	81	1
62	82	1
62	83	1
62	84	1
62	85	1
62	86	1
62	87	1
62	88	1
62	89	1
62	90	1
62	91	1
62	92	1
62	93	1
62	94	1
62	95	1
62	96	1
63	58	1
63	59	1
63	60	1
63	61	1
63	62	1
63	63	1
63	64	1
63	65	1
63	66	1
63	67	1
63	68	1
63	69	1
63	70	1
63	71	1
63	72	1
63	73	1
63	74	1
63	75	1
63	76	1
63	77	1
63	78	1
63	79	1
63	80	1
63	81	1
63	82	1
63	83	1
63	84	1
63	85	1
63	86	1
63	87	1
63	88	1
63	89	1
63	90	1
63	91	1
63	92	1
63	93	1
63	94	1
63	95	1
63	96	1
64	58	1
64	59	1
64	60	1
64	61	1
64	62	1
64	63	1
64	64	1
64	65	1
64	66	1
64	67	1
64	68	1
64	69	1
64	70	1
64	71	1
64	72	1
64	73	1
64	74	1
64	75	1
64	76	1
64	77	1
64	78	1
64	79	1
64	80	1
64	81	1
64	82	1
64	83	1
64	84	1
64	85	1
64	86	1
64	87	1
64	88	1
64	89	1
64	90	1
64	91	1
64	92	1
64	93	1
64	94	1
64	95	1
64	96	1
65	58	1
65	59	1
65	60	1
65	61	1
65	62	1
65	63	1
65	64	1
65	65	1
65	66	1
65	67	1
65	68	1
65	69	1
65	70	1
65	71	1
65	72	1
65	73	1
65	74	1
65	75	1
65	76	1
65	77	1
65	78	1
65	79	1
65	80	1
65	81	1
65	82	1
65	83	1
65	84	1
65	85	1
65	86	1
65	87	1
65	88	1
65	89	1
65	90	1
65	91	1
65	92	1
65	93	1
65	94	1
65	95	1
65	96	1
66	58	1
66	59	1
66	60	1
66	61	1
66	62	1
66	63	1
66	64	1
66	65	1
66	66	1
66	67	1
66	68	1
66	69	1
66	70	1
66	71	1
66	72	1
66	73	1
66	74	1
66	75	1
66	76	1
66	77	1
66	78	1
66	79	1
66	80	1
66	81	1
66	82	1
66	83	1
66	84	1
66	85	1
66	86	1
66	87	1
66	88	1
66	89	1
66	90	1
66	91	1
66	92	1
66	93	1
66	94	1
66	95	1
66	96	1
67	58	1
67	59	1
67	60	1
67	61	1
67	62	1
67	63	1
67	64	1
67	65	1
67	66	1
67	67	1
67	68	1
67	69	1
67	70	1
67	71	1
67	72	1
67	73	1
67	74	1
67	75	1
67	76	1
67	77	1
67	78	1
67	79	1
67	80	1
67	81	1
67	82	1
67	83	1
67	84	1
67	85	1
67	86	1
67	87	1
67	88	1
67	89	1
67	90	1
67	91	1
67	92	1
67	93	1
67	94	1
67	95	1
67	96	1
68	57	1
68	58	1
68	59	1
68	60	1
68	61	1
68	62	1
68	63	1
68	64	1
68	65	1
68	66	1
68	67	1
68	68	1
68	69	1
68	70	1
68	71	1
68	72	1
68	73	1
68	74	1
68	75	1
68	76	1
68	77	1
68	78	1
68	79	1
68	80	1
68	81	1
68	82	1
68	83	1
68	84	1
68	85	1
68	86	1
68	87	1
68	88	1
68	89	1
68	90	1
68	91	1
68	92	1
68	93	1
68	94	1
68	95	1
68	96	1
68	97	1
69	58	1
69	59	1
69	60	1
69	61	1
69	62	1
69	63	1
69	64	1
69	65	1
69	66	1
69	67	1
69	68	1
69	69	1
69	70	1
69	71	1
69	72	1
69	73	1
69	74	1
69	75	1
69	76	1
69	77	1
69	78	1
69	79	1
69	80	1
69	81	1
69	82	1
69	83	1
69	84	1
69	85	1
69	86	1
69	87	1
69	88	1
69	89	1
69	90	1
69	91	1
69	92	1
69	93	1
69	94	1
69	95	1
69	96	1
70	58	1
70	59	1
70	60	1
70	61	1
70	62	1
70	63	1
70	64	1
70	65	1
70	66	1
70	67	1
70	68	1
70	69	1
70	70	1
70	71	1
70	72	1
70	73	1
70	74	1
70	75	1
70	76	1
70	77	1
70	78	1
70	79	1
70	80	1
70	81	1
70	82	1
70	83	1
70	84	1
70	85	1
70	86	1
70	87	1
70	88	1
70	89	1
70	90	1
70	91	1
70	92	1
70	93	1
70	94	1
70	95	1
70	96	1
71	58	1
71	59	1
71	60	1
71	61	1
71	62	1
71	63	1
71	64	1
71	65	1
71	66	1
71	67	1
71	68	1
71	69	1
71	70	1
71	71	1
71	72	1
71	73	1
71	74	1
71	75	1
71	76	1
71	77	1
71	78	1
71	79	1
71	80	1
71	81	1
71	82	1
71	83	1
71	84	1
71	85	1
71	86	1
71	87	1
71	88	1
71	89	1
71	90	1
71	91	1
71	92	1
71	93	1
71	94	1
71	95	1
71	96	1
72	58	1
72	59	1
72	60	1
72	61	1
72	62	1
72	63	1
72	64	1
72	65	1
72	66	1
72	67	1
72	68	1
72	69	1
72	70	1
72	71	1
72	72	1
72	73	1
72	74	1
72	75	1
72	76	1
72	77	1
72	78	1
72	79	1
72	80	1
72	81	1
72	82	1
72	83	1
72	84	1
72	85	1
72	86	1
72	87	1
72	88	1
72	89	1
72	90	1
72	91	1
72	92	1
72	93	1
72	94	1
72	95	1
72	96	1
73	58	1
73	59	1
73	60	1
73	61	1
73	62	1
73	63	1
73	64	1
73	65	1
73	66	1
73	67	1
73	68	1
73	69	1
73	70	1
73	71	1
73	72	1
73	73	1
73	74	1
73	75	1
73	76	1
73	77	1
73	78	1
73	79	1
73	80	1
73	81	1
73	82	1
73	83	1
73	84	1
73	85	1
73	86	1
73	87	1
73	88	1
73	89	1
73	90	1
73	91	1
73	92	1
73	93	1
73	94	1
73	95	1
73	96	1
74	58	1
74	59	1
74	60	1
74	61	1
74	62	1
74	63	1
74	64	1
74	65	1
74	66	1
74	67	1
74	68	1
74	69	1
74	70	1
74	71	1
74	72	1
74	73	1
74	74	1
74	75	1
74	76	1
74	77	1
74	78	1
74	79	1
74	80	1
74	81	1
74	82	1
74	83	1
74	84	1
74	85	1
74	86	1
74	87	1
74	88	1
74	89	1
74	90	1
74	91	1
74	92	1
74	93	1
74	94	1
74	95	1
74	96	1
75	59	1
75	60	1
75	61	1
75	62	1
75	63	1
75	64	1
75	65	1
75	66	1
75	67	1
75	68	1
75	69	1
75	70	1
75	71	1
75	72	1
75	73	1
75	74	1
75	75	1
75	76	1
75	77	1
75	78	1
75	79	1
75	80	1
75	81	1
75	82	1
75	83	1
75	84	1
75	85	1
75	86	1
75	87	1
75	88	1
75	89	1
75	90	1
75	91	1
75	92	1
75	93	1
75	94	1
75	95	1
76	59	1
76	60	1
76	61	1
76	62	1
76	63	1
76	64	1
76	65	1
76	66	1
76	67	1
76	68	1
76	69	1
76	70	1
76	71	1
76	72	1
76	73	1
76	74	1
76	75	1
76	76	1
76	77	1
76	78	1
76	79	1
76	80	1
76	81	1
76	82	1
76	83	1
76	84	1
76	85	1
76	86	1
76	87	1
76	88	1
76	89	1
76	90	1
76	91	1
76	92	1
76	93	1
76	94	1
76	95	1
77	60	1
77	61	1
77	62	1
77	63	1
77	64	1
77	65	1
77	66	1
77	67	1
77	68	1
77	69	1
77	70	1
77	71	1
77	72	1
77	73	1
77	74	1
77	75	1
77	76	1
77	77	1
77	78	1
77	79	1
77	80	1
77	81	1
77	82	1
77	83	1
77	84	1
77	85	1
77	86	1
77	87	1
77	88	1
77	89	1
77	90	1
77	91	1
77	92	1
77	93	1
77	94	1
78	60	1
78	61	1
78	62	1
78	63	1
78	64	1
78	65	1
78	66	1
78	67	1
78	68	1
78	69	1
78	70	1
78	71	1
78	72	1
78	73	1
78	74	1
78	75	1
78	76	1
78	77	1
78	78	1
78	79	1
78	80	1
78	81	1
78	82	1
78	83	1
78	84	1
78	85	1
78	86	1
78	87	1
78	88	1
78	89	1
78	90	1
78	91	1
78	92	1
78	93	1
78	94	1
79	61	1
79	62	1
79	63	1
79	64	1
79	65	1
79	66	1
79	67	1
79	68	1
79	69	1
79	70	1
79	71	1
79	72	1
79	73	1
79	74	1
79	75	1
79	76	1
79	77	1
79	78	1
79	79	1
79	80	1
79	81	1
79	82	1
79	83	1
79	84	1
79	85	1
79	86	1
79	87	1
79	88	1
79	89	1
79	90	1
79	91	1
79	92	1
79	93	1
80	61	1
80	62	1
80	63	1
80	64	1
80	65	1
80	66	1
80	67	1
80	68	1
80	69	1
80	70	1
80	71	1
80	72	1
80	73	1
80	74	1
80	75	1
80	76	1
80	77	1
80	78	1
80	79	1
80	80	1
80	81	1
80	82	1
80	83	1
80	84	1
80	85	1
80	86	1
80	87	1
80	88	1
80	89	1
80	90	1
80	91	1
80	92	1
80	93	1
81	62	1
81	63	1
81	64	1
81	65	1
81	66	1
81	67	1
81	68	1
81	69	1
81	70	1
81	71	1
81	72	1
81	73	1
81	74	1
81	75	1
81	76	1
81	77	1
81	78	1
81	79	1
81	80	1
81	81	1
81	82	1
81	83	1
81	84	1
81	85	1
81	86	1
81	87	1
81	88	1
81	89	1
81	90	1
81	91	1
81	92	1
82	63	1
82	64	1
82	65	1
82	66	1
82	67	1
82	68	1
82	69	1
82	70	1
82	71	1
82	72	1
82	73	1
82	74	1
82	75	1
82	76	1
82	77	1
82	78	1
82	79	1
82	80	1
82	81	1
82	82	1
82	83	1
82	84	1
82	85	1
82	86	1
82	87	1
82	88	1
82	89	1
82	90	1
82	91	1
83	64	1
83	65	1
83	66	1
83	67	1
83	68	1
83	69	1
83	70	1
83	71	1
83	72	1
83	73	1
83	74	1
83	75	1
83	76	1
83	77	1
83	78	1
83	79	1
83	80	1
83	81	1
83	82	1
83	83	1
83	84	1
83	85	1
83	86	1
83	87	1
83	88	1
83	89	1
83	90	1
84	65	1
84	66	1
84	67	1
84	68	1
84	69	1
84	70	1
84	71	1
84	72	1
84	73	1
84	74	1
84	75	1
84	76	1
84	77	1
84	78	1
84	79	1
84	80	1
84	81	1
84	82	1
84	83	1
84	84	1
84	85	1
84	86	1
84	87	1
84	88	1
84	89	1
85	67	1
85	68	1
85	69	1
85	70	1
85	71	1
85	72	1
85	73	1
85	74	1
85	75	1
85	76	1
85	77	1
85	78	1
85	79	1
85	80	1
85	81	1
85	82	1
85	83	1
85	84	1
85	85	1
85	86	1
85	87	1
86	69	1
86	70	1
86	71	1
86	72	1
86	73	1
86	74	1
86	75	1
86	76	1
86	77	1
86	78	1
86	79	1
86	80	1
86	81	1
86	82	1
86	83	1
86	84	1
86	85	1
87	71	1
87	72	1
87	73	1
87	74	1
87	75	1
87	76	1
87	77	1
87	78	1
87	79	1
87	80	1
87	81	1
87	82	1
87	83	1
88	77	1
1	138	1
2	130	1
2	131	1
2	132	1
2	133	1
2	134	1
2	135	1
2	136	1
2	137	1
2	138	1
2	139	1
2	140	1
2	141	1
2	142	1
2	143	1
2	144	1
2	145	1
2	146	1
3	126	1
3	127	1
3	128	1
3	129	1
3	130	1
3	131	1
3	132	1
3	133	1
3	134	1
3	135	1
3	136	1
3	137	1
3	138	1
3	139	1
3	140	1
3	141	1
3	142	1
3	143	1
3	144	1
3	145	1
3	146	1
3	147	1
3	148	1
3	149	1
3	150	1
4	123	1
4	124	1
4	125	1
4	126	1
4	127	1
4	128	1
4	129	1
4	130	1
4	131	1
4	132	1
4	133	1
4	134	1
4	135	1
4	136	1
4	137	1
4	138	1
4	139	1
4	140	1
4	141	1
4	142	1
4	143	1
4	144	1
4	145	1
4	146	1
4	147	1
4	148	1
4	149	1
4	150	1
4	151	1
4	152	1
4	153	1
5	121	1
5	122	1
5	123	1
5	124	1
5	125	1
5	126	1
5	127	1
5	128	1
5	129	1
5	130	1
5	131	1
5	132	1
5	133	1
5	134	1
5	135	1
5	136	1
5	137	1
5	138	1
5	139	1
5	140	1
5	141	1
5	142	1
5	143	1
5	144	1
5	145	1
5	146	1
5	147	1
5	148	1
5	149	1
5	150	1
5	151	1
5	152	1
5	153	1
5	154	1
5	155	1
6	119	1
6	120	1
6	121	1
6	122	1
6	123	1
6	124	1
6	125	1
6	126	1
6	127	1
6	128	1
6	129	1
6	130	1
6	131	1
6	132	1
6	133	1
6	134	1
6	135	1
6	136	1
6	137	1
6	138	1
6	139	1
6	140	1
6	141	1
6	142	1
6	143	1
6	144	1
6	145	1
6	146	1
6	147	1
6	148	1
6	149	1
6	150	1
6	151	1
6	152	1
6	153	1
6	154	1
6	155	1
6	156	1
6	157	1
7	117	1
7	118	1
7	119	1
7	120	1
7	121	1
7	122	1
7	123	1
7	124	1
7	125	1
7	126	1
7	127	1
7	128	1
7	129	1
7	130	1
7	131	1
7	132	1
7	133	1
7	134	1
7	135	1
7	136	1
7	137	1
7	138	1
7	139	1
7	140	1
7	141	1
7	142	1
7	143	1
7	144	1
7	145	1
7	146	1
7	147	1
7	148	1
7	149	1
7	150	1
7	151	1
7	152	1
7	153	1
7	154	1
7	155	1
7	156	1
7	157	1
7	158	1
7	159	1
8	116	1
8	117	1
8	118	1
8	119	1
8	120	1
8	121	1
8	122	1
8	123	1
8	124	1
8	125	1
8	126	1
8	127	1
8	128	1
8	129	1
8	130	1
8	131	1
8	132	1
8	133	1
8	134	1
8	135	1
8	136	1
8	137	1
8	138	1
8	139	1
8	140	1
8	141	1
8	142	1
8	143	1
8	144	1
8	145	1
8	146	1
8	147	1
8	148	1
8	149	1
8	150	1
8	151	1
8	152	1
8	153	1
8	154	1
8	155	1
8	156	1
8	157	1
8	158	1
8	159	1
8	160	1
9	114	1
9	115	1
9	116	1
9	117	1
9	118	1
9	119	1
9	120	1
9	121	1
9	122	1
9	123	1
9	124	1
9	125	1
9	126	1
9	127	1
9	128	1
9	129	1
9	130	1
9	131	1
9	132	1
9	133	1
9	134	1
9	135	1
9	136	1
9	137	1
9	138	1
9	139	1
9	140	1
9	141	1
9	142	1
9	143	1
9	144	1
9	145	1
9	146	1
9	147	1
9	148	1
9	149	1
9	150	1
9	151	1
9	152	1
9	153	1
9	154	1
9	155	1
9	156	1
9	157	1
9	158	1
9	159	1
9	160	1
9	161	1
10	113	1
10	114	1
10	115	1
10	116	1
10	117	1
10	118	1
10	119	1
10	120	1
10	121	1
10	122	1
10	123	1
10	124	1
10	125	1
10	126	1
10	127	1
10	128	1
10	129	1
10	130	1
10	131	1
10	132	1
10	133	1
10	134	1
10	135	1
10	136	1
10	137	1
10	138	1
10	139	1
10	140	1
10	141	1
10	142	1
10	143	1
10	144	1
10	145	1
10	146	1
10	147	1
10	148	1
10	149	1
10	150	1
10	151	1
10	152	1
10	153	1
10	154	1
10	155	1
10	156	1
10	157	1
10	158	1
10	159	1
10	160	1
10	161	1
11	112	1
11	113	1
11	114	1
11	115	1
11	116	1
11	117	1
11	118	1
11	119	1
11	120	1
11	121	1
11	122	1
11	123	1
11	124	1
11	125	1
11	126	1
11	127	1
11	128	1
11	129	1
11	130	1
11	131	1
11	132	1
11	133	1
11	134	1
11	135	1
11	136	1
11	137	1
11	138	1
11	139	1
11	140	1
11	141	1
11	142	1
11	143	1
11	144	1
11	145	1
11	146	1
11	147	1
11	148	1
11	149	1
11	150	1
11	151	1
11	152	1
11	153	1
11	154	1
11	155	1
11	156	1
11	157	1
11	158	1
11	159	1
11	160	1
11	161	1
12	111	1
12	112	1
12	113	1
12	114	1
12	115	1
12	116	1
12	117	1
12	118	1
12	119	1
12	120	1
12	121	1
12	122	1
12	123	1
12	124	1
12	125	1
12	126	1
12	127	1
12	128	1
12	129	1
12	130	1
12	131	1
12	132	1
12	133	1
12	134	1
12	135	1
12	136	1
12	137	1
12	138	1
12	139	1
12	140	1
12	141	1
12	142	1
12	143	1
12	144	1
12	145	1
12	146	1
12	147	1
12	148	1
12	149	1
12	150	1
12	151	1
12	152	1
12	153	1
12	154	1
12	155	1
12	156	1
12	157	1
12	158	1
12	159	1
12	160	1
12	161	1
13	110	1
13	111	1
13	112	1
13	113	1
13	114	1
13	115	1
13	116	1
13	117	1
13	118	1
13	119	1
13	120	1
13	121	1
13	122	1
13	123	1
13	124	1
13	125	1
13	126	1
13	127	1
13	128	1
13	129	1
13	130	1
13	131	1
13	132	1
13	133	1
13	134	1
13	135	1
13	136	1
13	137	1
13	138	1
13	139	1
13	140	1
13	141	1
13	142	1
13	143	1
13	144	1
13	145	1
13	146	1
13	147	1
13	148	1
13	149	1
13	150	1
13	151	1
13	152	1
13	153	1
13	154	1
13	155	1
13	156	1
13	157	1
13	158	1
13	159	1
13	160	1
13	161	1
14	109	1
14	110	1
14	111	1
14	112	1
14	113	1
14	114	1
14	115	1
14	116	1
14	117	1
14	118	1
14	119	1
14	120	1
14	121	1
14	122	1
14	123	1
14	124	1
14	125	1
14	126	1
14	127	1
14	128	1
14	129	1
14	130	1
14	131	1
14	132	1
14	133	1
14	134	1
14	135	1
14	136	1
14	137	1
14	138	1
14	139	1
14	140	1
14	141	1
14	142	1
14	143	1
14	144	1
14	145	1
14	146	1
14	147	1
14	148	1
14	149	1
14	150	1
14	151	1
14	152	1
14	153	1
14	154	1
14	155	1
14	156	1
14	157	1
14	158	1
14	159	1
14	160	1
14	161	1
15	108	1
15	109	1
15	110	1
15	111	1
15	112	1
15	113	1
15	114	1
15	115	1
15	116	1
15	117	1
15	118	1
15	119	1
15	120	1
15	121	1
15	122	1
15	123	1
15	124	1
15	125	1
15	126	1
15	127	1
15	128	1
15	129	1
15	130	1
15	131	1
15	132	1
15	133	1
15	134	1
15	135	1
15	136	1
15	137	1
15	138	1
15	139	1
15	140	1
15	141	1
15	142	1
15	143	1
15	144	1
15	145	1
15	146	1
15	147	1
15	148	1
15	149	1
15	150	1
15	151	1
15	152	1
15	153	1
15	154	1
15	155	1
15	156	1
15	157	1
15	158	1
15	159	1
15	160	1
15	161	1
16	107	1
16	108	1
16	109	1
16	110	1
16	111	1
16	112	1
16	113	1
16	114	1
16	115	1
16	116	1
16	117	1
16	118	1
16	119	1
16	120	1
16	121	1
16	122	1
16	123	1
16	124	1
16	125	1
16	126	1
16	127	1
16	128	1
16	129	1
16	130	1
16	131	1
16	132	1
16	133	1
16	134	1
16	135	1
16	136	1
16	137	1
16	138	1
16	139	1
16	140	1
16	141	1
16	142	1
16	143	1
16	144	1
16	145	1
16	146	1
16	147	1
16	148	1
16	149	1
16	150	1
16	151	1
16	152	1
16	153	1
16	154	1
16	155	1
16	156	1
16	157	1
16	158	1
16	159	1
16	160	1
16	161	1
17	106	1
17	107	1
17	108	1
17	109	1
17	110	1
17	111	1
17	112	1
17	113	1
17	114	1
17	115	1
17	116	1
17	117	1
17	118	1
17	119	1
17	120	1
17	121	1
17	122	1
17	123	1
17	124	1
17	125	1
17	126	1
17	127	1
17	128	1
17	129	1
17	130	1
17	131	1
17	132	1
17	133	1
17	134	1
17	135	1
17	136	1
17	137	1
17	138	1
17	139	1
17	140	1
17	141	1
17	142	1
17	143	1
17	144	1
17	145	1
17	146	1
17	147	1
17	148	1
17	149	1
17	150	1
17	151	1
17	152	1
17	153	1
17	154	1
17	155	1
17	156	1
17	157	1
17	158	1
17	159	1
17	160	1
17	161	1
18	106	1
18	107	1
18	108	1
18	109	1
18	110	1
18	111	1
18	112	1
18	113	1
18	114	1
18	115	1
18	116	1
18	117	1
18	118	1
18	119	1
18	120	1
18	121	1
18	122	1
18	123	1
18	124	1
18	125	1
18	126	1
18	127	1
18	128	1
18	129	1
18	130	1
18	131	1
18	132	1
18	133	1
18	134	1
18	135	1
18	136	1
18	137	1
18	138	1
18	139	1
18	140	1
18	141	1
18	142	1
18	143	1
18	144	1
18	145	1
18	146	1
18	147	1
18	148	1
18	149	1
18	150	1
18	151	1
18	152	1
18	153	1
18	154	1
18	155	1
18	156	1
18	157	1
18	158	1
18	159	1
18	160	1
18	161	1
19	105	1
19	106	1
19	107	1
19	108	1
19	109	1
19	110	1
19	111	1
19	112	1
19	113	1
19	114	1
19	115	1
19	116	1
19	117	1
19	118	1
19	119	1
19	120	1
19	121	1
19	122	1
19	123	1
19	124	1
19	125	1
19	126	1
19	127	1
19	128	1
19	129	1
19	130	1
19	131	1
19	132	1
19	133	1
19	134	1
19	135	1
19	136	1
19	137	1
19	138	1
19	139	1
19	140	1
19	141	1
19	142	1
19	143	1
19	144	1
19	145	1
19	146	1
19	147	1
19	148	1
19	149	1
19	150	1
19	151	1
19	152	1
19	153	1
19	154	1
19	155	1
19	156	1
19	157	1
19	158	1
19	159	1
19	160	1
19	161	1
20	104	1
20	105	1
20	106	1
20	107	1
20	108	1
20	109	1
20	110	1
20	111	1
20	112	1
20	113	1
20	114	1
20	115	1
20	116	1
20	117	1
20	118	1
20	119	1
20	120	1
20	121	1
20	122	1
20	123	1
20	124	1
20	125	1
20	126	1
20	127	1
20	128	1
20	129	1
20	130	1
20	131	1
20	132	1
20	133	1
20	134	1
20	135	1
20	136	1
20	137	1
20	138	1
20	139	1
20	140	1
20	141	1
20	142	1
20	143	1
20	144	1
20	145	1
20	146	1
20	147	1
20	148	1
20	149	1
20	150	1
20	151	1
20	152	1
20	153	1
20	154	1
20	155	1
20	156	1
20	157	1
20	158	1
20	159	1
20	160	1
20	161	1
21	104	1
21	105	1
21	106	1
21	107	1
21	108	1
21	109	1
21	110	1
21	111	1
21	112	1
21	113	1
21	114	1
21	115	1
21	116	1
21	117	1
21	118	1
21	119	1
21	120	1
21	121	1
21	122	1
21	123	1
21	124	1
21	125	1
21	126	1
21	127	1
21	128	1
21	129	1
21	130	1
21	131	1
21	132	1
21	133	1
21	134	1
21	135	1
21	136	1
21	137	1
21	138	1
21	139	1
21	140	1
21	141	1
21	142	1
21	143	1
21	144	1
21	145	1
21	146	1
21	147	1
21	148	1
21	149	1
21	150	1
21	151	1
21	152	1
21	153	1
21	154	1
21	155	1
21	156	1
21	157	1
21	158	1
21	159	1
21	160	1
21	161	1
22	103	1
22	104	1
22	105	1
22	106	1
22	107	1
22	108	1
22	109	1
22	110	1
22	111	1
22	112	1
22	113	1
22	114	1
22	115	1
22	116	1
22	117	1
22	118	1
22	119	1
22	120	1
22	121	1
22	122	1
22	123	1
22	124	1
22	125	1
22	126	1
22	127	1
22	128	1
22	129	1
22	130	1
22	131	1
22	132	1
22	133	1
22	134	1
22	135	1
22	136	1
22	137	1
22	138	1
22	139	1
22	140	1
22	141	1
22	142	1
22	143	1
22	144	1
22	145	1
22	146	1
22	147	1
22	148	1
22	149	1
22	150	1
22	151	1
22	152	1
22	153	1
22	154	1
22	155	1
22	156	1
22	157	1
22	158	1
22	159	1
22	160	1
22	161	1
23	103	1
23	104	1
23	105	1
23	106	1
23	107	1
23	108	1
23	109	1
23	110	1
23	111	1
23	112	1
23	113	1
23	114	1
23	115	1
23	116	1
23	117	1
23	118	1
23	119	1
23	120	1
23	121	1
23	122	1
23	123	1
23	124	1
23	125	1
23	126	1
23	127	1
23	128	1
23	129	1
23	130	1
23	131	1
23	132	1
23	133	1
23	134	1
23	135	1
23	136	1
23	137	1
23	138	1
23	139	1
23	140	1
23	141	1
23	142	1
23	143	1
23	144	1
23	145	1
23	146	1
23	147	1
23	148	1
23	149	1
23	150	1
23	151	1
23	152	1
23	153	1
23	154	1
23	155	1
23	156	1
23	157	1
23	158	1
23	159	1
23	160	1
23	161	1
24	102	1
24	103	1
24	104	1
24	105	1
24	106	1
24	107	1
24	108	1
24	109	1
24	110	1
24	111	1
24	112	1
24	113	1
24	114	1
24	115	1
24	116	1
24	117	1
24	118	1
24	119	1
24	120	1
24	121	1
24	122	1
24	123	1
24	124	1
24	125	1
24	126	1
24	127	1
24	128	1
24	129	1
24	130	1
24	131	1
24	132	1
24	133	1
24	134	1
24	135	1
24	136	1
24	137	1
24	138	1
24	139	1
24	140	1
24	141	1
24	142	1
24	143	1
24	144	1
24	145	1
24	146	1
24	147	1
24	148	1
24	149	1
24	150	1
24	151	1
24	152	1
24	153	1
24	154	1
24	155	1
24	156	1
24	157	1
24	158	1
24	159	1
24	160	1
24	161	1
25	102	1
25	103	1
25	104	1
25	105	1
25	106	1
25	107	1
25	108	1
25	109	1
25	110	1
25	111	1
25	112	1
25	113	1
25	114	1
25	115	1
25	116	1
25	117	1
25	118	1
25	119	1
25	120	1
25	121	1
25	122	1
25	123	1
25	124	1
25	125	1
25	126	1
25	127	1
25	128	1
25	129	1
25	130	1
25	131	1
25	132	1
25	133	1
25	134	1
25	135	1
25	136	1
25	137	1
25	138	1
25	139	1
25	140	1
25	141	1
25	142	1
25	143	1
25	144	1
25	145	1
25	146	1
25	147	1
25	148	1
25	149	1
25	150	1
25	151	1
25	152	1
25	153	1
25	154	1
25	155	1
25	156	1
25	157	1
25	158	1
25	159	1
25	160	1
25	161	1
26	101	1
26	102	1
26	103	1
26	104	1
26	105	1
26	106	1
26	107	1
26	108	1
26	109	1
26	110	1
26	111	1
26	112	1
26	113	1
26	114	1
26	115	1
26	116	1
26	117	1
26	118	1
26	119	1
26	120	1
26	121	1
26	122	1
26	123	1
26	124	1
26	125	1
26	126	1
26	127	1
26	128	1
26	129	1
26	130	1
26	131	1
26	132	1
26	133	1
26	134	1
26	135	1
26	136	1
26	137	1
26	138	1
26	139	1
26	140	1
26	141	1
26	142	1
26	143	1
26	144	1
26	145	1
26	146	1
26	147	1
26	148	1
26	149	1
26	150	1
26	151	1
26	152	1
26	153	1
26	154	1
26	155	1
26	156	1
26	157	1
26	158	1
26	159	1
26	160	1
26	161	1
27	101	1
27	102	1
27	103	1
27	104	1
27	105	1
27	106	1
27	107	1
27	108	1
27	109	1
27	110	1
27	111	1
27	112	1
27	113	1
27	114	1
27	115	1
27	116	1
27	117	1
27	118	1
27	119	1
27	120	1
27	121	1
27	122	1
27	123	1
27	124	1
27	125	1
27	126	1
27	127	1
27	128	1
27	129	1
27	130	1
27	131	1
27	132	1
27	133	1
27	134	1
27	135	1
27	136	1
27	137	1
27	138	1
27	139	1
27	140	1
27	141	1
27	142	1
27	143	1
27	144	1
27	145	1
27	146	1
27	147	1
27	148	1
27	149	1
27	150	1
27	151	1
27	152	1
27	153	1
27	154	1
27	155	1
27	156	1
27	157	1
27	158	1
27	159	1
27	160	1
27	161	1
28	101	1
28	102	1
28	103	1
28	104	1
28	105	1
28	106	1
28	107	1
28	108	1
28	109	1
28	110	1
28	111	1
28	112	1
28	113	1
28	114	1
28	115	1
28	116	1
28	117	1
28	118	1
28	119	1
28	120	1
28	121	1
28	122	1
28	123	1
28	124	1
28	125	1
28	126	1
28	127	1
28	128	1
28	129	1
28	130	1
28	131	1
28	132	1
28	133	1
28	134	1
28	135	1
28	136	1
28	137	1
28	138	1
28	139	1
28	140	1
28	141	1
28	142	1
28	143	1
28	144	1
28	145	1
28	146	1
28	147	1
28	148	1
28	149	1
28	150	1
28	151	1
28	152	1
28	153	1
28	154	1
28	155	1
28	156	1
28	157	1
28	158	1
28	159	1
28	160	1
28	161	1
29	100	1
29	101	1
29	102	1
29	103	1
29	104	1
29	105	1
29	106	1
29	107	1
29	108	1
29	109	1
29	110	1
29	111	1
29	112	1
29	113	1
29	114	1
29	115	1
29	116	1
29	117	1
29	118	1
29	119	1
29	120	1
29	121	1
29	122	1
29	123	1
29	124	1
29	125	1
29	126	1
29	127	1
29	128	1
29	129	1
29	130	1
29	131	1
29	132	1
29	133	1
29	134	1
29	135	1
29	136	1
29	137	1
29	138	1
29	139	1
29	140	1
29	141	1
29	142	1
29	143	1
29	144	1
29	145	1
29	146	1
29	147	1
29	148	1
29	149	1
29	150	1
29	151	1
29	152	1
29	153	1
29	154	1
29	155	1
29	156	1
29	157	1
29	158	1
29	159	1
29	160	1
29	161	1
30	100	1
30	101	1
30	102	1
30	103	1
30	104	1
30	105	1
30	106	1
30	107	1
30	108	1
30	109	1
30	110	1
30	111	1
30	112	1
30	113	1
30	114	1
30	115	1
30	116	1
30	117	1
30	118	1
30	119	1
30	120	1
30	121	1
30	122	1
30	123	1
30	124	1
30	125	1
30	126	1
30	127	1
30	128	1
30	129	1
30	130	1
30	131	1
30	132	1
30	133	1
30	134	1
30	135	1
30	136	1
30	137	1
30	138	1
30	139	1
30	140	1
30	141	1
30	142	1
30	143	1
30	144	1
30	145	1
30	146	1
30	147	1
30	148	1
30	149	1
30	150	1
30	151	1
30	152	1
30	153	1
30	154	1
30	155	1
30	156	1
30	157	1
30	158	1
30	159	1
30	160	1
30	161	1
31	100	1
31	101	1
31	102	1
31	103	1
31	104	1
31	105	1
31	106	1
31	107	1
31	108	1
31	109	1
31	110	1
31	111	1
31	112	1
31	113	1
31	114	1
31	115	1
31	116	1
31	117	1
31	118	1
31	119	1
31	120	1
31	121	1
31	122	1
31	123	1
31	124	1
31	125	1
31	126	1
31	127	1
31	128	1
31	129	1
31	130	1
31	131	1
31	132	1
31	133	1
31	134	1
31	135	1
31	136	1
31	137	1
31	138	1
31	139	1
31	140	1
31	141	1
31	142	1
31	143	1
31	144	1
31	145	1
31	146	1
31	147	1
31	148	1
31	149	1
31	150	1
31	151	1
31	152	1
31	153	1
31	154	1
31	155	1
31	156	1
31	157	1
31	158	1
31	159	1
31	160	1
31	161	1
32	100	1
32	101	1
32	102	1
32	103	1
32	104	1
32	105	1
32	106	1
32	107	1
32	108	1
32	109	1
32	110	1
32	111	1
32	112	1
32	113	1
32	114	1
32	115	1
32	116	1
32	117	1
32	118	1
32	119	1
32	120	1
32	121	1
32	122	1
32	123	1
32	124	1
32	125	1
32	126	1
32	127	1
32	128	1
32	129	1
32	130	1
32	131	1
32	132	1
32	133	1
32	134	1
32	135	1
32	136	1
32	137	1
32	138	1
32	139	1
32	140	1
32	141	1
32	142	1
32	143	1
32	144	1
32	145	1
32	146	1
32	147	1
32	148	1
32	149	1
32	150	1
32	151	1
32	152	1
32	153	1
32	154	1
32	155	1
32	156	1
32	157	1
32	158	1
32	159	1
32	160	1
32	161	1
33	99	1
33	100	1
33	101	1
33	102	1
33	103	1
33	104	1
33	105	1
33	106	1
33	107	1
33	108	1
33	109	1
33	110	1
33	111	1
33	112	1
33	113	1
33	114	1
33	115	1
33	116	1
33	117	1
33	118	1
33	119	1
33	120	1
33	121	1
33	122	1
33	123	1
33	124	1
33	125	1
33	126	1
33	127	1
33	128	1
33	129	1
33	130	1
33	131	1
33	132	1
33	133	1
33	134	1
33	135	1
33	136	1
33	137	1
33	138	1
33	139	1
33	140	1
33	141	1
33	142	1
33	143	1
33	144	1
33	145	1
33	146	1
33	147	1
33	148	1
33	149	1
33	150	1
33	151	1
33	152	1
33	153	1
33	154	1
33	155	1
33	156	1
33	157	1
33	158	1
33	159	1
33	160	1
33	161	1
34	99	1
34	100	1
34	101	1
34	102	1
34	103	1
34	104	1
34	105	1
34	106	1
34	107	1
34	108	1
34	109	1
34	110	1
34	111	1
34	112	1
34	113	1
34	114	1
34	115	1
34	116	1
34	117	1
34	118	1
34	119	1
34	120	1
34	121	1
34	122	1
34	123	1
34	124	1
34	125	1
34	126	1
34	127	1
34	128	1
34	129	1
34	130	1
34	131	1
34	132	1
34	133	1
34	134	1
34	135	1
34	136	1
34	137	1
34	138	1
34	139	1
34	140	1
34	141	1
34	142	1
34	143	1
34	144	1
34	145	1
34	146	1
34	147	1
34	148	1
34	149	1
34	150	1
34	151	1
34	152	1
34	153	1
34	154	1
34	155	1
34	156	1
34	157	1
34	158	1
34	159	1
34	160	1
34	161	1
35	99	1
35	100	1
35	101	1
35	102	1
35	103	1
35	104	1
35	105	1
35	106	1
35	107	1
35	108	1
35	109	1
35	110	1
35	111	1
35	112	1
35	113	1
35	114	1
35	115	1
35	116	1
35	117	1
35	118	1
35	119	1
35	120	1
35	121	1
35	122	1
35	123	1
35	124	1
35	125	1
35	126	1
35	127	1
35	128	1
35	129	1
35	130	1
35	131	1
35	132	1
35	133	1
35	134	1
35	135	1
35	136	1
35	137	1
35	138	1
35	139	1
35	140	1
35	141	1
35	142	1
35	143	1
35	144	1
35	145	1
35	146	1
35	147	1
35	148	1
35	149	1
35	150	1
35	151	1
35	152	1
35	153	1
35	154	1
35	155	1
35	156	1
35	157	1
35	158	1
35	159	1
35	160	1
35	161	1
36	99	1
36	100	1
36	101	1
36	102	1
36	103	1
36	104	1
36	105	1
36	106	1
36	107	1
36	108	1
36	109	1
36	110	1
36	111	1
36	112	1
36	113	1
36	114	1
36	115	1
36	116	1
36	117	1
36	118	1
36	119	1
36	120	1
36	121	1
36	122	1
36	123	1
36	124	1
36	125	1
36	126	1
36	127	1
36	128	1
36	129	1
36	130	1
36	131	1
36	132	1
36	133	1
36	134	1
36	135	1
36	136	1
36	137	1
36	138	1
36	139	1
36	140	1
36	141	1
36	142	1
36	143	1
36	144	1
36	145	1
36	146	1
36	147	1
36	148	1
36	149	1
36	150	1
36	151	1
36	152	1
36	153	1
36	154	1
36	155	1
36	156	1
36	157	1
36	158	1
36	159	1
36	160	1
36	161	1
37	99	1
37	100	1
37	101	1
37	102	1
37	103	1
37	104	1
37	105	1
37	106	1
37	107	1
37	108	1
37	109	1
37	110	1
37	111	1
37	112	1
37	113	1
37	114	1
37	115	1
37	116	1
37	117	1
37	118	1
37	119	1
37	120	1
37	121	1
37	122	1
37	123	1
37	124	1
37	125	1
37	126	1
37	127	1
37	128	1
37	129	1
37	130	1
37	131	1
37	132	1
37	133	1
37	134	1
37	135	1
37	136	1
37	137	1
37	138	1
37	139	1
37	140	1
37	141	1
37	142	1
37	143	1
37	144	1
37	145	1
37	146	1
37	147	1
37	148	1
37	149	1
37	150	1
37	151	1
37	152	1
37	153	1
37	154	1
37	155	1
37	156	1
37	157	1
37	158	1
37	159	1
37	160	1
37	161	1
38	99	1
38	100	1
38	101	1
38	102	1
38	103	1
38	104	1
38	105	1
38	106	1
38	107	1
38	108	1
38	109	1
38	110	1
38	111	1
38	112	1
38	113	1
38	114	1
38	115	1
38	116	1
38	117	1
38	118	1
38	119	1
38	120	1
38	121	1
38	122	1
38	123	1
38	124	1
38	125	1
38	126	1
38	127	1
38	128	1
38	129	1
38	130	1
38	131	1
38	132	1
38	133	1
38	134	1
38	135	1
38	136	1
38	137	1
38	138	1
38	139	1
38	140	1
38	141	1
38	142	1
38	143	1
38	144	1
38	145	1
38	146	1
38	147	1
38	148	1
38	149	1
38	150	1
38	151	1
38	152	1
38	153	1
38	154	1
38	155	1
38	156	1
38	157	1
38	158	1
38	159	1
38	160	1
38	161	1
39	99	1
39	100	1
39	101	1
39	102	1
39	103	1
39	104	1
39	105	1
39	106	1
39	107	1
39	108	1
39	109	1
39	110	1
39	111	1
39	112	1
39	113	1
39	114	1
39	115	1
39	116	1
39	117	1
39	118	1
39	119	1
39	120	1
39	121	1
39	122	1
39	123	1
39	124	1
39	125	1
39	126	1
39	127	1
39	128	1
39	129	1
39	130	1
39	131	1
39	132	1
39	133	1
39	134	1
39	135	1
39	136	1
39	137	1
39	138	1
39	139	1
39	140	1
39	141	1
39	142	1
39	143	1
39	144	1
39	145	1
39	146	1
39	147	1
39	148	1
39	149	1
39	150	1
39	151	1
39	152	1
39	153	1
39	154	1
39	155	1
39	156	1
39	157	1
39	158	1
39	159	1
39	160	1
39	161	1
40	99	1
40	100	1
40	101	1
40	102	1
40	103	1
40	104	1
40	105	1
40	106	1
40	107	1
40	108	1
40	109	1
40	110	1
40	111	1
40	112	1
40	113	1
40	114	1
40	115	1
40	116	1
40	117	1
40	118	1
40	119	1
40	120	1
40	121	1
40	122	1
40	123	1
40	124	1
40	125	1
40	126	1
40	127	1
40	128	1
40	129	1
40	130	1
40	131	1
40	132	1
40	133	1
40	134	1
40	135	1
40	136	1
40	137	1
40	138	1
40	139	1
40	140	1
40	141	1
40	142	1
40	143	1
40	144	1
40	145	1
40	146	1
40	147	1
40	148	1
40	149	1
40	150	1
40	151	1
40	152	1
40	153	1
40	154	1
40	155	1
40	156	1
40	157	1
40	158	1
40	159	1
40	160	1
40	161	1
41	98	1
41	99	1
41	100	1
41	101	1
41	102	1
41	103	1
41	104	1
41	105	1
41	106	1
41	107	1
41	108	1
41	109	1
41	110	1
41	111	1
41	112	1
41	113	1
41	114	1
41	115	1
41	116	1
41	117	1
41	118	1
41	119	1
41	120	1
41	121	1
41	122	1
41	123	1
41	124	1
41	125	1
41	126	1
41	127	1
41	128	1
41	129	1
41	130	1
41	131	1
41	132	1
41	133	1
41	134	1
41	135	1
41	136	1
41	137	1
41	138	1
41	139	1
41	140	1
41	141	1
41	142	1
41	143	1
41	144	1
41	145	1
41	146	1
41	147	1
41	148	1
41	149	1
41	150	1
41	151	1
41	152	1
41	153	1
41	154	1
41	155	1
41	156	1
41	157	1
41	158	1
41	159	1
41	160	1
41	161	1
42	99	1
42	100	1
42	101	1
42	102	1
42	103	1
42	104	1
42	105	1
42	106	1
42	107	1
42	108	1
42	109	1
42	110	1
42	111	1
42	112	1
42	113	1
42	114	1
42	115	1
42	116	1
42	117	1
42	118	1
42	119	1
42	120	1
42	121	1
42	122	1
42	123	1
42	124	1
42	125	1
42	126	1
42	127	1
42	128	1
42	129	1
42	130	1
42	131	1
42	132	1
42	133	1
42	134	1
42	135	1
42	136	1
42	137	1
42	138	1
42	139	1
42	140	1
42	141	1
42	142	1
42	143	1
42	144	1
42	145	1
42	146	1
42	147	1
42	148	1
42	149	1
42	150	1
42	151	1
42	152	1
42	153	1
42	154	1
42	155	1
42	156	1
42	157	1
42	158	1
42	159	1
42	160	1
42	161	1
43	99	1
43	100	1
43	101	1
43	102	1
43	103	1
43	104	1
43	105	1
43	106	1
43	107	1
43	108	1
43	109	1
43	110	1
43	111	1
43	112	1
43	113	1
43	114	1
43	115	1
43	116	1
43	117	1
43	118	1
43	119	1
43	120	1
43	121	1
43	122	1
43	123	1
43	124	1
43	125	1
43	126	1
43	127	1
43	128	1
43	129	1
43	130	1
43	131	1
43	132	1
43	133	1
43	134	1
43	135	1
43	136	1
43	137	1
43	138	1
43	139	1
43	140	1
43	141	1
43	142	1
43	143	1
43	144	1
43	145	1
43	146	1
43	147	1
43	148	1
43	149	1
43	150	1
43	151	1
43	152	1
43	153	1
43	154	1
43	155	1
43	156	1
43	157	1
43	158	1
43	159	1
43	160	1
43	161	1
44	99	1
44	100	1
44	101	1
44	102	1
44	103	1
44	104	1
44	105	1
44	106	1
44	107	1
44	108	1
44	109	1
44	110	1
44	111	1
44	112	1
44	113	1
44	114	1
44	115	1
44	116	1
44	117	1
44	118	1
44	119	1
44	120	1
44	121	1
44	122	1
44	123	1
44	124	1
44	125	1
44	126	1
44	127	1
44	128	1
44	129	1
44	130	1
44	131	1
44	132	1
44	133	1
44	134	1
44	135	1
44	136	1
44	137	1
44	138	1
44	139	1
44	140	1
44	141	1
44	142	1
44	143	1
44	144	1
44	145	1
44	146	1
44	147	1
44	148	1
44	149	1
44	150	1
44	151	1
44	152	1
44	153	1
44	154	1
44	155	1
44	156	1
44	157	1
44	158	1
44	159	1
44	160	1
44	161	1
45	99	1
45	100	1
45	101	1
45	102	1
45	103	1
45	104	1
45	105	1
45	106	1
45	107	1
45	108	1
45	109	1
45	110	1
45	111	1
45	112	1
45	113	1
45	114	1
45	115	1
45	116	1
45	117	1
45	118	1
45	119	1
45	120	1
45	121	1
45	122	1
45	123	1
45	124	1
45	125	1
45	126	1
45	127	1
45	128	1
45	129	1
45	130	1
45	131	1
45	132	1
45	133	1
45	134	1
45	135	1
45	136	1
45	137	1
45	138	1
45	139	1
45	140	1
45	141	1
45	142	1
45	143	1
45	144	1
45	145	1
45	146	1
45	147	1
45	148	1
45	149	1
45	150	1
45	151	1
45	152	1
45	153	1
45	154	1
45	155	1
45	156	1
45	157	1
45	158	1
45	159	1
45	160	1
45	161	1
46	99	1
46	100	1
46	101	1
46	102	1
46	103	1
46	104	1
46	105	1
46	106	1
46	107	1
46	108	1
46	109	1
46	110	1
46	111	1
46	112	1
46	113	1
46	114	1
46	115	1
46	116	1
46	117	1
46	118	1
46	119	1
46	120	1
46	121	1
46	122	1
46	123	1
46	124	1
46	125	1
46	126	1
46	127	1
46	128	1
46	129	1
46	130	1
46	131	1
46	132	1
46	133	1
46	134	1
46	135	1
46	136	1
46	137	1
46	138	1
46	139	1
46	140	1
46	141	1
46	142	1
46	143	1
46	144	1
46	145	1
46	146	1
46	147	1
46	148	1
46	149	1
46	150	1
46	151	1
46	152	1
46	153	1
46	154	1
46	155	1
46	156	1
46	157	1
46	158	1
46	159	1
46	160	1
46	161	1
47	99	1
47	100	1
47	101	1
47	102	1
47	103	1
47	104	1
47	105	1
47	106	1
47	107	1
47	108	1
47	109	1
47	110	1
47	111	1
47	112	1
47	113	1
47	114	1
47	115	1
47	116	1
47	117	1
47	118	1
47	119	1
47	120	1
47	121	1
47	122	1
47	123	1
47	124	1
47	125	1
47	126	1
47	127	1
47	128	1
47	129	1
47	130	1
47	131	1
47	132	1
47	133	1
47	134	1
47	135	1
47	136	1
47	137	1
47	138	1
47	139	1
47	140	1
47	141	1
47	142	1
47	143	1
47	144	1
47	145	1
47	146	1
47	147	1
47	148	1
47	149	1
47	150	1
47	151	1
47	152	1
47	153	1
47	154	1
47	155	1
47	156	1
47	157	1
47	158	1
47	159	1
47	160	1
47	161	1
48	99	1
48	100	1
48	101	1
48	102	1
48	103	1
48	104	1
48	105	1
48	106	1
48	107	1
48	108	1
48	109	1
48	110	1
48	111	1
48	112	1
48	113	1
48	114	1
48	115	1
48	116	1
48	117	1
48	118	1
48	119	1
48	120	1
48	121	1
48	122	1
48	123	1
48	124	1
48	125	1
48	126	1
48	127	1
48	128	1
48	129	1
48	130	1
48	131	1
48	132	1
48	133	1
48	134	1
48	135	1
48	136	1
48	137	1
48	138	1
48	139	1
48	140	1
48	141	1
48	142	1
48	143	1
48	144	1
48	145	1
48	146	1
48	147	1
48	148	1
48	149	1
48	150	1
48	151	1
48	152	1
48	153	1
48	154	1
48	155	1
48	156	1
48	157	1
48	158	1
48	159	1
48	160	1
48	161	1
49	99	1
49	100	1
49	101	1
49	102	1
49	103	1
49	104	1
49	105	1
49	106	1
49	107	1
49	108	1
49	109	1
49	110	1
49	111	1
49	112	1
49	113	1
49	114	1
49	115	1
49	116	1
49	117	1
49	118	1
49	119	1
49	120	1
49	121	1
49	122	1
49	123	1
49	124	1
49	125	1
49	126	1
49	127	1
49	128	1
49	129	1
49	130	1
49	131	1
49	132	1
49	133	1
49	134	1
49	135	1
49	136	1
49	137	1
49	138	1
49	139	1
49	140	1
49	141	1
49	142	1
49	143	1
49	144	1
49	145	1
49	146	1
49	147	1
49	148	1
49	149	1
49	150	1
49	151	1
49	152	1
49	153	1
49	154	1
49	155	1
49	156	1
49	157	1
49	158	1
49	159	1
49	160	1
49	161	1
50	100	1
50	101	1
50	102	1
50	103	1
50	104	1
50	105	1
50	106	1
50	107	1
50	108	1
50	109	1
50	110	1
50	111	1
50	112	1
50	113	1
50	114	1
50	115	1
50	116	1
50	117	1
50	118	1
50	119	1
50	120	1
50	121	1
50	122	1
50	123	1
50	124	1
50	125	1
50	126	1
50	127	1
50	128	1
50	129	1
50	130	1
50	131	1
50	132	1
50	133	1
50	134	1
50	135	1
50	136	1
50	137	1
50	138	1
50	139	1
50	140	1
50	141	1
50	142	1
50	143	1
50	144	1
50	145	1
50	146	1
50	147	1
50	148	1
50	149	1
50	150	1
50	151	1
50	152	1
50	153	1
50	154	1
50	155	1
50	156	1
50	157	1
50	158	1
50	159	1
50	160	1
50	161	1
51	100	1
51	101	1
51	102	1
51	103	1
51	104	1
51	105	1
51	106	1
51	107	1
51	108	1
51	109	1
51	110	1
51	111	1
51	112	1
51	113	1
51	114	1
51	115	1
51	116	1
51	117	1
51	118	1
51	119	1
51	120	1
51	121	1
51	122	1
51	123	1
51	124	1
51	125	1
51	126	1
51	127	1
51	128	1
51	129	1
51	130	1
51	131	1
51	132	1
51	133	1
51	134	1
51	135	1
51	136	1
51	137	1
51	138	1
51	139	1
51	140	1
51	141	1
51	142	1
51	143	1
51	144	1
51	145	1
51	146	1
51	147	1
51	148	1
51	149	1
51	150	1
51	151	1
51	152	1
51	153	1
51	154	1
51	155	1
51	156	1
51	157	1
51	158	1
51	159	1
51	160	1
51	161	1
52	100	1
52	101	1
52	102	1
52	103	1
52	104	1
52	105	1
52	106	1
52	107	1
52	108	1
52	109	1
52	110	1
52	111	1
52	112	1
52	113	1
52	114	1
52	115	1
52	116	1
52	117	1
52	118	1
52	119	1
52	120	1
52	121	1
52	122	1
52	123	1
52	124	1
52	125	1
52	126	1
52	127	1
52	128	1
52	129	1
52	130	1
52	131	1
52	132	1
52	133	1
52	134	1
52	135	1
52	136	1
52	137	1
52	138	1
52	139	1
52	140	1
52	141	1
52	142	1
52	143	1
52	144	1
52	145	1
52	146	1
52	147	1
52	148	1
52	149	1
52	150	1
52	151	1
52	152	1
52	153	1
52	154	1
52	155	1
52	156	1
52	157	1
52	158	1
52	159	1
52	160	1
52	161	1
53	100	1
53	101	1
53	102	1
53	103	1
53	104	1
53	105	1
53	106	1
53	107	1
53	108	1
53	109	1
53	110	1
53	111	1
53	112	1
53	113	1
53	114	1
53	115	1
53	116	1
53	117	1
53	118	1
53	119	1
53	120	1
53	121	1
53	122	1
53	123	1
53	124	1
53	125	1
53	126	1
53	127	1
53	128	1
53	129	1
53	130	1
53	131	1
53	132	1
53	133	1
53	134	1
53	135	1
53	136	1
53	137	1
53	138	1
53	139	1
53	140	1
53	141	1
53	142	1
53	143	1
53	144	1
53	145	1
53	146	1
53	147	1
53	148	1
53	149	1
53	150	1
53	151	1
53	152	1
53	153	1
53	154	1
53	155	1
53	156	1
53	157	1
53	158	1
53	159	1
53	160	1
53	161	1
54	101	1
54	102	1
54	103	1
54	104	1
54	105	1
54	106	1
54	107	1
54	108	1
54	109	1
54	110	1
54	111	1
54	112	1
54	113	1
54	114	1
54	115	1
54	116	1
54	117	1
54	118	1
54	119	1
54	120	1
54	121	1
54	122	1
54	123	1
54	124	1
54	125	1
54	126	1
54	127	1
54	128	1
54	129	1
54	130	1
54	131	1
54	132	1
54	133	1
54	134	1
54	135	1
54	136	1
54	137	1
54	138	1
54	139	1
54	140	1
54	141	1
54	142	1
54	143	1
54	144	1
54	145	1
54	146	1
54	147	1
54	148	1
54	149	1
54	150	1
54	151	1
54	152	1
54	153	1
54	154	1
54	155	1
54	156	1
54	157	1
54	158	1
54	159	1
54	160	1
54	161	1
55	101	1
55	102	1
55	103	1
55	104	1
55	105	1
55	106	1
55	107	1
55	108	1
55	109	1
55	110	1
55	111	1
55	112	1
55	113	1
55	114	1
55	115	1
55	116	1
55	117	1
55	118	1
55	119	1
55	120	1
55	121	1
55	122	1
55	123	1
55	124	1
55	125	1
55	126	1
55	127	1
55	128	1
55	129	1
55	130	1
55	131	1
55	132	1
55	133	1
55	134	1
55	135	1
55	136	1
55	137	1
55	138	1
55	139	1
55	140	1
55	141	1
55	142	1
55	143	1
55	144	1
55	145	1
55	146	1
55	147	1
55	148	1
55	149	1
55	150	1
55	151	1
55	152	1
55	153	1
55	154	1
55	155	1
55	156	1
55	157	1
55	158	1
55	159	1
55	160	1
55	161	1
56	101	1
56	102	1
56	103	1
56	104	1
56	105	1
56	106	1
56	107	1
56	108	1
56	109	1
56	110	1
56	111	1
56	112	1
56	113	1
56	114	1
56	115	1
56	116	1
56	117	1
56	118	1
56	119	1
56	120	1
56	121	1
56	122	1
56	123	1
56	124	1
56	125	1
56	126	1
56	127	1
56	128	1
56	129	1
56	130	1
56	131	1
56	132	1
56	133	1
56	134	1
56	135	1
56	136	1
56	137	1
56	138	1
56	139	1
56	140	1
56	141	1
56	142	1
56	143	1
56	144	1
56	145	1
56	146	1
56	147	1
56	148	1
56	149	1
56	150	1
56	151	1
56	152	1
56	153	1
56	154	1
56	155	1
56	156	1
56	157	1
56	158	1
56	159	1
56	160	1
56	161	1
57	102	1
57	103	1
57	104	1
57	105	1
57	106	1
57	107	1
57	108	1
57	109	1
57	110	1
57	111	1
57	112	1
57	113	1
57	114	1
57	115	1
57	116	1
57	117	1
57	118	1
57	119	1
57	120	1
57	121	1
57	122	1
57	123	1
57	124	1
57	125	1
57	126	1
57	127	1
57	128	1
57	129	1
57	130	1
57	131	1
57	132	1
57	133	1
57	134	1
57	135	1
57	136	1
57	137	1
57	138	1
57	139	1
57	140	1
57	141	1
57	142	1
57	143	1
57	144	1
57	145	1
57	146	1
57	147	1
57	148	1
57	149	1
57	150	1
57	151	1
57	152	1
57	153	1
57	154	1
57	155	1
57	156	1
57	157	1
57	158	1
57	159	1
57	160	1
57	161	1
58	102	1
58	103	1
58	104	1
58	105	1
58	106	1
58	107	1
58	108	1
58	109	1
58	110	1
58	111	1
58	112	1
58	113	1
58	114	1
58	115	1
58	116	1
58	117	1
58	118	1
58	119	1
58	120	1
58	121	1
58	122	1
58	123	1
58	124	1
58	125	1
58	126	1
58	127	1
58	128	1
58	129	1
58	130	1
58	131	1
58	132	1
58	133	1
58	134	1
58	135	1
58	136	1
58	137	1
58	138	1
58	139	1
58	140	1
58	141	1
58	142	1
58	143	1
58	144	1
58	145	1
58	146	1
58	147	1
58	148	1
58	149	1
58	150	1
58	151	1
58	152	1
58	153	1
58	154	1
58	155	1
58	156	1
58	157	1
58	158	1
58	159	1
58	160	1
58	161	1
59	103	1
59	104	1
59	105	1
59	106	1
59	107	1
59	108	1
59	109	1
59	110	1
59	111	1
59	112	1
59	113	1
59	114	1
59	115	1
59	116	1
59	117	1
59	118	1
59	119	1
59	120	1
59	121	1
59	122	1
59	123	1
59	124	1
59	125	1
59	126	1
59	127	1
59	128	1
59	129	1
59	130	1
59	131	1
59	132	1
59	133	1
59	134	1
59	135	1
59	136	1
59	137	1
59	138	1
59	139	1
59	140	1
59	141	1
59	142	1
59	143	1
59	144	1
59	145	1
59	146	1
59	147	1
59	148	1
59	149	1
59	150	1
59	151	1
59	152	1
59	153	1
59	154	1
59	155	1
59	156	1
59	157	1
59	158	1
59	159	1
59	160	1
59	161	1
60	103	1
60	104	1
60	105	1
60	106	1
60	107	1
60	108	1
60	109	1
60	110	1
60	111	1
60	112	1
60	113	1
60	114	1
60	115	1
60	116	1
60	117	1
60	118	1
60	119	1
60	120	1
60	121	1
60	122	1
60	123	1
60	124	1
60	125	1
60	126	1
60	127	1
60	128	1
60	129	1
60	130	1
60	131	1
60	132	1
60	133	1
60	134	1
60	135	1
60	136	1
60	137	1
60	138	1
60	139	1
60	140	1
60	141	1
60	142	1
60	143	1
60	144	1
60	145	1
60	146	1
60	147	1
60	148	1
60	149	1
60	150	1
60	151	1
60	152	1
60	153	1
60	154	1
60	155	1
60	156	1
60	157	1
60	158	1
60	159	1
60	160	1
60	161	1
61	104	1
61	105	1
61	106	1
61	107	1
61	108	1
61	109	1
61	110	1
61	111	1
61	112	1
61	113	1
61	114	1
61	115	1
61	116	1
61	117	1
61	118	1
61	119	1
61	120	1
61	121	1
61	122	1
61	123	1
61	124	1
61	125	1
61	126	1
61	127	1
61	128	1
61	129	1
61	130	1
61	131	1
61	132	1
61	133	1
61	134	1
61	135	1
61	136	1
61	137	1
61	138	1
61	139	1
61	140	1
61	141	1
61	142	1
61	143	1
61	144	1
61	145	1
61	146	1
61	147	1
61	148	1
61	149	1
61	150	1
61	151	1
61	152	1
61	153	1
61	154	1
61	155	1
61	156	1
61	157	1
61	158	1
61	159	1
61	160	1
61	161	1
62	104	1
62	105	1
62	106	1
62	107	1
62	108	1
62	109	1
62	110	1
62	111	1
62	112	1
62	113	1
62	114	1
62	115	1
62	116	1
62	117	1
62	118	1
62	119	1
62	120	1
62	121	1
62	122	1
62	123	1
62	124	1
62	125	1
62	126	1
62	127	1
62	128	1
62	129	1
62	130	1
62	131	1
62	132	1
62	133	1
62	134	1
62	135	1
62	136	1
62	137	1
62	138	1
62	139	1
62	140	1
62	141	1
62	142	1
62	143	1
62	144	1
62	145	1
62	146	1
62	147	1
62	148	1
62	149	1
62	150	1
62	151	1
62	152	1
62	153	1
62	154	1
62	155	1
62	156	1
62	157	1
62	158	1
62	159	1
62	160	1
62	161	1
63	105	1
63	106	1
63	107	1
63	108	1
63	109	1
63	110	1
63	111	1
63	112	1
63	113	1
63	114	1
63	115	1
63	116	1
63	117	1
63	118	1
63	119	1
63	120	1
63	121	1
63	122	1
63	123	1
63	124	1
63	125	1
63	126	1
63	127	1
63	128	1
63	129	1
63	130	1
63	131	1
63	132	1
63	133	1
63	134	1
63	135	1
63	136	1
63	137	1
63	138	1
63	139	1
63	140	1
63	141	1
63	142	1
63	143	1
63	144	1
63	145	1
63	146	1
63	147	1
63	148	1
63	149	1
63	150	1
63	151	1
63	152	1
63	153	1
63	154	1
63	155	1
63	156	1
63	157	1
63	158	1
63	159	1
63	160	1
63	161	1
64	106	1
64	107	1
64	108	1
64	109	1
64	110	1
64	111	1
64	112	1
64	113	1
64	114	1
64	115	1
64	116	1
64	117	1
64	118	1
64	119	1
64	120	1
64	121	1
64	122	1
64	123	1
64	124	1
64	125	1
64	126	1
64	127	1
64	128	1
64	129	1
64	130	1
64	131	1
64	132	1
64	133	1
64	134	1
64	135	1
64	136	1
64	137	1
64	138	1
64	139	1
64	140	1
64	141	1
64	142	1
64	143	1
64	144	1
64	145	1
64	146	1
64	147	1
64	148	1
64	149	1
64	150	1
64	151	1
64	152	1
64	153	1
64	154	1
64	155	1
64	156	1
64	157	1
64	158	1
64	159	1
64	160	1
64	161	1
65	106	1
65	107	1
65	108	1
65	109	1
65	110	1
65	111	1
65	112	1
65	113	1
65	114	1
65	115	1
65	116	1
65	117	1
65	118	1
65	119	1
65	120	1
65	121	1
65	122	1
65	123	1
65	124	1
65	125	1
65	126	1
65	127	1
65	128	1
65	129	1
65	130	1
65	131	1
65	132	1
65	133	1
65	134	1
65	135	1
65	136	1
65	137	1
65	138	1
65	139	1
65	140	1
65	141	1
65	142	1
65	143	1
65	144	1
65	145	1
65	146	1
65	147	1
65	148	1
65	149	1
65	150	1
65	151	1
65	152	1
65	153	1
65	154	1
65	155	1
65	156	1
65	157	1
65	158	1
65	159	1
65	160	1
65	161	1
66	107	1
66	108	1
66	109	1
66	110	1
66	111	1
66	112	1
66	113	1
66	114	1
66	115	1
66	116	1
66	117	1
66	118	1
66	119	1
66	120	1
66	121	1
66	122	1
66	123	1
66	124	1
66	125	1
66	126	1
66	127	1
66	128	1
66	129	1
66	130	1
66	131	1
66	132	1
66	133	1
66	134	1
66	135	1
66	136	1
66	137	1
66	138	1
66	139	1
66	140	1
66	141	1
66	142	1
66	143	1
66	144	1
66	145	1
66	146	1
66	147	1
66	148	1
66	149	1
66	150	1
66	151	1
66	152	1
66	153	1
66	154	1
66	155	1
66	156	1
66	157	1
66	158	1
66	159	1
66	160	1
66	161	1
67	108	1
67	109	1
67	110	1
67	111	1
67	112	1
67	113	1
67	114	1
67	115	1
67	116	1
67	117	1
67	118	1
67	119	1
67	120	1
67	121	1
67	122	1
67	123	1
67	124	1
67	125	1
67	126	1
67	127	1
67	128	1
67	129	1
67	130	1
67	131	1
67	132	1
67	133	1
67	134	1
67	135	1
67	136	1
67	137	1
67	138	1
67	139	1
67	140	1
67	141	1
67	142	1
67	143	1
67	144	1
67	145	1
67	146	1
67	147	1
67	148	1
67	149	1
67	150	1
67	151	1
67	152	1
67	153	1
67	154	1
67	155	1
67	156	1
67	157	1
67	158	1
67	159	1
67	160	1
67	161	1
68	109	1
68	110	1
68	111	1
68	112	1
68	113	1
68	114	1
68	115	1
68	116	1
68	117	1
68	118	1
68	119	1
68	120	1
68	121	1
68	122	1
68	123	1
68	124	1
68	125	1
68	126	1
68	127	1
68	128	1
68	129	1
68	130	1
68	131	1
68	132	1
68	133	1
68	134	1
68	135	1
68	136	1
68	137	1
68	138	1
68	139	1
68	140	1
68	141	1
68	142	1
68	143	1
68	144	1
68	145	1
68	146	1
68	147	1
68	148	1
68	149	1
68	150	1
68	151	1
68	152	1
68	153	1
68	154	1
68	155	1
68	156	1
68	157	1
68	158	1
68	159	1
68	160	1
68	161	1
69	110	1
69	111	1
69	112	1
69	113	1
69	114	1
69	115	1
69	116	1
69	117	1
69	118	1
69	119	1
69	120	1
69	121	1
69	122	1
69	123	1
69	124	1
69	125	1
69	126	1
69	127	1
69	128	1
69	129	1
69	130	1
69	131	1
69	132	1
69	133	1
69	134	1
69	135	1
69	136	1
69	137	1
69	138	1
69	139	1
69	140	1
69	141	1
69	142	1
69	143	1
69	144	1
69	145	1
69	146	1
69	147	1
69	148	1
69	149	1
69	150	1
69	151	1
69	152	1
69	153	1
69	154	1
69	155	1
69	156	1
69	157	1
69	158	1
69	159	1
69	160	1
69	161	1
70	111	1
70	112	1
70	113	1
70	114	1
70	115	1
70	116	1
70	117	1
70	118	1
70	119	1
70	120	1
70	121	1
70	122	1
70	123	1
70	124	1
70	125	1
70	126	1
70	127	1
70	128	1
70	129	1
70	130	1
70	131	1
70	132	1
70	133	1
70	134	1
70	135	1
70	136	1
70	137	1
70	138	1
70	139	1
70	140	1
70	141	1
70	142	1
70	143	1
70	144	1
70	145	1
70	146	1
70	147	1
70	148	1
70	149	1
70	150	1
70	151	1
70	152	1
70	153	1
70	154	1
70	155	1
70	156	1
70	157	1
70	158	1
70	159	1
70	160	1
70	161	1
71	112	1
71	113	1
71	114	1
71	115	1
71	116	1
71	117	1
71	118	1
71	119	1
71	120	1
71	121	1
71	122	1
71	123	1
71	124	1
71	125	1
71	126	1
71	127	1
71	128	1
71	129	1
71	130	1
71	131	1
71	132	1
71	133	1
71	134	1
71	135	1
71	136	1
71	137	1
71	138	1
71	139	1
71	140	1
71	141	1
71	142	1
71	143	1
71	144	1
71	145	1
71	146	1
71	147	1
71	148	1
71	149	1
71	150	1
71	151	1
71	152	1
71	153	1
71	154	1
71	155	1
71	156	1
71	157	1
71	158	1
71	159	1
71	160	1
71	161	1
72	113	1
72	114	1
72	115	1
72	116	1
72	117	1
72	118	1
72	119	1
72	120	1
72	121	1
72	122	1
72	123	1
72	124	1
72	125	1
72	126	1
72	127	1
72	128	1
72	129	1
72	130	1
72	131	1
72	132	1
72	133	1
72	134	1
72	135	1
72	136	1
72	137	1
72	138	1
72	139	1
72	140	1
72	141	1
72	142	1
72	143	1
72	144	1
72	145	1
72	146	1
72	147	1
72	148	1
72	149	1
72	150	1
72	151	1
72	152	1
72	153	1
72	154	1
72	155	1
72	156	1
72	157	1
72	158	1
72	159	1
72	160	1
72	161	1
73	114	1
73	115	1
73	116	1
73	117	1
73	118	1
73	119	1
73	120	1
73	121	1
73	122	1
73	123	1
73	124	1
73	125	1
73	126	1
73	127	1
73	128	1
73	129	1
73	130	1
73	131	1
73	132	1
73	133	1
73	134	1
73	135	1
73	136	1
73	137	1
73	138	1
73	139	1
73	140	1
73	141	1
73	142	1
73	143	1
73	144	1
73	145	1
73	146	1
73	147	1
73	148	1
73	149	1
73	150	1
73	151	1
73	152	1
73	153	1
73	154	1
73	155	1
73	156	1
73	157	1
73	158	1
73	159	1
73	160	1
73	161	1
74	116	1
74	117	1
74	118	1
74	119	1
74	120	1
74	121	1
74	122	1
74	123	1
74	124	1
74	125	1
74	126	1
74	127	1
74	128	1
74	129	1
74	130	1
74	131	1
74	132	1
74	133	1
74	134	1
74	135	1
74	136	1
74	137	1
74	138	1
74	139	1
74	140	1
74	141	1
74	142	1
74	143	1
74	144	1
74	145	1
74	146	1
74	147	1
74	148	1
74	149	1
74	150	1
74	151	1
74	152	1
74	153	1
74	154	1
74	155	1
74	156	1
74	157	1
74	158	1
74	159	1
74	160	1
75	117	1
75	118	1
75	119	1
75	120	1
75	121	1
75	122	1
75	123	1
75	124	1
75	125	1
75	126	1
75	127	1
75	128	1
75	129	1
75	130	1
75	131	1
75	132	1
75	133	1
75	134	1
75	135	1
75	136	1
75	137	1
75	138	1
75	139	1
75	140	1
75	141	1
75	142	1
75	143	1
75	144	1
75	145	1
75	146	1
75	147	1
75	148	1
75	149	1
75	150	1
75	151	1
75	152	1
75	153	1
75	154	1
75	155	1
75	156	1
75	157	1
75	158	1
75	159	1
76	119	1
76	120	1
76	121	1
76	122	1
76	123	1
76	124	1
76	125	1
76	126	1
76	127	1
76	128	1
76	129	1
76	130	1
76	131	1
76	132	1
76	133	1
76	134	1
76	135	1
76	136	1
76	137	1
76	138	1
76	139	1
76	140	1
76	141	1
76	142	1
76	143	1
76	144	1
76	145	1
76	146	1
76	147	1
76	148	1
76	149	1
76	150	1
76	151	1
76	152	1
76	153	1
76	154	1
76	155	1
76	156	1
76	157	1
77	121	1
77	122	1
77	123	1
77	124	1
77	125	1
77	126	1
77	127	1
77	128	1
77	129	1
77	130	1
77	131	1
77	132	1
77	133	1
77	134	1
77	135	1
77	136	1
77	137	1
77	138	1
77	139	1
77	140	1
77	141	1
77	142	1
77	143	1
77	144	1
77	145	1
77	146	1
77	147	1
77	148	1
77	149	1
77	150	1
77	151	1
77	152	1
77	153	1
77	154	1
77	155	1
78	123	1
78	124	1
78	125	1
78	126	1
78	127	1
78	128	1
78	129	1
78	130	1
78	131	1
78	132	1
78	133	1
78	134	1
78	135	1
78	136	1
78	137	1
78	138	1
78	139	1
78	140	1
78	141	1
78	142	1
78	143	1
78	144	1
78	145	1
78	146	1
78	147	1
78	148	1
78	149	1
78	150	1
78	151	1
78	152	1
78	153	1
79	126	1
79	127	1
79	128	1
79	129	1
79	130	1
79	131	1
79	132	1
79	133	1
79	134	1
79	135	1
79	136	1
79	137	1
79	138	1
79	139	1
79	140	1
79	141	1
79	142	1
79	143	1
79	144	1
79	145	1
79	146	1
79	147	1
79	148	1
79	149	1
79	150	1
80	130	1
80	131	1
80	132	1
80	133	1
80	134	1
80	135	1
80	136	1
80	137	1
80	138	1
80	139	1
80	140	1
80	141	1
80	142	1
80	143	1
80	144	1
80	145	1
80	146	1
81	138	1
