pix_x	pix_y	Flag
111	81	1
112	78	1
112	79	1
112	80	1
112	81	1
112	82	1
112	83	1
112	84	1
113	77	1
113	78	1
113	79	1
113	80	1
113	81	1
113	82	1
113	83	1
113	84	1
113	85	1
114	77	1
114	78	1
114	79	1
114	80	1
114	81	1
114	82	1
114	83	1
114	84	1
114	85	1
115	77	1
115	78	1
115	79	1
115	80	1
115	81	1
115	82	1
115	83	1
115	84	1
115	85	1
116	76	1
116	77	1
116	78	1
116	79	1
116	80	1
116	81	1
116	82	1
116	83	1
116	84	1
116	85	1
116	86	1
117	77	1
117	78	1
117	79	1
117	80	1
117	81	1
117	82	1
117	83	1
117	84	1
117	85	1
118	77	1
118	78	1
118	79	1
118	80	1
118	81	1
118	82	1
118	83	1
118	84	1
118	85	1
119	77	1
119	78	1
119	79	1
119	80	1
119	81	1
119	82	1
119	83	1
119	84	1
119	85	1
120	78	1
120	79	1
120	80	1
120	81	1
120	82	1
120	83	1
120	84	1
121	81	1
