pix_x	pix_y	Flag
55	83	-1
56	76	-1
56	77	-1
56	78	-1
56	79	-1
56	80	-1
56	81	-1
56	82	-1
56	83	-1
56	84	-1
56	85	-1
56	86	-1
56	87	-1
56	88	-1
56	89	-1
56	90	-1
57	72	-1
57	73	-1
57	74	-1
57	75	-1
57	76	-1
57	77	-1
57	78	-1
57	79	-1
57	80	-1
57	81	-1
57	82	-1
57	83	-1
57	84	-1
57	85	-1
57	86	-1
57	87	-1
57	88	-1
57	89	-1
57	90	-1
57	91	-1
57	92	-1
57	93	-1
57	94	-1
58	70	-1
58	71	-1
58	72	-1
58	73	-1
58	74	-1
58	75	-1
58	76	-1
58	77	-1
58	78	-1
58	79	-1
58	80	-1
58	81	-1
58	82	-1
58	83	-1
58	84	-1
58	85	-1
58	86	-1
58	87	-1
58	88	-1
58	89	-1
58	90	-1
58	91	-1
58	92	-1
58	93	-1
58	94	-1
58	95	-1
58	96	-1
59	68	-1
59	69	-1
59	70	-1
59	71	-1
59	72	-1
59	73	-1
59	74	-1
59	75	-1
59	76	-1
59	77	-1
59	78	-1
59	79	-1
59	80	-1
59	81	-1
59	82	-1
59	83	-1
59	84	-1
59	85	-1
59	86	-1
59	87	-1
59	88	-1
59	89	-1
59	90	-1
59	91	-1
59	92	-1
59	93	-1
59	94	-1
59	95	-1
59	96	-1
59	97	-1
59	98	-1
60	66	-1
60	67	-1
60	68	-1
60	69	-1
60	70	-1
60	71	-1
60	72	-1
60	73	-1
60	74	-1
60	75	-1
60	76	-1
60	77	-1
60	78	-1
60	79	-1
60	80	-1
60	81	-1
60	82	-1
60	83	-1
60	84	-1
60	85	-1
60	86	-1
60	87	-1
60	88	-1
60	89	-1
60	90	-1
60	91	-1
60	92	-1
60	93	-1
60	94	-1
60	95	-1
60	96	-1
60	97	-1
60	98	-1
60	99	-1
60	100	-1
61	65	-1
61	66	-1
61	67	-1
61	68	-1
61	69	-1
61	70	-1
61	71	-1
61	72	-1
61	73	-1
61	74	-1
61	75	-1
61	76	-1
61	77	-1
61	78	-1
61	79	-1
61	80	-1
61	81	-1
61	82	-1
61	83	-1
61	84	-1
61	85	-1
61	86	-1
61	87	-1
61	88	-1
61	89	-1
61	90	-1
61	91	-1
61	92	-1
61	93	-1
61	94	-1
61	95	-1
61	96	-1
61	97	-1
61	98	-1
61	99	-1
61	100	-1
61	101	-1
62	64	-1
62	65	-1
62	66	-1
62	67	-1
62	68	-1
62	69	-1
62	70	-1
62	71	-1
62	72	-1
62	73	-1
62	74	-1
62	75	-1
62	76	-1
62	77	-1
62	78	-1
62	79	-1
62	80	-1
62	81	-1
62	82	-1
62	83	-1
62	84	-1
62	85	-1
62	86	-1
62	87	-1
62	88	-1
62	89	-1
62	90	-1
62	91	-1
62	92	-1
62	93	-1
62	94	-1
62	95	-1
62	96	-1
62	97	-1
62	98	-1
62	99	-1
62	100	-1
62	101	-1
62	102	-1
63	62	-1
63	63	-1
63	64	-1
63	65	-1
63	66	-1
63	67	-1
63	68	-1
63	69	-1
63	70	-1
63	71	-1
63	72	-1
63	73	-1
63	74	-1
63	75	-1
63	76	-1
63	77	-1
63	78	-1
63	79	-1
63	80	-1
63	81	-1
63	82	-1
63	83	-1
63	84	-1
63	85	-1
63	86	-1
63	87	-1
63	88	-1
63	89	-1
63	90	-1
63	91	-1
63	92	-1
63	93	-1
63	94	-1
63	95	-1
63	96	-1
63	97	-1
63	98	-1
63	99	-1
63	100	-1
63	101	-1
63	102	-1
63	103	-1
63	104	-1
64	61	-1
64	62	-1
64	63	-1
64	64	-1
64	65	-1
64	66	-1
64	67	-1
64	68	-1
64	69	-1
64	70	-1
64	71	-1
64	72	-1
64	73	-1
64	74	-1
64	75	-1
64	76	-1
64	77	-1
64	78	-1
64	79	-1
64	80	-1
64	81	-1
64	82	-1
64	83	-1
64	84	-1
64	85	-1
64	86	-1
64	87	-1
64	88	-1
64	89	-1
64	90	-1
64	91	-1
64	92	-1
64	93	-1
64	94	-1
64	95	-1
64	96	-1
64	97	-1
64	98	-1
64	99	-1
64	100	-1
64	101	-1
64	102	-1
64	103	-1
64	104	-1
64	105	-1
65	60	-1
65	61	-1
65	62	-1
65	63	-1
65	64	-1
65	65	-1
65	66	-1
65	67	-1
65	68	-1
65	69	-1
65	70	-1
65	71	-1
65	72	-1
65	73	-1
65	74	-1
65	75	-1
65	76	-1
65	77	-1
65	78	-1
65	79	-1
65	80	-1
65	81	-1
65	82	-1
65	83	-1
65	84	-1
65	85	-1
65	86	-1
65	87	-1
65	88	-1
65	89	-1
65	90	-1
65	91	-1
65	92	-1
65	93	-1
65	94	-1
65	95	-1
65	96	-1
65	97	-1
65	98	-1
65	99	-1
65	100	-1
65	101	-1
65	102	-1
65	103	-1
65	104	-1
65	105	-1
65	106	-1
66	59	-1
66	60	-1
66	61	-1
66	62	-1
66	63	-1
66	64	-1
66	65	-1
66	66	-1
66	67	-1
66	68	-1
66	69	-1
66	70	-1
66	71	-1
66	72	-1
66	73	-1
66	74	-1
66	75	-1
66	76	-1
66	77	-1
66	78	-1
66	79	-1
66	80	-1
66	81	-1
66	82	-1
66	83	-1
66	84	-1
66	85	-1
66	86	-1
66	87	-1
66	88	-1
66	89	-1
66	90	-1
66	91	-1
66	92	-1
66	93	-1
66	94	-1
66	95	-1
66	96	-1
66	97	-1
66	98	-1
66	99	-1
66	100	-1
66	101	-1
66	102	-1
66	103	-1
66	104	-1
66	105	-1
66	106	-1
66	107	-1
67	59	-1
67	60	-1
67	61	-1
67	62	-1
67	63	-1
67	64	-1
67	65	-1
67	66	-1
67	67	-1
67	68	-1
67	69	-1
67	70	-1
67	71	-1
67	72	-1
67	73	-1
67	74	-1
67	75	-1
67	76	-1
67	77	-1
67	78	-1
67	79	-1
67	80	-1
67	81	-1
67	82	-1
67	83	-1
67	84	-1
67	85	-1
67	86	-1
67	87	-1
67	88	-1
67	89	-1
67	90	-1
67	91	-1
67	92	-1
67	93	-1
67	94	-1
67	95	-1
67	96	-1
67	97	-1
67	98	-1
67	99	-1
67	100	-1
67	101	-1
67	102	-1
67	103	-1
67	104	-1
67	105	-1
67	106	-1
67	107	-1
68	58	-1
68	59	-1
68	60	-1
68	61	-1
68	62	-1
68	63	-1
68	64	-1
68	65	-1
68	66	-1
68	67	-1
68	68	-1
68	69	-1
68	70	-1
68	71	-1
68	72	-1
68	73	-1
68	74	-1
68	75	-1
68	76	-1
68	77	-1
68	78	-1
68	79	-1
68	80	-1
68	81	-1
68	82	-1
68	83	-1
68	84	-1
68	85	-1
68	86	-1
68	87	-1
68	88	-1
68	89	-1
68	90	-1
68	91	-1
68	92	-1
68	93	-1
68	94	-1
68	95	-1
68	96	-1
68	97	-1
68	98	-1
68	99	-1
68	100	-1
68	101	-1
68	102	-1
68	103	-1
68	104	-1
68	105	-1
68	106	-1
68	107	-1
68	108	-1
69	57	-1
69	58	-1
69	59	-1
69	60	-1
69	61	-1
69	62	-1
69	63	-1
69	64	-1
69	65	-1
69	66	-1
69	67	-1
69	68	-1
69	69	-1
69	70	-1
69	71	-1
69	72	-1
69	73	-1
69	74	-1
69	75	-1
69	76	-1
69	77	-1
69	78	-1
69	79	-1
69	80	-1
69	81	-1
69	82	-1
69	83	-1
69	84	-1
69	85	-1
69	86	-1
69	87	-1
69	88	-1
69	89	-1
69	90	-1
69	91	-1
69	92	-1
69	93	-1
69	94	-1
69	95	-1
69	96	-1
69	97	-1
69	98	-1
69	99	-1
69	100	-1
69	101	-1
69	102	-1
69	103	-1
69	104	-1
69	105	-1
69	106	-1
69	107	-1
69	108	-1
69	109	-1
70	56	-1
70	57	-1
70	58	-1
70	59	-1
70	60	-1
70	61	-1
70	62	-1
70	63	-1
70	64	-1
70	65	-1
70	66	-1
70	67	-1
70	68	-1
70	69	-1
70	70	-1
70	71	-1
70	72	-1
70	73	-1
70	74	-1
70	75	-1
70	76	-1
70	77	-1
70	78	-1
70	79	-1
70	80	-1
70	81	-1
70	82	-1
70	83	-1
70	84	-1
70	85	-1
70	86	-1
70	87	-1
70	88	-1
70	89	-1
70	90	-1
70	91	-1
70	92	-1
70	93	-1
70	94	-1
70	95	-1
70	96	-1
70	97	-1
70	98	-1
70	99	-1
70	100	-1
70	101	-1
70	102	-1
70	103	-1
70	104	-1
70	105	-1
70	106	-1
70	107	-1
70	108	-1
70	109	-1
70	110	-1
71	56	-1
71	57	-1
71	58	-1
71	59	-1
71	60	-1
71	61	-1
71	62	-1
71	63	-1
71	64	-1
71	65	-1
71	66	-1
71	67	-1
71	68	-1
71	69	-1
71	70	-1
71	71	-1
71	72	-1
71	73	-1
71	74	-1
71	75	-1
71	76	-1
71	77	-1
71	78	-1
71	79	-1
71	80	-1
71	81	-1
71	82	-1
71	83	-1
71	84	-1
71	85	-1
71	86	-1
71	87	-1
71	88	-1
71	89	-1
71	90	-1
71	91	-1
71	92	-1
71	93	-1
71	94	-1
71	95	-1
71	96	-1
71	97	-1
71	98	-1
71	99	-1
71	100	-1
71	101	-1
71	102	-1
71	103	-1
71	104	-1
71	105	-1
71	106	-1
71	107	-1
71	108	-1
71	109	-1
71	110	-1
72	55	-1
72	56	-1
72	57	-1
72	58	-1
72	59	-1
72	60	-1
72	61	-1
72	62	-1
72	63	-1
72	64	-1
72	65	-1
72	66	-1
72	67	-1
72	68	-1
72	69	-1
72	70	-1
72	71	-1
72	72	-1
72	73	-1
72	74	-1
72	75	-1
72	76	-1
72	77	-1
72	78	-1
72	79	-1
72	80	-1
72	81	-1
72	82	-1
72	83	-1
72	84	-1
72	85	-1
72	86	-1
72	87	-1
72	88	-1
72	89	-1
72	90	-1
72	91	-1
72	92	-1
72	93	-1
72	94	-1
72	95	-1
72	96	-1
72	97	-1
72	98	-1
72	99	-1
72	100	-1
72	101	-1
72	102	-1
72	103	-1
72	104	-1
72	105	-1
72	106	-1
72	107	-1
72	108	-1
72	109	-1
72	110	-1
72	111	-1
73	55	-1
73	56	-1
73	57	-1
73	58	-1
73	59	-1
73	60	-1
73	61	-1
73	62	-1
73	63	-1
73	64	-1
73	65	-1
73	66	-1
73	67	-1
73	68	-1
73	69	-1
73	70	-1
73	71	-1
73	72	-1
73	73	-1
73	74	-1
73	75	-1
73	76	-1
73	77	-1
73	78	-1
73	79	-1
73	80	-1
73	81	-1
73	82	-1
73	83	-1
73	84	-1
73	85	-1
73	86	-1
73	87	-1
73	88	-1
73	89	-1
73	90	-1
73	91	-1
73	92	-1
73	93	-1
73	94	-1
73	95	-1
73	96	-1
73	97	-1
73	98	-1
73	99	-1
73	100	-1
73	101	-1
73	102	-1
73	103	-1
73	104	-1
73	105	-1
73	106	-1
73	107	-1
73	108	-1
73	109	-1
73	110	-1
73	111	-1
74	54	-1
74	55	-1
74	56	-1
74	57	-1
74	58	-1
74	59	-1
74	60	-1
74	61	-1
74	62	-1
74	63	-1
74	64	-1
74	65	-1
74	66	-1
74	67	-1
74	68	-1
74	69	-1
74	70	-1
74	71	-1
74	72	-1
74	73	-1
74	74	-1
74	75	-1
74	76	-1
74	77	-1
74	78	-1
74	79	-1
74	80	-1
74	81	-1
74	82	-1
74	83	-1
74	84	-1
74	85	-1
74	86	-1
74	87	-1
74	88	-1
74	89	-1
74	90	-1
74	91	-1
74	92	-1
74	93	-1
74	94	-1
74	95	-1
74	96	-1
74	97	-1
74	98	-1
74	99	-1
74	100	-1
74	101	-1
74	102	-1
74	103	-1
74	104	-1
74	105	-1
74	106	-1
74	107	-1
74	108	-1
74	109	-1
74	110	-1
74	111	-1
74	112	-1
75	54	-1
75	55	-1
75	56	-1
75	57	-1
75	58	-1
75	59	-1
75	60	-1
75	61	-1
75	62	-1
75	63	-1
75	64	-1
75	65	-1
75	66	-1
75	67	-1
75	68	-1
75	69	-1
75	70	-1
75	71	-1
75	72	-1
75	73	-1
75	74	-1
75	75	-1
75	76	-1
75	77	-1
75	78	-1
75	79	-1
75	80	-1
75	81	-1
75	82	-1
75	83	-1
75	84	-1
75	85	-1
75	86	-1
75	87	-1
75	88	-1
75	89	-1
75	90	-1
75	91	-1
75	92	-1
75	93	-1
75	94	-1
75	95	-1
75	96	-1
75	97	-1
75	98	-1
75	99	-1
75	100	-1
75	101	-1
75	102	-1
75	103	-1
75	104	-1
75	105	-1
75	106	-1
75	107	-1
75	108	-1
75	109	-1
75	110	-1
75	111	-1
75	112	-1
76	53	-1
76	54	-1
76	55	-1
76	56	-1
76	57	-1
76	58	-1
76	59	-1
76	60	-1
76	61	-1
76	62	-1
76	63	-1
76	64	-1
76	65	-1
76	66	-1
76	67	-1
76	68	-1
76	69	-1
76	70	-1
76	71	-1
76	72	-1
76	73	-1
76	74	-1
76	75	-1
76	76	-1
76	77	-1
76	78	-1
76	79	-1
76	80	-1
76	81	-1
76	82	-1
76	83	-1
76	84	-1
76	85	-1
76	86	-1
76	87	-1
76	88	-1
76	89	-1
76	90	-1
76	91	-1
76	92	-1
76	93	-1
76	94	-1
76	95	-1
76	96	-1
76	97	-1
76	98	-1
76	99	-1
76	100	-1
76	101	-1
76	102	-1
76	103	-1
76	104	-1
76	105	-1
76	106	-1
76	107	-1
76	108	-1
76	109	-1
76	110	-1
76	111	-1
76	112	-1
76	113	-1
77	53	-1
77	54	-1
77	55	-1
77	56	-1
77	57	-1
77	58	-1
77	59	-1
77	60	-1
77	61	-1
77	62	-1
77	63	-1
77	64	-1
77	65	-1
77	66	-1
77	67	-1
77	68	-1
77	69	-1
77	70	-1
77	71	-1
77	72	-1
77	73	-1
77	74	-1
77	75	-1
77	76	-1
77	77	-1
77	78	-1
77	79	-1
77	80	-1
77	81	-1
77	82	-1
77	83	-1
77	84	-1
77	85	-1
77	86	-1
77	87	-1
77	88	-1
77	89	-1
77	90	-1
77	91	-1
77	92	-1
77	93	-1
77	94	-1
77	95	-1
77	96	-1
77	97	-1
77	98	-1
77	99	-1
77	100	-1
77	101	-1
77	102	-1
77	103	-1
77	104	-1
77	105	-1
77	106	-1
77	107	-1
77	108	-1
77	109	-1
77	110	-1
77	111	-1
77	112	-1
77	113	-1
78	53	-1
78	54	-1
78	55	-1
78	56	-1
78	57	-1
78	58	-1
78	59	-1
78	60	-1
78	61	-1
78	62	-1
78	63	-1
78	64	-1
78	65	-1
78	66	-1
78	67	-1
78	68	-1
78	69	-1
78	70	-1
78	71	-1
78	72	-1
78	73	-1
78	74	-1
78	75	-1
78	76	-1
78	77	-1
78	78	-1
78	79	-1
78	80	-1
78	81	-1
78	82	-1
78	83	-1
78	84	-1
78	85	-1
78	86	-1
78	87	-1
78	88	-1
78	89	-1
78	90	-1
78	91	-1
78	92	-1
78	93	-1
78	94	-1
78	95	-1
78	96	-1
78	97	-1
78	98	-1
78	99	-1
78	100	-1
78	101	-1
78	102	-1
78	103	-1
78	104	-1
78	105	-1
78	106	-1
78	107	-1
78	108	-1
78	109	-1
78	110	-1
78	111	-1
78	112	-1
78	113	-1
79	53	-1
79	54	-1
79	55	-1
79	56	-1
79	57	-1
79	58	-1
79	59	-1
79	60	-1
79	61	-1
79	62	-1
79	63	-1
79	64	-1
79	65	-1
79	66	-1
79	67	-1
79	68	-1
79	69	-1
79	70	-1
79	71	-1
79	72	-1
79	73	-1
79	74	-1
79	75	-1
79	76	-1
79	77	-1
79	78	-1
79	79	-1
79	80	-1
79	81	-1
79	82	-1
79	83	-1
79	84	-1
79	85	-1
79	86	-1
79	87	-1
79	88	-1
79	89	-1
79	90	-1
79	91	-1
79	92	-1
79	93	-1
79	94	-1
79	95	-1
79	96	-1
79	97	-1
79	98	-1
79	99	-1
79	100	-1
79	101	-1
79	102	-1
79	103	-1
79	104	-1
79	105	-1
79	106	-1
79	107	-1
79	108	-1
79	109	-1
79	110	-1
79	111	-1
79	112	-1
79	113	-1
80	52	-1
80	53	-1
80	54	-1
80	55	-1
80	56	-1
80	57	-1
80	58	-1
80	59	-1
80	60	-1
80	61	-1
80	62	-1
80	63	-1
80	64	-1
80	65	-1
80	66	-1
80	67	-1
80	68	-1
80	69	-1
80	70	-1
80	71	-1
80	72	-1
80	73	-1
80	74	-1
80	75	-1
80	76	-1
80	77	-1
80	78	-1
80	79	-1
80	80	-1
80	81	-1
80	82	-1
80	83	-1
80	84	-1
80	85	-1
80	86	-1
80	87	-1
80	88	-1
80	89	-1
80	90	-1
80	91	-1
80	92	-1
80	93	-1
80	94	-1
80	95	-1
80	96	-1
80	97	-1
80	98	-1
80	99	-1
80	100	-1
80	101	-1
80	102	-1
80	103	-1
80	104	-1
80	105	-1
80	106	-1
80	107	-1
80	108	-1
80	109	-1
80	110	-1
80	111	-1
80	112	-1
80	113	-1
80	114	-1
81	52	-1
81	53	-1
81	54	-1
81	55	-1
81	56	-1
81	57	-1
81	58	-1
81	59	-1
81	60	-1
81	61	-1
81	62	-1
81	63	-1
81	64	-1
81	65	-1
81	66	-1
81	67	-1
81	68	-1
81	69	-1
81	70	-1
81	71	-1
81	72	-1
81	73	-1
81	74	-1
81	75	-1
81	76	-1
81	77	-1
81	78	-1
81	79	-1
81	80	-1
81	81	-1
81	82	-1
81	83	-1
81	84	-1
81	85	-1
81	86	-1
81	87	-1
81	88	-1
81	89	-1
81	90	-1
81	91	-1
81	92	-1
81	93	-1
81	94	-1
81	95	-1
81	96	-1
81	97	-1
81	98	-1
81	99	-1
81	100	-1
81	101	-1
81	102	-1
81	103	-1
81	104	-1
81	105	-1
81	106	-1
81	107	-1
81	108	-1
81	109	-1
81	110	-1
81	111	-1
81	112	-1
81	113	-1
81	114	-1
82	52	-1
82	53	-1
82	54	-1
82	55	-1
82	56	-1
82	57	-1
82	58	-1
82	59	-1
82	60	-1
82	61	-1
82	62	-1
82	63	-1
82	64	-1
82	65	-1
82	66	-1
82	67	-1
82	68	-1
82	69	-1
82	70	-1
82	71	-1
82	72	-1
82	73	-1
82	74	-1
82	75	-1
82	76	-1
82	77	-1
82	78	-1
82	79	-1
82	80	-1
82	81	-1
82	82	-1
82	83	-1
82	84	-1
82	85	-1
82	86	-1
82	87	-1
82	88	-1
82	89	-1
82	90	-1
82	91	-1
82	92	-1
82	93	-1
82	94	-1
82	95	-1
82	96	-1
82	97	-1
82	98	-1
82	99	-1
82	100	-1
82	101	-1
82	102	-1
82	103	-1
82	104	-1
82	105	-1
82	106	-1
82	107	-1
82	108	-1
82	109	-1
82	110	-1
82	111	-1
82	112	-1
82	113	-1
82	114	-1
83	52	-1
83	53	-1
83	54	-1
83	55	-1
83	56	-1
83	57	-1
83	58	-1
83	59	-1
83	60	-1
83	61	-1
83	62	-1
83	63	-1
83	64	-1
83	65	-1
83	66	-1
83	67	-1
83	68	-1
83	69	-1
83	70	-1
83	71	-1
83	72	-1
83	73	-1
83	74	-1
83	75	-1
83	76	-1
83	77	-1
83	78	-1
83	79	-1
83	80	-1
83	81	-1
83	82	-1
83	83	-1
83	84	-1
83	85	-1
83	86	-1
83	87	-1
83	88	-1
83	89	-1
83	90	-1
83	91	-1
83	92	-1
83	93	-1
83	94	-1
83	95	-1
83	96	-1
83	97	-1
83	98	-1
83	99	-1
83	100	-1
83	101	-1
83	102	-1
83	103	-1
83	104	-1
83	105	-1
83	106	-1
83	107	-1
83	108	-1
83	109	-1
83	110	-1
83	111	-1
83	112	-1
83	113	-1
83	114	-1
84	52	-1
84	53	-1
84	54	-1
84	55	-1
84	56	-1
84	57	-1
84	58	-1
84	59	-1
84	60	-1
84	61	-1
84	62	-1
84	63	-1
84	64	-1
84	65	-1
84	66	-1
84	67	-1
84	68	-1
84	69	-1
84	70	-1
84	71	-1
84	72	-1
84	73	-1
84	74	-1
84	75	-1
84	76	-1
84	77	-1
84	78	-1
84	79	-1
84	80	-1
84	81	-1
84	82	-1
84	83	-1
84	84	-1
84	85	-1
84	86	-1
84	87	-1
84	88	-1
84	89	-1
84	90	-1
84	91	-1
84	92	-1
84	93	-1
84	94	-1
84	95	-1
84	96	-1
84	97	-1
84	98	-1
84	99	-1
84	100	-1
84	101	-1
84	102	-1
84	103	-1
84	104	-1
84	105	-1
84	106	-1
84	107	-1
84	108	-1
84	109	-1
84	110	-1
84	111	-1
84	112	-1
84	113	-1
84	114	-1
85	52	-1
85	53	-1
85	54	-1
85	55	-1
85	56	-1
85	57	-1
85	58	-1
85	59	-1
85	60	-1
85	61	-1
85	62	-1
85	63	-1
85	64	-1
85	65	-1
85	66	-1
85	67	-1
85	68	-1
85	69	-1
85	70	-1
85	71	-1
85	72	-1
85	73	-1
85	74	-1
85	75	-1
85	76	-1
85	77	-1
85	78	-1
85	79	-1
85	80	-1
85	81	-1
85	82	-1
85	83	-1
85	84	-1
85	85	-1
85	86	-1
85	87	-1
85	88	-1
85	89	-1
85	90	-1
85	91	-1
85	92	-1
85	93	-1
85	94	-1
85	95	-1
85	96	-1
85	97	-1
85	98	-1
85	99	-1
85	100	-1
85	101	-1
85	102	-1
85	103	-1
85	104	-1
85	105	-1
85	106	-1
85	107	-1
85	108	-1
85	109	-1
85	110	-1
85	111	-1
85	112	-1
85	113	-1
85	114	-1
86	52	-1
86	53	-1
86	54	-1
86	55	-1
86	56	-1
86	57	-1
86	58	-1
86	59	-1
86	60	-1
86	61	-1
86	62	-1
86	63	-1
86	64	-1
86	65	-1
86	66	-1
86	67	-1
86	68	-1
86	69	-1
86	70	-1
86	71	-1
86	72	-1
86	73	-1
86	74	-1
86	75	-1
86	76	-1
86	77	-1
86	78	-1
86	79	-1
86	80	-1
86	81	-1
86	82	-1
86	83	-1
86	84	-1
86	85	-1
86	86	-1
86	87	-1
86	88	-1
86	89	-1
86	90	-1
86	91	-1
86	92	-1
86	93	-1
86	94	-1
86	95	-1
86	96	-1
86	97	-1
86	98	-1
86	99	-1
86	100	-1
86	101	-1
86	102	-1
86	103	-1
86	104	-1
86	105	-1
86	106	-1
86	107	-1
86	108	-1
86	109	-1
86	110	-1
86	111	-1
86	112	-1
86	113	-1
86	114	-1
87	51	-1
87	52	-1
87	53	-1
87	54	-1
87	55	-1
87	56	-1
87	57	-1
87	58	-1
87	59	-1
87	60	-1
87	61	-1
87	62	-1
87	63	-1
87	64	-1
87	65	-1
87	66	-1
87	67	-1
87	68	-1
87	69	-1
87	70	-1
87	71	-1
87	72	-1
87	73	-1
87	74	-1
87	75	-1
87	76	-1
87	77	-1
87	78	-1
87	79	-1
87	80	-1
87	81	-1
87	82	-1
87	83	-1
87	84	-1
87	85	-1
87	86	-1
87	87	-1
87	88	-1
87	89	-1
87	90	-1
87	91	-1
87	92	-1
87	93	-1
87	94	-1
87	95	-1
87	96	-1
87	97	-1
87	98	-1
87	99	-1
87	100	-1
87	101	-1
87	102	-1
87	103	-1
87	104	-1
87	105	-1
87	106	-1
87	107	-1
87	108	-1
87	109	-1
87	110	-1
87	111	-1
87	112	-1
87	113	-1
87	114	-1
87	115	-1
88	52	-1
88	53	-1
88	54	-1
88	55	-1
88	56	-1
88	57	-1
88	58	-1
88	59	-1
88	60	-1
88	61	-1
88	62	-1
88	63	-1
88	64	-1
88	65	-1
88	66	-1
88	67	-1
88	68	-1
88	69	-1
88	70	-1
88	71	-1
88	72	-1
88	73	-1
88	74	-1
88	75	-1
88	76	-1
88	77	-1
88	78	-1
88	79	-1
88	80	-1
88	81	-1
88	82	-1
88	83	-1
88	84	-1
88	85	-1
88	86	-1
88	87	-1
88	88	-1
88	89	-1
88	90	-1
88	91	-1
88	92	-1
88	93	-1
88	94	-1
88	95	-1
88	96	-1
88	97	-1
88	98	-1
88	99	-1
88	100	-1
88	101	-1
88	102	-1
88	103	-1
88	104	-1
88	105	-1
88	106	-1
88	107	-1
88	108	-1
88	109	-1
88	110	-1
88	111	-1
88	112	-1
88	113	-1
88	114	-1
89	52	-1
89	53	-1
89	54	-1
89	55	-1
89	56	-1
89	57	-1
89	58	-1
89	59	-1
89	60	-1
89	61	-1
89	62	-1
89	63	-1
89	64	-1
89	65	-1
89	66	-1
89	67	-1
89	68	-1
89	69	-1
89	70	-1
89	71	-1
89	72	-1
89	73	-1
89	74	-1
89	75	-1
89	76	-1
89	77	-1
89	78	-1
89	79	-1
89	80	-1
89	81	-1
89	82	-1
89	83	-1
89	84	-1
89	85	-1
89	86	-1
89	87	-1
89	88	-1
89	89	-1
89	90	-1
89	91	-1
89	92	-1
89	93	-1
89	94	-1
89	95	-1
89	96	-1
89	97	-1
89	98	-1
89	99	-1
89	100	-1
89	101	-1
89	102	-1
89	103	-1
89	104	-1
89	105	-1
89	106	-1
89	107	-1
89	108	-1
89	109	-1
89	110	-1
89	111	-1
89	112	-1
89	113	-1
89	114	-1
90	52	-1
90	53	-1
90	54	-1
90	55	-1
90	56	-1
90	57	-1
90	58	-1
90	59	-1
90	60	-1
90	61	-1
90	62	-1
90	63	-1
90	64	-1
90	65	-1
90	66	-1
90	67	-1
90	68	-1
90	69	-1
90	70	-1
90	71	-1
90	72	-1
90	73	-1
90	74	-1
90	75	-1
90	76	-1
90	77	-1
90	78	-1
90	79	-1
90	80	-1
90	81	-1
90	82	-1
90	83	-1
90	84	-1
90	85	-1
90	86	-1
90	87	-1
90	88	-1
90	89	-1
90	90	-1
90	91	-1
90	92	-1
90	93	-1
90	94	-1
90	95	-1
90	96	-1
90	97	-1
90	98	-1
90	99	-1
90	100	-1
90	101	-1
90	102	-1
90	103	-1
90	104	-1
90	105	-1
90	106	-1
90	107	-1
90	108	-1
90	109	-1
90	110	-1
90	111	-1
90	112	-1
90	113	-1
90	114	-1
91	52	-1
91	53	-1
91	54	-1
91	55	-1
91	56	-1
91	57	-1
91	58	-1
91	59	-1
91	60	-1
91	61	-1
91	62	-1
91	63	-1
91	64	-1
91	65	-1
91	66	-1
91	67	-1
91	68	-1
91	69	-1
91	70	-1
91	71	-1
91	72	-1
91	73	-1
91	74	-1
91	75	-1
91	76	-1
91	77	-1
91	78	-1
91	79	-1
91	80	-1
91	81	-1
91	82	-1
91	83	-1
91	84	-1
91	85	-1
91	86	-1
91	87	-1
91	88	-1
91	89	-1
91	90	-1
91	91	-1
91	92	-1
91	93	-1
91	94	-1
91	95	-1
91	96	-1
91	97	-1
91	98	-1
91	99	-1
91	100	-1
91	101	-1
91	102	-1
91	103	-1
91	104	-1
91	105	-1
91	106	-1
91	107	-1
91	108	-1
91	109	-1
91	110	-1
91	111	-1
91	112	-1
91	113	-1
91	114	-1
92	52	-1
92	53	-1
92	54	-1
92	55	-1
92	56	-1
92	57	-1
92	58	-1
92	59	-1
92	60	-1
92	61	-1
92	62	-1
92	63	-1
92	64	-1
92	65	-1
92	66	-1
92	67	-1
92	68	-1
92	69	-1
92	70	-1
92	71	-1
92	72	-1
92	73	-1
92	74	-1
92	75	-1
92	76	-1
92	77	-1
92	78	-1
92	79	-1
92	80	-1
92	81	-1
92	82	-1
92	83	-1
92	84	-1
92	85	-1
92	86	-1
92	87	-1
92	88	-1
92	89	-1
92	90	-1
92	91	-1
92	92	-1
92	93	-1
92	94	-1
92	95	-1
92	96	-1
92	97	-1
92	98	-1
92	99	-1
92	100	-1
92	101	-1
92	102	-1
92	103	-1
92	104	-1
92	105	-1
92	106	-1
92	107	-1
92	108	-1
92	109	-1
92	110	-1
92	111	-1
92	112	-1
92	113	-1
92	114	-1
93	52	-1
93	53	-1
93	54	-1
93	55	-1
93	56	-1
93	57	-1
93	58	-1
93	59	-1
93	60	-1
93	61	-1
93	62	-1
93	63	-1
93	64	-1
93	65	-1
93	66	-1
93	67	-1
93	68	-1
93	69	-1
93	70	-1
93	71	-1
93	72	-1
93	73	-1
93	74	-1
93	75	-1
93	76	-1
93	77	-1
93	78	-1
93	79	-1
93	80	-1
93	81	-1
93	82	-1
93	83	-1
93	84	-1
93	85	-1
93	86	-1
93	87	-1
93	88	-1
93	89	-1
93	90	-1
93	91	-1
93	92	-1
93	93	-1
93	94	-1
93	95	-1
93	96	-1
93	97	-1
93	98	-1
93	99	-1
93	100	-1
93	101	-1
93	102	-1
93	103	-1
93	104	-1
93	105	-1
93	106	-1
93	107	-1
93	108	-1
93	109	-1
93	110	-1
93	111	-1
93	112	-1
93	113	-1
93	114	-1
94	52	-1
94	53	-1
94	54	-1
94	55	-1
94	56	-1
94	57	-1
94	58	-1
94	59	-1
94	60	-1
94	61	-1
94	62	-1
94	63	-1
94	64	-1
94	65	-1
94	66	-1
94	67	-1
94	68	-1
94	69	-1
94	70	-1
94	71	-1
94	72	-1
94	73	-1
94	74	-1
94	75	-1
94	76	-1
94	77	-1
94	78	-1
94	79	-1
94	80	-1
94	81	-1
94	82	-1
94	83	-1
94	84	-1
94	85	-1
94	86	-1
94	87	-1
94	88	-1
94	89	-1
94	90	-1
94	91	-1
94	92	-1
94	93	-1
94	94	-1
94	95	-1
94	96	-1
94	97	-1
94	98	-1
94	99	-1
94	100	-1
94	101	-1
94	102	-1
94	103	-1
94	104	-1
94	105	-1
94	106	-1
94	107	-1
94	108	-1
94	109	-1
94	110	-1
94	111	-1
94	112	-1
94	113	-1
94	114	-1
95	53	-1
95	54	-1
95	55	-1
95	56	-1
95	57	-1
95	58	-1
95	59	-1
95	60	-1
95	61	-1
95	62	-1
95	63	-1
95	64	-1
95	65	-1
95	66	-1
95	67	-1
95	68	-1
95	69	-1
95	70	-1
95	71	-1
95	72	-1
95	73	-1
95	74	-1
95	75	-1
95	76	-1
95	77	-1
95	78	-1
95	79	-1
95	80	-1
95	81	-1
95	82	-1
95	83	-1
95	84	-1
95	85	-1
95	86	-1
95	87	-1
95	88	-1
95	89	-1
95	90	-1
95	91	-1
95	92	-1
95	93	-1
95	94	-1
95	95	-1
95	96	-1
95	97	-1
95	98	-1
95	99	-1
95	100	-1
95	101	-1
95	102	-1
95	103	-1
95	104	-1
95	105	-1
95	106	-1
95	107	-1
95	108	-1
95	109	-1
95	110	-1
95	111	-1
95	112	-1
95	113	-1
96	53	-1
96	54	-1
96	55	-1
96	56	-1
96	57	-1
96	58	-1
96	59	-1
96	60	-1
96	61	-1
96	62	-1
96	63	-1
96	64	-1
96	65	-1
96	66	-1
96	67	-1
96	68	-1
96	69	-1
96	70	-1
96	71	-1
96	72	-1
96	73	-1
96	74	-1
96	75	-1
96	76	-1
96	77	-1
96	78	-1
96	79	-1
96	80	-1
96	81	-1
96	82	-1
96	83	-1
96	84	-1
96	85	-1
96	86	-1
96	87	-1
96	88	-1
96	89	-1
96	90	-1
96	91	-1
96	92	-1
96	93	-1
96	94	-1
96	95	-1
96	96	-1
96	97	-1
96	98	-1
96	99	-1
96	100	-1
96	101	-1
96	102	-1
96	103	-1
96	104	-1
96	105	-1
96	106	-1
96	107	-1
96	108	-1
96	109	-1
96	110	-1
96	111	-1
96	112	-1
96	113	-1
97	53	-1
97	54	-1
97	55	-1
97	56	-1
97	57	-1
97	58	-1
97	59	-1
97	60	-1
97	61	-1
97	62	-1
97	63	-1
97	64	-1
97	65	-1
97	66	-1
97	67	-1
97	68	-1
97	69	-1
97	70	-1
97	71	-1
97	72	-1
97	73	-1
97	74	-1
97	75	-1
97	76	-1
97	77	-1
97	78	-1
97	79	-1
97	80	-1
97	81	-1
97	82	-1
97	83	-1
97	84	-1
97	85	-1
97	86	-1
97	87	-1
97	88	-1
97	89	-1
97	90	-1
97	91	-1
97	92	-1
97	93	-1
97	94	-1
97	95	-1
97	96	-1
97	97	-1
97	98	-1
97	99	-1
97	100	-1
97	101	-1
97	102	-1
97	103	-1
97	104	-1
97	105	-1
97	106	-1
97	107	-1
97	108	-1
97	109	-1
97	110	-1
97	111	-1
97	112	-1
97	113	-1
98	53	-1
98	54	-1
98	55	-1
98	56	-1
98	57	-1
98	58	-1
98	59	-1
98	60	-1
98	61	-1
98	62	-1
98	63	-1
98	64	-1
98	65	-1
98	66	-1
98	67	-1
98	68	-1
98	69	-1
98	70	-1
98	71	-1
98	72	-1
98	73	-1
98	74	-1
98	75	-1
98	76	-1
98	77	-1
98	78	-1
98	79	-1
98	80	-1
98	81	-1
98	82	-1
98	83	-1
98	84	-1
98	85	-1
98	86	-1
98	87	-1
98	88	-1
98	89	-1
98	90	-1
98	91	-1
98	92	-1
98	93	-1
98	94	-1
98	95	-1
98	96	-1
98	97	-1
98	98	-1
98	99	-1
98	100	-1
98	101	-1
98	102	-1
98	103	-1
98	104	-1
98	105	-1
98	106	-1
98	107	-1
98	108	-1
98	109	-1
98	110	-1
98	111	-1
98	112	-1
98	113	-1
99	54	-1
99	55	-1
99	56	-1
99	57	-1
99	58	-1
99	59	-1
99	60	-1
99	61	-1
99	62	-1
99	63	-1
99	64	-1
99	65	-1
99	66	-1
99	67	-1
99	68	-1
99	69	-1
99	70	-1
99	71	-1
99	72	-1
99	73	-1
99	74	-1
99	75	-1
99	76	-1
99	77	-1
99	78	-1
99	79	-1
99	80	-1
99	81	-1
99	82	-1
99	83	-1
99	84	-1
99	85	-1
99	86	-1
99	87	-1
99	88	-1
99	89	-1
99	90	-1
99	91	-1
99	92	-1
99	93	-1
99	94	-1
99	95	-1
99	96	-1
99	97	-1
99	98	-1
99	99	-1
99	100	-1
99	101	-1
99	102	-1
99	103	-1
99	104	-1
99	105	-1
99	106	-1
99	107	-1
99	108	-1
99	109	-1
99	110	-1
99	111	-1
99	112	-1
100	54	-1
100	55	-1
100	56	-1
100	57	-1
100	58	-1
100	59	-1
100	60	-1
100	61	-1
100	62	-1
100	63	-1
100	64	-1
100	65	-1
100	66	-1
100	67	-1
100	68	-1
100	69	-1
100	70	-1
100	71	-1
100	72	-1
100	73	-1
100	74	-1
100	75	-1
100	76	-1
100	77	-1
100	78	-1
100	79	-1
100	80	-1
100	81	-1
100	82	-1
100	83	-1
100	84	-1
100	85	-1
100	86	-1
100	87	-1
100	88	-1
100	89	-1
100	90	-1
100	91	-1
100	92	-1
100	93	-1
100	94	-1
100	95	-1
100	96	-1
100	97	-1
100	98	-1
100	99	-1
100	100	-1
100	101	-1
100	102	-1
100	103	-1
100	104	-1
100	105	-1
100	106	-1
100	107	-1
100	108	-1
100	109	-1
100	110	-1
100	111	-1
100	112	-1
101	55	-1
101	56	-1
101	57	-1
101	58	-1
101	59	-1
101	60	-1
101	61	-1
101	62	-1
101	63	-1
101	64	-1
101	65	-1
101	66	-1
101	67	-1
101	68	-1
101	69	-1
101	70	-1
101	71	-1
101	72	-1
101	73	-1
101	74	-1
101	75	-1
101	76	-1
101	77	-1
101	78	-1
101	79	-1
101	80	-1
101	81	-1
101	82	-1
101	83	-1
101	84	-1
101	85	-1
101	86	-1
101	87	-1
101	88	-1
101	89	-1
101	90	-1
101	91	-1
101	92	-1
101	93	-1
101	94	-1
101	95	-1
101	96	-1
101	97	-1
101	98	-1
101	99	-1
101	100	-1
101	101	-1
101	102	-1
101	103	-1
101	104	-1
101	105	-1
101	106	-1
101	107	-1
101	108	-1
101	109	-1
101	110	-1
101	111	-1
102	55	-1
102	56	-1
102	57	-1
102	58	-1
102	59	-1
102	60	-1
102	61	-1
102	62	-1
102	63	-1
102	64	-1
102	65	-1
102	66	-1
102	67	-1
102	68	-1
102	69	-1
102	70	-1
102	71	-1
102	72	-1
102	73	-1
102	74	-1
102	75	-1
102	76	-1
102	77	-1
102	78	-1
102	79	-1
102	80	-1
102	81	-1
102	82	-1
102	83	-1
102	84	-1
102	85	-1
102	86	-1
102	87	-1
102	88	-1
102	89	-1
102	90	-1
102	91	-1
102	92	-1
102	93	-1
102	94	-1
102	95	-1
102	96	-1
102	97	-1
102	98	-1
102	99	-1
102	100	-1
102	101	-1
102	102	-1
102	103	-1
102	104	-1
102	105	-1
102	106	-1
102	107	-1
102	108	-1
102	109	-1
102	110	-1
102	111	-1
103	56	-1
103	57	-1
103	58	-1
103	59	-1
103	60	-1
103	61	-1
103	62	-1
103	63	-1
103	64	-1
103	65	-1
103	66	-1
103	67	-1
103	68	-1
103	69	-1
103	70	-1
103	71	-1
103	72	-1
103	73	-1
103	74	-1
103	75	-1
103	76	-1
103	77	-1
103	78	-1
103	79	-1
103	80	-1
103	81	-1
103	82	-1
103	83	-1
103	84	-1
103	85	-1
103	86	-1
103	87	-1
103	88	-1
103	89	-1
103	90	-1
103	91	-1
103	92	-1
103	93	-1
103	94	-1
103	95	-1
103	96	-1
103	97	-1
103	98	-1
103	99	-1
103	100	-1
103	101	-1
103	102	-1
103	103	-1
103	104	-1
103	105	-1
103	106	-1
103	107	-1
103	108	-1
103	109	-1
103	110	-1
104	56	-1
104	57	-1
104	58	-1
104	59	-1
104	60	-1
104	61	-1
104	62	-1
104	63	-1
104	64	-1
104	65	-1
104	66	-1
104	67	-1
104	68	-1
104	69	-1
104	70	-1
104	71	-1
104	72	-1
104	73	-1
104	74	-1
104	75	-1
104	76	-1
104	77	-1
104	78	-1
104	79	-1
104	80	-1
104	81	-1
104	82	-1
104	83	-1
104	84	-1
104	85	-1
104	86	-1
104	87	-1
104	88	-1
104	89	-1
104	90	-1
104	91	-1
104	92	-1
104	93	-1
104	94	-1
104	95	-1
104	96	-1
104	97	-1
104	98	-1
104	99	-1
104	100	-1
104	101	-1
104	102	-1
104	103	-1
104	104	-1
104	105	-1
104	106	-1
104	107	-1
104	108	-1
104	109	-1
104	110	-1
105	57	-1
105	58	-1
105	59	-1
105	60	-1
105	61	-1
105	62	-1
105	63	-1
105	64	-1
105	65	-1
105	66	-1
105	67	-1
105	68	-1
105	69	-1
105	70	-1
105	71	-1
105	72	-1
105	73	-1
105	74	-1
105	75	-1
105	76	-1
105	77	-1
105	78	-1
105	79	-1
105	80	-1
105	81	-1
105	82	-1
105	83	-1
105	84	-1
105	85	-1
105	86	-1
105	87	-1
105	88	-1
105	89	-1
105	90	-1
105	91	-1
105	92	-1
105	93	-1
105	94	-1
105	95	-1
105	96	-1
105	97	-1
105	98	-1
105	99	-1
105	100	-1
105	101	-1
105	102	-1
105	103	-1
105	104	-1
105	105	-1
105	106	-1
105	107	-1
105	108	-1
105	109	-1
106	58	-1
106	59	-1
106	60	-1
106	61	-1
106	62	-1
106	63	-1
106	64	-1
106	65	-1
106	66	-1
106	67	-1
106	68	-1
106	69	-1
106	70	-1
106	71	-1
106	72	-1
106	73	-1
106	74	-1
106	75	-1
106	76	-1
106	77	-1
106	78	-1
106	79	-1
106	80	-1
106	81	-1
106	82	-1
106	83	-1
106	84	-1
106	85	-1
106	86	-1
106	87	-1
106	88	-1
106	89	-1
106	90	-1
106	91	-1
106	92	-1
106	93	-1
106	94	-1
106	95	-1
106	96	-1
106	97	-1
106	98	-1
106	99	-1
106	100	-1
106	101	-1
106	102	-1
106	103	-1
106	104	-1
106	105	-1
106	106	-1
106	107	-1
106	108	-1
107	59	-1
107	60	-1
107	61	-1
107	62	-1
107	63	-1
107	64	-1
107	65	-1
107	66	-1
107	67	-1
107	68	-1
107	69	-1
107	70	-1
107	71	-1
107	72	-1
107	73	-1
107	74	-1
107	75	-1
107	76	-1
107	77	-1
107	78	-1
107	79	-1
107	80	-1
107	81	-1
107	82	-1
107	83	-1
107	84	-1
107	85	-1
107	86	-1
107	87	-1
107	88	-1
107	89	-1
107	90	-1
107	91	-1
107	92	-1
107	93	-1
107	94	-1
107	95	-1
107	96	-1
107	97	-1
107	98	-1
107	99	-1
107	100	-1
107	101	-1
107	102	-1
107	103	-1
107	104	-1
107	105	-1
107	106	-1
107	107	-1
108	59	-1
108	60	-1
108	61	-1
108	62	-1
108	63	-1
108	64	-1
108	65	-1
108	66	-1
108	67	-1
108	68	-1
108	69	-1
108	70	-1
108	71	-1
108	72	-1
108	73	-1
108	74	-1
108	75	-1
108	76	-1
108	77	-1
108	78	-1
108	79	-1
108	80	-1
108	81	-1
108	82	-1
108	83	-1
108	84	-1
108	85	-1
108	86	-1
108	87	-1
108	88	-1
108	89	-1
108	90	-1
108	91	-1
108	92	-1
108	93	-1
108	94	-1
108	95	-1
108	96	-1
108	97	-1
108	98	-1
108	99	-1
108	100	-1
108	101	-1
108	102	-1
108	103	-1
108	104	-1
108	105	-1
108	106	-1
108	107	-1
109	60	-1
109	61	-1
109	62	-1
109	63	-1
109	64	-1
109	65	-1
109	66	-1
109	67	-1
109	68	-1
109	69	-1
109	70	-1
109	71	-1
109	72	-1
109	73	-1
109	74	-1
109	75	-1
109	76	-1
109	77	-1
109	78	-1
109	79	-1
109	80	-1
109	81	-1
109	82	-1
109	83	-1
109	84	-1
109	85	-1
109	86	-1
109	87	-1
109	88	-1
109	89	-1
109	90	-1
109	91	-1
109	92	-1
109	93	-1
109	94	-1
109	95	-1
109	96	-1
109	97	-1
109	98	-1
109	99	-1
109	100	-1
109	101	-1
109	102	-1
109	103	-1
109	104	-1
109	105	-1
109	106	-1
110	61	-1
110	62	-1
110	63	-1
110	64	-1
110	65	-1
110	66	-1
110	67	-1
110	68	-1
110	69	-1
110	70	-1
110	71	-1
110	72	-1
110	73	-1
110	74	-1
110	75	-1
110	76	-1
110	77	-1
110	78	-1
110	79	-1
110	80	-1
110	81	-1
110	82	-1
110	83	-1
110	84	-1
110	85	-1
110	86	-1
110	87	-1
110	88	-1
110	89	-1
110	90	-1
110	91	-1
110	92	-1
110	93	-1
110	94	-1
110	95	-1
110	96	-1
110	97	-1
110	98	-1
110	99	-1
110	100	-1
110	101	-1
110	102	-1
110	103	-1
110	104	-1
110	105	-1
111	62	-1
111	63	-1
111	64	-1
111	65	-1
111	66	-1
111	67	-1
111	68	-1
111	69	-1
111	70	-1
111	71	-1
111	72	-1
111	73	-1
111	74	-1
111	75	-1
111	76	-1
111	77	-1
111	78	-1
111	79	-1
111	80	-1
111	81	-1
111	82	-1
111	83	-1
111	84	-1
111	85	-1
111	86	-1
111	87	-1
111	88	-1
111	89	-1
111	90	-1
111	91	-1
111	92	-1
111	93	-1
111	94	-1
111	95	-1
111	96	-1
111	97	-1
111	98	-1
111	99	-1
111	100	-1
111	101	-1
111	102	-1
111	103	-1
111	104	-1
112	64	-1
112	65	-1
112	66	-1
112	67	-1
112	68	-1
112	69	-1
112	70	-1
112	71	-1
112	72	-1
112	73	-1
112	74	-1
112	75	-1
112	76	-1
112	77	-1
112	78	-1
112	79	-1
112	80	-1
112	81	-1
112	82	-1
112	83	-1
112	84	-1
112	85	-1
112	86	-1
112	87	-1
112	88	-1
112	89	-1
112	90	-1
112	91	-1
112	92	-1
112	93	-1
112	94	-1
112	95	-1
112	96	-1
112	97	-1
112	98	-1
112	99	-1
112	100	-1
112	101	-1
112	102	-1
113	65	-1
113	66	-1
113	67	-1
113	68	-1
113	69	-1
113	70	-1
113	71	-1
113	72	-1
113	73	-1
113	74	-1
113	75	-1
113	76	-1
113	77	-1
113	78	-1
113	79	-1
113	80	-1
113	81	-1
113	82	-1
113	83	-1
113	84	-1
113	85	-1
113	86	-1
113	87	-1
113	88	-1
113	89	-1
113	90	-1
113	91	-1
113	92	-1
113	93	-1
113	94	-1
113	95	-1
113	96	-1
113	97	-1
113	98	-1
113	99	-1
113	100	-1
113	101	-1
114	66	-1
114	67	-1
114	68	-1
114	69	-1
114	70	-1
114	71	-1
114	72	-1
114	73	-1
114	74	-1
114	75	-1
114	76	-1
114	77	-1
114	78	-1
114	79	-1
114	80	-1
114	81	-1
114	82	-1
114	83	-1
114	84	-1
114	85	-1
114	86	-1
114	87	-1
114	88	-1
114	89	-1
114	90	-1
114	91	-1
114	92	-1
114	93	-1
114	94	-1
114	95	-1
114	96	-1
114	97	-1
114	98	-1
114	99	-1
114	100	-1
115	68	-1
115	69	-1
115	70	-1
115	71	-1
115	72	-1
115	73	-1
115	74	-1
115	75	-1
115	76	-1
115	77	-1
115	78	-1
115	79	-1
115	80	-1
115	81	-1
115	82	-1
115	83	-1
115	84	-1
115	85	-1
115	86	-1
115	87	-1
115	88	-1
115	89	-1
115	90	-1
115	91	-1
115	92	-1
115	93	-1
115	94	-1
115	95	-1
115	96	-1
115	97	-1
115	98	-1
116	70	-1
116	71	-1
116	72	-1
116	73	-1
116	74	-1
116	75	-1
116	76	-1
116	77	-1
116	78	-1
116	79	-1
116	80	-1
116	81	-1
116	82	-1
116	83	-1
116	84	-1
116	85	-1
116	86	-1
116	87	-1
116	88	-1
116	89	-1
116	90	-1
116	91	-1
116	92	-1
116	93	-1
116	94	-1
116	95	-1
116	96	-1
117	72	-1
117	73	-1
117	74	-1
117	75	-1
117	76	-1
117	77	-1
117	78	-1
117	79	-1
117	80	-1
117	81	-1
117	82	-1
117	83	-1
117	84	-1
117	85	-1
117	86	-1
117	87	-1
117	88	-1
117	89	-1
117	90	-1
117	91	-1
117	92	-1
117	93	-1
117	94	-1
118	76	-1
118	77	-1
118	78	-1
118	79	-1
118	80	-1
118	81	-1
118	82	-1
118	83	-1
118	84	-1
118	85	-1
118	86	-1
118	87	-1
118	88	-1
118	89	-1
118	90	-1
119	83	-1
0	35	1
0	36	1
0	37	1
0	38	1
0	39	1
0	40	1
0	41	1
0	42	1
0	43	1
0	44	1
0	45	1
0	46	1
0	47	1
0	48	1
0	49	1
1	33	1
1	34	1
1	35	1
1	36	1
1	37	1
1	38	1
1	39	1
1	40	1
1	41	1
1	42	1
1	43	1
1	44	1
1	45	1
1	46	1
1	47	1
1	48	1
1	49	1
1	50	1
1	51	1
2	32	1
2	33	1
2	34	1
2	35	1
2	36	1
2	37	1
2	38	1
2	39	1
2	40	1
2	41	1
2	42	1
2	43	1
2	44	1
2	45	1
2	46	1
2	47	1
2	48	1
2	49	1
2	50	1
2	51	1
2	52	1
3	31	1
3	32	1
3	33	1
3	34	1
3	35	1
3	36	1
3	37	1
3	38	1
3	39	1
3	40	1
3	41	1
3	42	1
3	43	1
3	44	1
3	45	1
3	46	1
3	47	1
3	48	1
3	49	1
3	50	1
3	51	1
3	52	1
3	53	1
4	30	1
4	31	1
4	32	1
4	33	1
4	34	1
4	35	1
4	36	1
4	37	1
4	38	1
4	39	1
4	40	1
4	41	1
4	42	1
4	43	1
4	44	1
4	45	1
4	46	1
4	47	1
4	48	1
4	49	1
4	50	1
4	51	1
4	52	1
4	53	1
4	54	1
5	29	1
5	30	1
5	31	1
5	32	1
5	33	1
5	34	1
5	35	1
5	36	1
5	37	1
5	38	1
5	39	1
5	40	1
5	41	1
5	42	1
5	43	1
5	44	1
5	45	1
5	46	1
5	47	1
5	48	1
5	49	1
5	50	1
5	51	1
5	52	1
5	53	1
5	54	1
5	55	1
6	29	1
6	30	1
6	31	1
6	32	1
6	33	1
6	34	1
6	35	1
6	36	1
6	37	1
6	38	1
6	39	1
6	40	1
6	41	1
6	42	1
6	43	1
6	44	1
6	45	1
6	46	1
6	47	1
6	48	1
6	49	1
6	50	1
6	51	1
6	52	1
6	53	1
6	54	1
6	55	1
7	28	1
7	29	1
7	30	1
7	31	1
7	32	1
7	33	1
7	34	1
7	35	1
7	36	1
7	37	1
7	38	1
7	39	1
7	40	1
7	41	1
7	42	1
7	43	1
7	44	1
7	45	1
7	46	1
7	47	1
7	48	1
7	49	1
7	50	1
7	51	1
7	52	1
7	53	1
7	54	1
7	55	1
7	56	1
8	28	1
8	29	1
8	30	1
8	31	1
8	32	1
8	33	1
8	34	1
8	35	1
8	36	1
8	37	1
8	38	1
8	39	1
8	40	1
8	41	1
8	42	1
8	43	1
8	44	1
8	45	1
8	46	1
8	47	1
8	48	1
8	49	1
8	50	1
8	51	1
8	52	1
8	53	1
8	54	1
8	55	1
8	56	1
9	27	1
9	28	1
9	29	1
9	30	1
9	31	1
9	32	1
9	33	1
9	34	1
9	35	1
9	36	1
9	37	1
9	38	1
9	39	1
9	40	1
9	41	1
9	42	1
9	43	1
9	44	1
9	45	1
9	46	1
9	47	1
9	48	1
9	49	1
9	50	1
9	51	1
9	52	1
9	53	1
9	54	1
9	55	1
9	56	1
9	57	1
10	27	1
10	28	1
10	29	1
10	30	1
10	31	1
10	32	1
10	33	1
10	34	1
10	35	1
10	36	1
10	37	1
10	38	1
10	39	1
10	40	1
10	41	1
10	42	1
10	43	1
10	44	1
10	45	1
10	46	1
10	47	1
10	48	1
10	49	1
10	50	1
10	51	1
10	52	1
10	53	1
10	54	1
10	55	1
10	56	1
10	57	1
11	27	1
11	28	1
11	29	1
11	30	1
11	31	1
11	32	1
11	33	1
11	34	1
11	35	1
11	36	1
11	37	1
11	38	1
11	39	1
11	40	1
11	41	1
11	42	1
11	43	1
11	44	1
11	45	1
11	46	1
11	47	1
11	48	1
11	49	1
11	50	1
11	51	1
11	52	1
11	53	1
11	54	1
11	55	1
11	56	1
11	57	1
12	27	1
12	28	1
12	29	1
12	30	1
12	31	1
12	32	1
12	33	1
12	34	1
12	35	1
12	36	1
12	37	1
12	38	1
12	39	1
12	40	1
12	41	1
12	42	1
12	43	1
12	44	1
12	45	1
12	46	1
12	47	1
12	48	1
12	49	1
12	50	1
12	51	1
12	52	1
12	53	1
12	54	1
12	55	1
12	56	1
12	57	1
13	27	1
13	28	1
13	29	1
13	30	1
13	31	1
13	32	1
13	33	1
13	34	1
13	35	1
13	36	1
13	37	1
13	38	1
13	39	1
13	40	1
13	41	1
13	42	1
13	43	1
13	44	1
13	45	1
13	46	1
13	47	1
13	48	1
13	49	1
13	50	1
13	51	1
13	52	1
13	53	1
13	54	1
13	55	1
13	56	1
13	57	1
14	26	1
14	27	1
14	28	1
14	29	1
14	30	1
14	31	1
14	32	1
14	33	1
14	34	1
14	35	1
14	36	1
14	37	1
14	38	1
14	39	1
14	40	1
14	41	1
14	42	1
14	43	1
14	44	1
14	45	1
14	46	1
14	47	1
14	48	1
14	49	1
14	50	1
14	51	1
14	52	1
14	53	1
14	54	1
14	55	1
14	56	1
14	57	1
14	58	1
15	27	1
15	28	1
15	29	1
15	30	1
15	31	1
15	32	1
15	33	1
15	34	1
15	35	1
15	36	1
15	37	1
15	38	1
15	39	1
15	40	1
15	41	1
15	42	1
15	43	1
15	44	1
15	45	1
15	46	1
15	47	1
15	48	1
15	49	1
15	50	1
15	51	1
15	52	1
15	53	1
15	54	1
15	55	1
15	56	1
15	57	1
16	27	1
16	28	1
16	29	1
16	30	1
16	31	1
16	32	1
16	33	1
16	34	1
16	35	1
16	36	1
16	37	1
16	38	1
16	39	1
16	40	1
16	41	1
16	42	1
16	43	1
16	44	1
16	45	1
16	46	1
16	47	1
16	48	1
16	49	1
16	50	1
16	51	1
16	52	1
16	53	1
16	54	1
16	55	1
16	56	1
16	57	1
17	27	1
17	28	1
17	29	1
17	30	1
17	31	1
17	32	1
17	33	1
17	34	1
17	35	1
17	36	1
17	37	1
17	38	1
17	39	1
17	40	1
17	41	1
17	42	1
17	43	1
17	44	1
17	45	1
17	46	1
17	47	1
17	48	1
17	49	1
17	50	1
17	51	1
17	52	1
17	53	1
17	54	1
17	55	1
17	56	1
17	57	1
18	27	1
18	28	1
18	29	1
18	30	1
18	31	1
18	32	1
18	33	1
18	34	1
18	35	1
18	36	1
18	37	1
18	38	1
18	39	1
18	40	1
18	41	1
18	42	1
18	43	1
18	44	1
18	45	1
18	46	1
18	47	1
18	48	1
18	49	1
18	50	1
18	51	1
18	52	1
18	53	1
18	54	1
18	55	1
18	56	1
18	57	1
19	27	1
19	28	1
19	29	1
19	30	1
19	31	1
19	32	1
19	33	1
19	34	1
19	35	1
19	36	1
19	37	1
19	38	1
19	39	1
19	40	1
19	41	1
19	42	1
19	43	1
19	44	1
19	45	1
19	46	1
19	47	1
19	48	1
19	49	1
19	50	1
19	51	1
19	52	1
19	53	1
19	54	1
19	55	1
19	56	1
19	57	1
20	28	1
20	29	1
20	30	1
20	31	1
20	32	1
20	33	1
20	34	1
20	35	1
20	36	1
20	37	1
20	38	1
20	39	1
20	40	1
20	41	1
20	42	1
20	43	1
20	44	1
20	45	1
20	46	1
20	47	1
20	48	1
20	49	1
20	50	1
20	51	1
20	52	1
20	53	1
20	54	1
20	55	1
20	56	1
21	28	1
21	29	1
21	30	1
21	31	1
21	32	1
21	33	1
21	34	1
21	35	1
21	36	1
21	37	1
21	38	1
21	39	1
21	40	1
21	41	1
21	42	1
21	43	1
21	44	1
21	45	1
21	46	1
21	47	1
21	48	1
21	49	1
21	50	1
21	51	1
21	52	1
21	53	1
21	54	1
21	55	1
21	56	1
22	29	1
22	30	1
22	31	1
22	32	1
22	33	1
22	34	1
22	35	1
22	36	1
22	37	1
22	38	1
22	39	1
22	40	1
22	41	1
22	42	1
22	43	1
22	44	1
22	45	1
22	46	1
22	47	1
22	48	1
22	49	1
22	50	1
22	51	1
22	52	1
22	53	1
22	54	1
22	55	1
23	29	1
23	30	1
23	31	1
23	32	1
23	33	1
23	34	1
23	35	1
23	36	1
23	37	1
23	38	1
23	39	1
23	40	1
23	41	1
23	42	1
23	43	1
23	44	1
23	45	1
23	46	1
23	47	1
23	48	1
23	49	1
23	50	1
23	51	1
23	52	1
23	53	1
23	54	1
23	55	1
24	30	1
24	31	1
24	32	1
24	33	1
24	34	1
24	35	1
24	36	1
24	37	1
24	38	1
24	39	1
24	40	1
24	41	1
24	42	1
24	43	1
24	44	1
24	45	1
24	46	1
24	47	1
24	48	1
24	49	1
24	50	1
24	51	1
24	52	1
24	53	1
24	54	1
25	31	1
25	32	1
25	33	1
25	34	1
25	35	1
25	36	1
25	37	1
25	38	1
25	39	1
25	40	1
25	41	1
25	42	1
25	43	1
25	44	1
25	45	1
25	46	1
25	47	1
25	48	1
25	49	1
25	50	1
25	51	1
25	52	1
25	53	1
26	32	1
26	33	1
26	34	1
26	35	1
26	36	1
26	37	1
26	38	1
26	39	1
26	40	1
26	41	1
26	42	1
26	43	1
26	44	1
26	45	1
26	46	1
26	47	1
26	48	1
26	49	1
26	50	1
26	51	1
26	52	1
27	33	1
27	34	1
27	35	1
27	36	1
27	37	1
27	38	1
27	39	1
27	40	1
27	41	1
27	42	1
27	43	1
27	44	1
27	45	1
27	46	1
27	47	1
27	48	1
27	49	1
27	50	1
27	51	1
28	35	1
28	36	1
28	37	1
28	38	1
28	39	1
28	40	1
28	41	1
28	42	1
28	43	1
28	44	1
28	45	1
28	46	1
28	47	1
28	48	1
28	49	1
29	37	1
29	38	1
29	39	1
29	40	1
29	41	1
29	42	1
29	43	1
29	44	1
29	45	1
29	46	1
29	47	1
30	42	1
