pix_x	pix_y	Flag
20	86	1
21	83	1
21	84	1
21	85	1
21	86	1
21	87	1
21	88	1
21	89	1
22	82	1
22	83	1
22	84	1
22	85	1
22	86	1
22	87	1
22	88	1
22	89	1
22	90	1
23	81	1
23	82	1
23	83	1
23	84	1
23	85	1
23	86	1
23	87	1
23	88	1
23	89	1
23	90	1
23	91	1
24	81	1
24	82	1
24	83	1
24	84	1
24	85	1
24	86	1
24	87	1
24	88	1
24	89	1
24	90	1
24	91	1
25	81	1
25	82	1
25	83	1
25	84	1
25	85	1
25	86	1
25	87	1
25	88	1
25	89	1
25	90	1
25	91	1
26	80	1
26	81	1
26	82	1
26	83	1
26	84	1
26	85	1
26	86	1
26	87	1
26	88	1
26	89	1
26	90	1
26	91	1
26	92	1
27	81	1
27	82	1
27	83	1
27	84	1
27	85	1
27	86	1
27	87	1
27	88	1
27	89	1
27	90	1
27	91	1
28	81	1
28	82	1
28	83	1
28	84	1
28	85	1
28	86	1
28	87	1
28	88	1
28	89	1
28	90	1
28	91	1
29	81	1
29	82	1
29	83	1
29	84	1
29	85	1
29	86	1
29	87	1
29	88	1
29	89	1
29	90	1
29	91	1
30	82	1
30	83	1
30	84	1
30	85	1
30	86	1
30	87	1
30	88	1
30	89	1
30	90	1
31	83	1
31	84	1
31	85	1
31	86	1
31	87	1
31	88	1
31	89	1
32	86	1
0	53	1
0	54	1
0	55	1
0	56	1
0	57	1
0	58	1
0	59	1
0	60	1
0	61	1
0	62	1
0	63	1
0	64	1
0	65	1
0	66	1
0	67	1
0	68	1
0	69	1
0	70	1
0	71	1
0	72	1
0	73	1
0	74	1
0	75	1
0	76	1
0	77	1
0	78	1
0	79	1
0	80	1
0	81	1
0	82	1
0	83	1
0	84	1
0	85	1
0	86	1
0	87	1
1	53	1
1	54	1
1	55	1
1	56	1
1	57	1
1	58	1
1	59	1
1	60	1
1	61	1
1	62	1
1	63	1
1	64	1
1	65	1
1	66	1
1	67	1
1	68	1
1	69	1
1	70	1
1	71	1
1	72	1
1	73	1
1	74	1
1	75	1
1	76	1
1	77	1
1	78	1
1	79	1
1	80	1
1	81	1
1	82	1
1	83	1
1	84	1
1	85	1
1	86	1
1	87	1
2	53	1
2	54	1
2	55	1
2	56	1
2	57	1
2	58	1
2	59	1
2	60	1
2	61	1
2	62	1
2	63	1
2	64	1
2	65	1
2	66	1
2	67	1
2	68	1
2	69	1
2	70	1
2	71	1
2	72	1
2	73	1
2	74	1
2	75	1
2	76	1
2	77	1
2	78	1
2	79	1
2	80	1
2	81	1
2	82	1
2	83	1
2	84	1
2	85	1
2	86	1
2	87	1
3	53	1
3	54	1
3	55	1
3	56	1
3	57	1
3	58	1
3	59	1
3	60	1
3	61	1
3	62	1
3	63	1
3	64	1
3	65	1
3	66	1
3	67	1
3	68	1
3	69	1
3	70	1
3	71	1
3	72	1
3	73	1
3	74	1
3	75	1
3	76	1
3	77	1
3	78	1
3	79	1
3	80	1
3	81	1
3	82	1
3	83	1
3	84	1
3	85	1
3	86	1
3	87	1
4	53	1
4	54	1
4	55	1
4	56	1
4	57	1
4	58	1
4	59	1
4	60	1
4	61	1
4	62	1
4	63	1
4	64	1
4	65	1
4	66	1
4	67	1
4	68	1
4	69	1
4	70	1
4	71	1
4	72	1
4	73	1
4	74	1
4	75	1
4	76	1
4	77	1
4	78	1
4	79	1
4	80	1
4	81	1
4	82	1
4	83	1
4	84	1
4	85	1
4	86	1
4	87	1
5	52	1
5	53	1
5	54	1
5	55	1
5	56	1
5	57	1
5	58	1
5	59	1
5	60	1
5	61	1
5	62	1
5	63	1
5	64	1
5	65	1
5	66	1
5	67	1
5	68	1
5	69	1
5	70	1
5	71	1
5	72	1
5	73	1
5	74	1
5	75	1
5	76	1
5	77	1
5	78	1
5	79	1
5	80	1
5	81	1
5	82	1
5	83	1
5	84	1
5	85	1
5	86	1
5	87	1
5	88	1
6	53	1
6	54	1
6	55	1
6	56	1
6	57	1
6	58	1
6	59	1
6	60	1
6	61	1
6	62	1
6	63	1
6	64	1
6	65	1
6	66	1
6	67	1
6	68	1
6	69	1
6	70	1
6	71	1
6	72	1
6	73	1
6	74	1
6	75	1
6	76	1
6	77	1
6	78	1
6	79	1
6	80	1
6	81	1
6	82	1
6	83	1
6	84	1
6	85	1
6	86	1
6	87	1
7	53	1
7	54	1
7	55	1
7	56	1
7	57	1
7	58	1
7	59	1
7	60	1
7	61	1
7	62	1
7	63	1
7	64	1
7	65	1
7	66	1
7	67	1
7	68	1
7	69	1
7	70	1
7	71	1
7	72	1
7	73	1
7	74	1
7	75	1
7	76	1
7	77	1
7	78	1
7	79	1
7	80	1
7	81	1
7	82	1
7	83	1
7	84	1
7	85	1
7	86	1
7	87	1
8	53	1
8	54	1
8	55	1
8	56	1
8	57	1
8	58	1
8	59	1
8	60	1
8	61	1
8	62	1
8	63	1
8	64	1
8	65	1
8	66	1
8	67	1
8	68	1
8	69	1
8	70	1
8	71	1
8	72	1
8	73	1
8	74	1
8	75	1
8	76	1
8	77	1
8	78	1
8	79	1
8	80	1
8	81	1
8	82	1
8	83	1
8	84	1
8	85	1
8	86	1
8	87	1
9	53	1
9	54	1
9	55	1
9	56	1
9	57	1
9	58	1
9	59	1
9	60	1
9	61	1
9	62	1
9	63	1
9	64	1
9	65	1
9	66	1
9	67	1
9	68	1
9	69	1
9	70	1
9	71	1
9	72	1
9	73	1
9	74	1
9	75	1
9	76	1
9	77	1
9	78	1
9	79	1
9	80	1
9	81	1
9	82	1
9	83	1
9	84	1
9	85	1
9	86	1
9	87	1
10	53	1
10	54	1
10	55	1
10	56	1
10	57	1
10	58	1
10	59	1
10	60	1
10	61	1
10	62	1
10	63	1
10	64	1
10	65	1
10	66	1
10	67	1
10	68	1
10	69	1
10	70	1
10	71	1
10	72	1
10	73	1
10	74	1
10	75	1
10	76	1
10	77	1
10	78	1
10	79	1
10	80	1
10	81	1
10	82	1
10	83	1
10	84	1
10	85	1
10	86	1
10	87	1
11	54	1
11	55	1
11	56	1
11	57	1
11	58	1
11	59	1
11	60	1
11	61	1
11	62	1
11	63	1
11	64	1
11	65	1
11	66	1
11	67	1
11	68	1
11	69	1
11	70	1
11	71	1
11	72	1
11	73	1
11	74	1
11	75	1
11	76	1
11	77	1
11	78	1
11	79	1
11	80	1
11	81	1
11	82	1
11	83	1
11	84	1
11	85	1
11	86	1
12	54	1
12	55	1
12	56	1
12	57	1
12	58	1
12	59	1
12	60	1
12	61	1
12	62	1
12	63	1
12	64	1
12	65	1
12	66	1
12	67	1
12	68	1
12	69	1
12	70	1
12	71	1
12	72	1
12	73	1
12	74	1
12	75	1
12	76	1
12	77	1
12	78	1
12	79	1
12	80	1
12	81	1
12	82	1
12	83	1
12	84	1
12	85	1
12	86	1
13	54	1
13	55	1
13	56	1
13	57	1
13	58	1
13	59	1
13	60	1
13	61	1
13	62	1
13	63	1
13	64	1
13	65	1
13	66	1
13	67	1
13	68	1
13	69	1
13	70	1
13	71	1
13	72	1
13	73	1
13	74	1
13	75	1
13	76	1
13	77	1
13	78	1
13	79	1
13	80	1
13	81	1
13	82	1
13	83	1
13	84	1
13	85	1
13	86	1
14	55	1
14	56	1
14	57	1
14	58	1
14	59	1
14	60	1
14	61	1
14	62	1
14	63	1
14	64	1
14	65	1
14	66	1
14	67	1
14	68	1
14	69	1
14	70	1
14	71	1
14	72	1
14	73	1
14	74	1
14	75	1
14	76	1
14	77	1
14	78	1
14	79	1
14	80	1
14	81	1
14	82	1
14	83	1
14	84	1
14	85	1
15	56	1
15	57	1
15	58	1
15	59	1
15	60	1
15	61	1
15	62	1
15	63	1
15	64	1
15	65	1
15	66	1
15	67	1
15	68	1
15	69	1
15	70	1
15	71	1
15	72	1
15	73	1
15	74	1
15	75	1
15	76	1
15	77	1
15	78	1
15	79	1
15	80	1
15	81	1
15	82	1
15	83	1
15	84	1
16	56	1
16	57	1
16	58	1
16	59	1
16	60	1
16	61	1
16	62	1
16	63	1
16	64	1
16	65	1
16	66	1
16	67	1
16	68	1
16	69	1
16	70	1
16	71	1
16	72	1
16	73	1
16	74	1
16	75	1
16	76	1
16	77	1
16	78	1
16	79	1
16	80	1
16	81	1
16	82	1
16	83	1
16	84	1
17	57	1
17	58	1
17	59	1
17	60	1
17	61	1
17	62	1
17	63	1
17	64	1
17	65	1
17	66	1
17	67	1
17	68	1
17	69	1
17	70	1
17	71	1
17	72	1
17	73	1
17	74	1
17	75	1
17	76	1
17	77	1
17	78	1
17	79	1
17	80	1
17	81	1
17	82	1
17	83	1
18	58	1
18	59	1
18	60	1
18	61	1
18	62	1
18	63	1
18	64	1
18	65	1
18	66	1
18	67	1
18	68	1
18	69	1
18	70	1
18	71	1
18	72	1
18	73	1
18	74	1
18	75	1
18	76	1
18	77	1
18	78	1
18	79	1
18	80	1
18	81	1
18	82	1
19	59	1
19	60	1
19	61	1
19	62	1
19	63	1
19	64	1
19	65	1
19	66	1
19	67	1
19	68	1
19	69	1
19	70	1
19	71	1
19	72	1
19	73	1
19	74	1
19	75	1
19	76	1
19	77	1
19	78	1
19	79	1
19	80	1
19	81	1
20	61	1
20	62	1
20	63	1
20	64	1
20	65	1
20	66	1
20	67	1
20	68	1
20	69	1
20	70	1
20	71	1
20	72	1
20	73	1
20	74	1
20	75	1
20	76	1
20	77	1
20	78	1
20	79	1
21	62	1
21	63	1
21	64	1
21	65	1
21	66	1
21	67	1
21	68	1
21	69	1
21	70	1
21	71	1
21	72	1
21	73	1
21	74	1
21	75	1
21	76	1
21	77	1
21	78	1
22	65	1
22	66	1
22	67	1
22	68	1
22	69	1
22	70	1
22	71	1
22	72	1
22	73	1
22	74	1
22	75	1
23	70	1
