pix_x	pix_y	Flag
137	93	1
138	91	1
138	92	1
138	93	1
138	94	1
138	95	1
139	91	1
139	92	1
139	93	1
139	94	1
139	95	1
140	90	1
140	91	1
140	92	1
140	93	1
140	94	1
140	95	1
140	96	1
141	91	1
141	92	1
141	93	1
141	94	1
141	95	1
142	91	1
142	92	1
142	93	1
142	94	1
142	95	1
143	93	1
14	47	1
15	45	1
15	46	1
15	47	1
15	48	1
15	49	1
16	45	1
16	46	1
16	47	1
16	48	1
16	49	1
17	44	1
17	45	1
17	46	1
17	47	1
17	48	1
17	49	1
17	50	1
18	45	1
18	46	1
18	47	1
18	48	1
18	49	1
19	45	1
19	46	1
19	47	1
19	48	1
19	49	1
20	47	1
85	52	1
86	50	1
86	51	1
86	52	1
86	53	1
86	54	1
87	50	1
87	51	1
87	52	1
87	53	1
87	54	1
88	49	1
88	50	1
88	51	1
88	52	1
88	53	1
88	54	1
88	55	1
89	50	1
89	51	1
89	52	1
89	53	1
89	54	1
90	50	1
90	51	1
90	52	1
90	53	1
90	54	1
91	52	1
96	87	1
97	85	1
97	86	1
97	87	1
97	88	1
97	89	1
98	85	1
98	86	1
98	87	1
98	88	1
98	89	1
99	84	1
99	85	1
99	86	1
99	87	1
99	88	1
99	89	1
99	90	1
100	85	1
100	86	1
100	87	1
100	88	1
100	89	1
101	85	1
101	86	1
101	87	1
101	88	1
101	89	1
102	87	1
43	125	1
44	121	1
44	122	1
44	123	1
44	124	1
44	125	1
44	126	1
44	127	1
44	128	1
44	129	1
45	119	1
45	120	1
45	121	1
45	122	1
45	123	1
45	124	1
45	125	1
45	126	1
45	127	1
45	128	1
45	129	1
45	130	1
45	131	1
46	118	1
46	119	1
46	120	1
46	121	1
46	122	1
46	123	1
46	124	1
46	125	1
46	126	1
46	127	1
46	128	1
46	129	1
46	130	1
46	131	1
46	132	1
47	117	1
47	118	1
47	119	1
47	120	1
47	121	1
47	122	1
47	123	1
47	124	1
47	125	1
47	126	1
47	127	1
47	128	1
47	129	1
47	130	1
47	131	1
47	132	1
47	133	1
48	116	1
48	117	1
48	118	1
48	119	1
48	120	1
48	121	1
48	122	1
48	123	1
48	124	1
48	125	1
48	126	1
48	127	1
48	128	1
48	129	1
48	130	1
48	131	1
48	132	1
48	133	1
48	134	1
49	115	1
49	116	1
49	117	1
49	118	1
49	119	1
49	120	1
49	121	1
49	122	1
49	123	1
49	124	1
49	125	1
49	126	1
49	127	1
49	128	1
49	129	1
49	130	1
49	131	1
49	132	1
49	133	1
49	134	1
49	135	1
50	115	1
50	116	1
50	117	1
50	118	1
50	119	1
50	120	1
50	121	1
50	122	1
50	123	1
50	124	1
50	125	1
50	126	1
50	127	1
50	128	1
50	129	1
50	130	1
50	131	1
50	132	1
50	133	1
50	134	1
50	135	1
51	114	1
51	115	1
51	116	1
51	117	1
51	118	1
51	119	1
51	120	1
51	121	1
51	122	1
51	123	1
51	124	1
51	125	1
51	126	1
51	127	1
51	128	1
51	129	1
51	130	1
51	131	1
51	132	1
51	133	1
51	134	1
51	135	1
51	136	1
52	114	1
52	115	1
52	116	1
52	117	1
52	118	1
52	119	1
52	120	1
52	121	1
52	122	1
52	123	1
52	124	1
52	125	1
52	126	1
52	127	1
52	128	1
52	129	1
52	130	1
52	131	1
52	132	1
52	133	1
52	134	1
52	135	1
52	136	1
53	114	1
53	115	1
53	116	1
53	117	1
53	118	1
53	119	1
53	120	1
53	121	1
53	122	1
53	123	1
53	124	1
53	125	1
53	126	1
53	127	1
53	128	1
53	129	1
53	130	1
53	131	1
53	132	1
53	133	1
53	134	1
53	135	1
53	136	1
54	114	1
54	115	1
54	116	1
54	117	1
54	118	1
54	119	1
54	120	1
54	121	1
54	122	1
54	123	1
54	124	1
54	125	1
54	126	1
54	127	1
54	128	1
54	129	1
54	130	1
54	131	1
54	132	1
54	133	1
54	134	1
54	135	1
54	136	1
55	113	1
55	114	1
55	115	1
55	116	1
55	117	1
55	118	1
55	119	1
55	120	1
55	121	1
55	122	1
55	123	1
55	124	1
55	125	1
55	126	1
55	127	1
55	128	1
55	129	1
55	130	1
55	131	1
55	132	1
55	133	1
55	134	1
55	135	1
55	136	1
55	137	1
56	114	1
56	115	1
56	116	1
56	117	1
56	118	1
56	119	1
56	120	1
56	121	1
56	122	1
56	123	1
56	124	1
56	125	1
56	126	1
56	127	1
56	128	1
56	129	1
56	130	1
56	131	1
56	132	1
56	133	1
56	134	1
56	135	1
56	136	1
57	114	1
57	115	1
57	116	1
57	117	1
57	118	1
57	119	1
57	120	1
57	121	1
57	122	1
57	123	1
57	124	1
57	125	1
57	126	1
57	127	1
57	128	1
57	129	1
57	130	1
57	131	1
57	132	1
57	133	1
57	134	1
57	135	1
57	136	1
58	114	1
58	115	1
58	116	1
58	117	1
58	118	1
58	119	1
58	120	1
58	121	1
58	122	1
58	123	1
58	124	1
58	125	1
58	126	1
58	127	1
58	128	1
58	129	1
58	130	1
58	131	1
58	132	1
58	133	1
58	134	1
58	135	1
58	136	1
59	114	1
59	115	1
59	116	1
59	117	1
59	118	1
59	119	1
59	120	1
59	121	1
59	122	1
59	123	1
59	124	1
59	125	1
59	126	1
59	127	1
59	128	1
59	129	1
59	130	1
59	131	1
59	132	1
59	133	1
59	134	1
59	135	1
59	136	1
60	115	1
60	116	1
60	117	1
60	118	1
60	119	1
60	120	1
60	121	1
60	122	1
60	123	1
60	124	1
60	125	1
60	126	1
60	127	1
60	128	1
60	129	1
60	130	1
60	131	1
60	132	1
60	133	1
60	134	1
60	135	1
61	115	1
61	116	1
61	117	1
61	118	1
61	119	1
61	120	1
61	121	1
61	122	1
61	123	1
61	124	1
61	125	1
61	126	1
61	127	1
61	128	1
61	129	1
61	130	1
61	131	1
61	132	1
61	133	1
61	134	1
61	135	1
62	116	1
62	117	1
62	118	1
62	119	1
62	120	1
62	121	1
62	122	1
62	123	1
62	124	1
62	125	1
62	126	1
62	127	1
62	128	1
62	129	1
62	130	1
62	131	1
62	132	1
62	133	1
62	134	1
63	117	1
63	118	1
63	119	1
63	120	1
63	121	1
63	122	1
63	123	1
63	124	1
63	125	1
63	126	1
63	127	1
63	128	1
63	129	1
63	130	1
63	131	1
63	132	1
63	133	1
64	118	1
64	119	1
64	120	1
64	121	1
64	122	1
64	123	1
64	124	1
64	125	1
64	126	1
64	127	1
64	128	1
64	129	1
64	130	1
64	131	1
64	132	1
65	119	1
65	120	1
65	121	1
65	122	1
65	123	1
65	124	1
65	125	1
65	126	1
65	127	1
65	128	1
65	129	1
65	130	1
65	131	1
66	121	1
66	122	1
66	123	1
66	124	1
66	125	1
66	126	1
66	127	1
66	128	1
66	129	1
67	125	1
