pix_x	pix_y	Flag
29	68	1
30	66	1
30	67	1
30	68	1
30	69	1
30	70	1
31	66	1
31	67	1
31	68	1
31	69	1
31	70	1
32	65	1
32	66	1
32	67	1
32	68	1
32	69	1
32	70	1
32	71	1
33	66	1
33	67	1
33	68	1
33	69	1
33	70	1
34	66	1
34	67	1
34	68	1
34	69	1
34	70	1
35	68	1
87	34	1
88	32	1
88	33	1
88	34	1
88	35	1
88	36	1
89	31	1
89	32	1
89	33	1
89	34	1
89	35	1
89	36	1
89	37	1
90	31	1
90	32	1
90	33	1
90	34	1
90	35	1
90	36	1
90	37	1
91	30	1
91	31	1
91	32	1
91	33	1
91	34	1
91	35	1
91	36	1
91	37	1
91	38	1
92	31	1
92	32	1
92	33	1
92	34	1
92	35	1
92	36	1
92	37	1
93	31	1
93	32	1
93	33	1
93	34	1
93	35	1
93	36	1
93	37	1
94	32	1
94	33	1
94	34	1
94	35	1
94	36	1
95	34	1
90	66	1
91	62	1
91	63	1
91	64	1
91	65	1
91	66	1
91	67	1
91	68	1
91	69	1
91	70	1
92	60	1
92	61	1
92	62	1
92	63	1
92	64	1
92	65	1
92	66	1
92	67	1
92	68	1
92	69	1
92	70	1
92	71	1
92	72	1
93	59	1
93	60	1
93	61	1
93	62	1
93	63	1
93	64	1
93	65	1
93	66	1
93	67	1
93	68	1
93	69	1
93	70	1
93	71	1
93	72	1
93	73	1
94	58	1
94	59	1
94	60	1
94	61	1
94	62	1
94	63	1
94	64	1
94	65	1
94	66	1
94	67	1
94	68	1
94	69	1
94	70	1
94	71	1
94	72	1
94	73	1
94	74	1
95	57	1
95	58	1
95	59	1
95	60	1
95	61	1
95	62	1
95	63	1
95	64	1
95	65	1
95	66	1
95	67	1
95	68	1
95	69	1
95	70	1
95	71	1
95	72	1
95	73	1
95	74	1
95	75	1
96	57	1
96	58	1
96	59	1
96	60	1
96	61	1
96	62	1
96	63	1
96	64	1
96	65	1
96	66	1
96	67	1
96	68	1
96	69	1
96	70	1
96	71	1
96	72	1
96	73	1
96	74	1
96	75	1
97	56	1
97	57	1
97	58	1
97	59	1
97	60	1
97	61	1
97	62	1
97	63	1
97	64	1
97	65	1
97	66	1
97	67	1
97	68	1
97	69	1
97	70	1
97	71	1
97	72	1
97	73	1
97	74	1
97	75	1
97	76	1
98	56	1
98	57	1
98	58	1
98	59	1
98	60	1
98	61	1
98	62	1
98	63	1
98	64	1
98	65	1
98	66	1
98	67	1
98	68	1
98	69	1
98	70	1
98	71	1
98	72	1
98	73	1
98	74	1
98	75	1
98	76	1
99	56	1
99	57	1
99	58	1
99	59	1
99	60	1
99	61	1
99	62	1
99	63	1
99	64	1
99	65	1
99	66	1
99	67	1
99	68	1
99	69	1
99	70	1
99	71	1
99	72	1
99	73	1
99	74	1
99	75	1
99	76	1
100	56	1
100	57	1
100	58	1
100	59	1
100	60	1
100	61	1
100	62	1
100	63	1
100	64	1
100	65	1
100	66	1
100	67	1
100	68	1
100	69	1
100	70	1
100	71	1
100	72	1
100	73	1
100	74	1
100	75	1
100	76	1
101	55	1
101	56	1
101	57	1
101	58	1
101	59	1
101	60	1
101	61	1
101	62	1
101	63	1
101	64	1
101	65	1
101	66	1
101	67	1
101	68	1
101	69	1
101	70	1
101	71	1
101	72	1
101	73	1
101	74	1
101	75	1
101	76	1
101	77	1
102	56	1
102	57	1
102	58	1
102	59	1
102	60	1
102	61	1
102	62	1
102	63	1
102	64	1
102	65	1
102	66	1
102	67	1
102	68	1
102	69	1
102	70	1
102	71	1
102	72	1
102	73	1
102	74	1
102	75	1
102	76	1
103	56	1
103	57	1
103	58	1
103	59	1
103	60	1
103	61	1
103	62	1
103	63	1
103	64	1
103	65	1
103	66	1
103	67	1
103	68	1
103	69	1
103	70	1
103	71	1
103	72	1
103	73	1
103	74	1
103	75	1
103	76	1
104	56	1
104	57	1
104	58	1
104	59	1
104	60	1
104	61	1
104	62	1
104	63	1
104	64	1
104	65	1
104	66	1
104	67	1
104	68	1
104	69	1
104	70	1
104	71	1
104	72	1
104	73	1
104	74	1
104	75	1
104	76	1
105	56	1
105	57	1
105	58	1
105	59	1
105	60	1
105	61	1
105	62	1
105	63	1
105	64	1
105	65	1
105	66	1
105	67	1
105	68	1
105	69	1
105	70	1
105	71	1
105	72	1
105	73	1
105	74	1
105	75	1
105	76	1
106	57	1
106	58	1
106	59	1
106	60	1
106	61	1
106	62	1
106	63	1
106	64	1
106	65	1
106	66	1
106	67	1
106	68	1
106	69	1
106	70	1
106	71	1
106	72	1
106	73	1
106	74	1
106	75	1
107	57	1
107	58	1
107	59	1
107	60	1
107	61	1
107	62	1
107	63	1
107	64	1
107	65	1
107	66	1
107	67	1
107	68	1
107	69	1
107	70	1
107	71	1
107	72	1
107	73	1
107	74	1
107	75	1
108	58	1
108	59	1
108	60	1
108	61	1
108	62	1
108	63	1
108	64	1
108	65	1
108	66	1
108	67	1
108	68	1
108	69	1
108	70	1
108	71	1
108	72	1
108	73	1
108	74	1
109	59	1
109	60	1
109	61	1
109	62	1
109	63	1
109	64	1
109	65	1
109	66	1
109	67	1
109	68	1
109	69	1
109	70	1
109	71	1
109	72	1
109	73	1
110	60	1
110	61	1
110	62	1
110	63	1
110	64	1
110	65	1
110	66	1
110	67	1
110	68	1
110	69	1
110	70	1
110	71	1
110	72	1
111	62	1
111	63	1
111	64	1
111	65	1
111	66	1
111	67	1
111	68	1
111	69	1
111	70	1
112	66	1
97	114	1
98	111	1
98	112	1
98	113	1
98	114	1
98	115	1
98	116	1
98	117	1
99	110	1
99	111	1
99	112	1
99	113	1
99	114	1
99	115	1
99	116	1
99	117	1
99	118	1
100	109	1
100	110	1
100	111	1
100	112	1
100	113	1
100	114	1
100	115	1
100	116	1
100	117	1
100	118	1
100	119	1
101	109	1
101	110	1
101	111	1
101	112	1
101	113	1
101	114	1
101	115	1
101	116	1
101	117	1
101	118	1
101	119	1
102	109	1
102	110	1
102	111	1
102	112	1
102	113	1
102	114	1
102	115	1
102	116	1
102	117	1
102	118	1
102	119	1
103	108	1
103	109	1
103	110	1
103	111	1
103	112	1
103	113	1
103	114	1
103	115	1
103	116	1
103	117	1
103	118	1
103	119	1
103	120	1
104	109	1
104	110	1
104	111	1
104	112	1
104	113	1
104	114	1
104	115	1
104	116	1
104	117	1
104	118	1
104	119	1
105	109	1
105	110	1
105	111	1
105	112	1
105	113	1
105	114	1
105	115	1
105	116	1
105	117	1
105	118	1
105	119	1
106	109	1
106	110	1
106	111	1
106	112	1
106	113	1
106	114	1
106	115	1
106	116	1
106	117	1
106	118	1
106	119	1
107	110	1
107	111	1
107	112	1
107	113	1
107	114	1
107	115	1
107	116	1
107	117	1
107	118	1
108	111	1
108	112	1
108	113	1
108	114	1
108	115	1
108	116	1
108	117	1
109	114	1
73	132	1
74	130	1
74	131	1
74	132	1
74	133	1
74	134	1
75	129	1
75	130	1
75	131	1
75	132	1
75	133	1
75	134	1
75	135	1
76	129	1
76	130	1
76	131	1
76	132	1
76	133	1
76	134	1
76	135	1
77	128	1
77	129	1
77	130	1
77	131	1
77	132	1
77	133	1
77	134	1
77	135	1
77	136	1
78	129	1
78	130	1
78	131	1
78	132	1
78	133	1
78	134	1
78	135	1
79	129	1
79	130	1
79	131	1
79	132	1
79	133	1
79	134	1
79	135	1
80	130	1
80	131	1
80	132	1
80	133	1
80	134	1
81	132	1
129	101	1
130	99	1
130	100	1
130	101	1
130	102	1
130	103	1
131	98	1
131	99	1
131	100	1
131	101	1
131	102	1
131	103	1
131	104	1
132	98	1
132	99	1
132	100	1
132	101	1
132	102	1
132	103	1
132	104	1
133	97	1
133	98	1
133	99	1
133	100	1
133	101	1
133	102	1
133	103	1
133	104	1
133	105	1
134	98	1
134	99	1
134	100	1
134	101	1
134	102	1
134	103	1
134	104	1
135	98	1
135	99	1
135	100	1
135	101	1
135	102	1
135	103	1
135	104	1
136	99	1
136	100	1
136	101	1
136	102	1
136	103	1
137	101	1
