pix_x	pix_y	Flag
53	102	1
54	99	1
54	100	1
54	101	1
54	102	1
54	103	1
54	104	1
54	105	1
55	98	1
55	99	1
55	100	1
55	101	1
55	102	1
55	103	1
55	104	1
55	105	1
55	106	1
56	97	1
56	98	1
56	99	1
56	100	1
56	101	1
56	102	1
56	103	1
56	104	1
56	105	1
56	106	1
56	107	1
57	97	1
57	98	1
57	99	1
57	100	1
57	101	1
57	102	1
57	103	1
57	104	1
57	105	1
57	106	1
57	107	1
58	97	1
58	98	1
58	99	1
58	100	1
58	101	1
58	102	1
58	103	1
58	104	1
58	105	1
58	106	1
58	107	1
59	96	1
59	97	1
59	98	1
59	99	1
59	100	1
59	101	1
59	102	1
59	103	1
59	104	1
59	105	1
59	106	1
59	107	1
59	108	1
60	97	1
60	98	1
60	99	1
60	100	1
60	101	1
60	102	1
60	103	1
60	104	1
60	105	1
60	106	1
60	107	1
61	97	1
61	98	1
61	99	1
61	100	1
61	101	1
61	102	1
61	103	1
61	104	1
61	105	1
61	106	1
61	107	1
62	97	1
62	98	1
62	99	1
62	100	1
62	101	1
62	102	1
62	103	1
62	104	1
62	105	1
62	106	1
62	107	1
63	98	1
63	99	1
63	100	1
63	101	1
63	102	1
63	103	1
63	104	1
63	105	1
63	106	1
64	99	1
64	100	1
64	101	1
64	102	1
64	103	1
64	104	1
64	105	1
65	102	1
68	101	1
69	98	1
69	99	1
69	100	1
69	101	1
69	102	1
69	103	1
69	104	1
70	97	1
70	98	1
70	99	1
70	100	1
70	101	1
70	102	1
70	103	1
70	104	1
70	105	1
71	96	1
71	97	1
71	98	1
71	99	1
71	100	1
71	101	1
71	102	1
71	103	1
71	104	1
71	105	1
71	106	1
72	96	1
72	97	1
72	98	1
72	99	1
72	100	1
72	101	1
72	102	1
72	103	1
72	104	1
72	105	1
72	106	1
73	96	1
73	97	1
73	98	1
73	99	1
73	100	1
73	101	1
73	102	1
73	103	1
73	104	1
73	105	1
73	106	1
74	95	1
74	96	1
74	97	1
74	98	1
74	99	1
74	100	1
74	101	1
74	102	1
74	103	1
74	104	1
74	105	1
74	106	1
74	107	1
75	96	1
75	97	1
75	98	1
75	99	1
75	100	1
75	101	1
75	102	1
75	103	1
75	104	1
75	105	1
75	106	1
76	96	1
76	97	1
76	98	1
76	99	1
76	100	1
76	101	1
76	102	1
76	103	1
76	104	1
76	105	1
76	106	1
77	96	1
77	97	1
77	98	1
77	99	1
77	100	1
77	101	1
77	102	1
77	103	1
77	104	1
77	105	1
77	106	1
78	97	1
78	98	1
78	99	1
78	100	1
78	101	1
78	102	1
78	103	1
78	104	1
78	105	1
79	98	1
79	99	1
79	100	1
79	101	1
79	102	1
79	103	1
79	104	1
80	101	1
