pix_x	pix_y	Flag
118	100	1
119	96	1
119	97	1
119	98	1
119	99	1
119	100	1
119	101	1
119	102	1
119	103	1
119	104	1
120	94	1
120	95	1
120	96	1
120	97	1
120	98	1
120	99	1
120	100	1
120	101	1
120	102	1
120	103	1
120	104	1
120	105	1
120	106	1
121	93	1
121	94	1
121	95	1
121	96	1
121	97	1
121	98	1
121	99	1
121	100	1
121	101	1
121	102	1
121	103	1
121	104	1
121	105	1
121	106	1
121	107	1
122	92	1
122	93	1
122	94	1
122	95	1
122	96	1
122	97	1
122	98	1
122	99	1
122	100	1
122	101	1
122	102	1
122	103	1
122	104	1
122	105	1
122	106	1
122	107	1
122	108	1
123	92	1
123	93	1
123	94	1
123	95	1
123	96	1
123	97	1
123	98	1
123	99	1
123	100	1
123	101	1
123	102	1
123	103	1
123	104	1
123	105	1
123	106	1
123	107	1
123	108	1
124	91	1
124	92	1
124	93	1
124	94	1
124	95	1
124	96	1
124	97	1
124	98	1
124	99	1
124	100	1
124	101	1
124	102	1
124	103	1
124	104	1
124	105	1
124	106	1
124	107	1
124	108	1
124	109	1
125	91	1
125	92	1
125	93	1
125	94	1
125	95	1
125	96	1
125	97	1
125	98	1
125	99	1
125	100	1
125	101	1
125	102	1
125	103	1
125	104	1
125	105	1
125	106	1
125	107	1
125	108	1
125	109	1
126	91	1
126	92	1
126	93	1
126	94	1
126	95	1
126	96	1
126	97	1
126	98	1
126	99	1
126	100	1
126	101	1
126	102	1
126	103	1
126	104	1
126	105	1
126	106	1
126	107	1
126	108	1
126	109	1
127	91	1
127	92	1
127	93	1
127	94	1
127	95	1
127	96	1
127	97	1
127	98	1
127	99	1
127	100	1
127	101	1
127	102	1
127	103	1
127	104	1
127	105	1
127	106	1
127	107	1
127	108	1
127	109	1
128	90	1
128	91	1
128	92	1
128	93	1
128	94	1
128	95	1
128	96	1
128	97	1
128	98	1
128	99	1
128	100	1
128	101	1
128	102	1
128	103	1
128	104	1
128	105	1
128	106	1
128	107	1
128	108	1
128	109	1
128	110	1
129	91	1
129	92	1
129	93	1
129	94	1
129	95	1
129	96	1
129	97	1
129	98	1
129	99	1
129	100	1
129	101	1
129	102	1
129	103	1
129	104	1
129	105	1
129	106	1
129	107	1
129	108	1
129	109	1
130	91	1
130	92	1
130	93	1
130	94	1
130	95	1
130	96	1
130	97	1
130	98	1
130	99	1
130	100	1
130	101	1
130	102	1
130	103	1
130	104	1
130	105	1
130	106	1
130	107	1
130	108	1
130	109	1
131	91	1
131	92	1
131	93	1
131	94	1
131	95	1
131	96	1
131	97	1
131	98	1
131	99	1
131	100	1
131	101	1
131	102	1
131	103	1
131	104	1
131	105	1
131	106	1
131	107	1
131	108	1
131	109	1
132	91	1
132	92	1
132	93	1
132	94	1
132	95	1
132	96	1
132	97	1
132	98	1
132	99	1
132	100	1
132	101	1
132	102	1
132	103	1
132	104	1
132	105	1
132	106	1
132	107	1
132	108	1
132	109	1
133	92	1
133	93	1
133	94	1
133	95	1
133	96	1
133	97	1
133	98	1
133	99	1
133	100	1
133	101	1
133	102	1
133	103	1
133	104	1
133	105	1
133	106	1
133	107	1
133	108	1
134	92	1
134	93	1
134	94	1
134	95	1
134	96	1
134	97	1
134	98	1
134	99	1
134	100	1
134	101	1
134	102	1
134	103	1
134	104	1
134	105	1
134	106	1
134	107	1
134	108	1
135	93	1
135	94	1
135	95	1
135	96	1
135	97	1
135	98	1
135	99	1
135	100	1
135	101	1
135	102	1
135	103	1
135	104	1
135	105	1
135	106	1
135	107	1
136	94	1
136	95	1
136	96	1
136	97	1
136	98	1
136	99	1
136	100	1
136	101	1
136	102	1
136	103	1
136	104	1
136	105	1
136	106	1
137	96	1
137	97	1
137	98	1
137	99	1
137	100	1
137	101	1
137	102	1
137	103	1
137	104	1
138	100	1
118	112	1
119	108	1
119	109	1
119	110	1
119	111	1
119	112	1
119	113	1
119	114	1
119	115	1
119	116	1
120	106	1
120	107	1
120	108	1
120	109	1
120	110	1
120	111	1
120	112	1
120	113	1
120	114	1
120	115	1
120	116	1
120	117	1
120	118	1
121	105	1
121	106	1
121	107	1
121	108	1
121	109	1
121	110	1
121	111	1
121	112	1
121	113	1
121	114	1
121	115	1
121	116	1
121	117	1
121	118	1
121	119	1
122	104	1
122	105	1
122	106	1
122	107	1
122	108	1
122	109	1
122	110	1
122	111	1
122	112	1
122	113	1
122	114	1
122	115	1
122	116	1
122	117	1
122	118	1
122	119	1
122	120	1
123	104	1
123	105	1
123	106	1
123	107	1
123	108	1
123	109	1
123	110	1
123	111	1
123	112	1
123	113	1
123	114	1
123	115	1
123	116	1
123	117	1
123	118	1
123	119	1
123	120	1
124	103	1
124	104	1
124	105	1
124	106	1
124	107	1
124	108	1
124	109	1
124	110	1
124	111	1
124	112	1
124	113	1
124	114	1
124	115	1
124	116	1
124	117	1
124	118	1
124	119	1
124	120	1
124	121	1
125	103	1
125	104	1
125	105	1
125	106	1
125	107	1
125	108	1
125	109	1
125	110	1
125	111	1
125	112	1
125	113	1
125	114	1
125	115	1
125	116	1
125	117	1
125	118	1
125	119	1
125	120	1
125	121	1
126	103	1
126	104	1
126	105	1
126	106	1
126	107	1
126	108	1
126	109	1
126	110	1
126	111	1
126	112	1
126	113	1
126	114	1
126	115	1
126	116	1
126	117	1
126	118	1
126	119	1
126	120	1
126	121	1
127	103	1
127	104	1
127	105	1
127	106	1
127	107	1
127	108	1
127	109	1
127	110	1
127	111	1
127	112	1
127	113	1
127	114	1
127	115	1
127	116	1
127	117	1
127	118	1
127	119	1
127	120	1
127	121	1
128	102	1
128	103	1
128	104	1
128	105	1
128	106	1
128	107	1
128	108	1
128	109	1
128	110	1
128	111	1
128	112	1
128	113	1
128	114	1
128	115	1
128	116	1
128	117	1
128	118	1
128	119	1
128	120	1
128	121	1
128	122	1
129	103	1
129	104	1
129	105	1
129	106	1
129	107	1
129	108	1
129	109	1
129	110	1
129	111	1
129	112	1
129	113	1
129	114	1
129	115	1
129	116	1
129	117	1
129	118	1
129	119	1
129	120	1
129	121	1
130	103	1
130	104	1
130	105	1
130	106	1
130	107	1
130	108	1
130	109	1
130	110	1
130	111	1
130	112	1
130	113	1
130	114	1
130	115	1
130	116	1
130	117	1
130	118	1
130	119	1
130	120	1
130	121	1
131	103	1
131	104	1
131	105	1
131	106	1
131	107	1
131	108	1
131	109	1
131	110	1
131	111	1
131	112	1
131	113	1
131	114	1
131	115	1
131	116	1
131	117	1
131	118	1
131	119	1
131	120	1
131	121	1
132	103	1
132	104	1
132	105	1
132	106	1
132	107	1
132	108	1
132	109	1
132	110	1
132	111	1
132	112	1
132	113	1
132	114	1
132	115	1
132	116	1
132	117	1
132	118	1
132	119	1
132	120	1
132	121	1
133	104	1
133	105	1
133	106	1
133	107	1
133	108	1
133	109	1
133	110	1
133	111	1
133	112	1
133	113	1
133	114	1
133	115	1
133	116	1
133	117	1
133	118	1
133	119	1
133	120	1
134	104	1
134	105	1
134	106	1
134	107	1
134	108	1
134	109	1
134	110	1
134	111	1
134	112	1
134	113	1
134	114	1
134	115	1
134	116	1
134	117	1
134	118	1
134	119	1
134	120	1
135	105	1
135	106	1
135	107	1
135	108	1
135	109	1
135	110	1
135	111	1
135	112	1
135	113	1
135	114	1
135	115	1
135	116	1
135	117	1
135	118	1
135	119	1
136	106	1
136	107	1
136	108	1
136	109	1
136	110	1
136	111	1
136	112	1
136	113	1
136	114	1
136	115	1
136	116	1
136	117	1
136	118	1
137	108	1
137	109	1
137	110	1
137	111	1
137	112	1
137	113	1
137	114	1
137	115	1
137	116	1
138	112	1
63	5	1
64	2	1
64	3	1
64	4	1
64	5	1
64	6	1
64	7	1
64	8	1
65	1	1
65	2	1
65	3	1
65	4	1
65	5	1
65	6	1
65	7	1
65	8	1
65	9	1
66	1	1
66	2	1
66	3	1
66	4	1
66	5	1
66	6	1
66	7	1
66	8	1
66	9	1
67	1	1
67	2	1
67	3	1
67	4	1
67	5	1
67	6	1
67	7	1
67	8	1
67	9	1
68	0	1
68	1	1
68	2	1
68	3	1
68	4	1
68	5	1
68	6	1
68	7	1
68	8	1
68	9	1
68	10	1
69	1	1
69	2	1
69	3	1
69	4	1
69	5	1
69	6	1
69	7	1
69	8	1
69	9	1
70	1	1
70	2	1
70	3	1
70	4	1
70	5	1
70	6	1
70	7	1
70	8	1
70	9	1
71	1	1
71	2	1
71	3	1
71	4	1
71	5	1
71	6	1
71	7	1
71	8	1
71	9	1
72	2	1
72	3	1
72	4	1
72	5	1
72	6	1
72	7	1
72	8	1
73	5	1
0	26	1
0	27	1
0	28	1
0	29	1
0	30	1
0	31	1
0	32	1
0	33	1
0	34	1
0	35	1
0	36	1
0	37	1
0	38	1
0	39	1
0	40	1
0	41	1
0	42	1
0	43	1
0	44	1
0	45	1
0	46	1
0	47	1
0	48	1
0	49	1
0	50	1
0	51	1
0	52	1
0	53	1
0	54	1
0	55	1
0	56	1
0	57	1
0	58	1
0	59	1
0	60	1
0	61	1
0	62	1
0	63	1
0	64	1
0	65	1
0	66	1
0	67	1
0	68	1
0	69	1
0	70	1
0	71	1
0	72	1
0	73	1
0	74	1
0	75	1
0	76	1
0	77	1
0	78	1
0	79	1
0	80	1
0	81	1
0	82	1
0	83	1
0	84	1
0	85	1
0	86	1
0	87	1
0	88	1
0	89	1
0	90	1
0	91	1
0	92	1
0	93	1
0	94	1
1	26	1
1	27	1
1	28	1
1	29	1
1	30	1
1	31	1
1	32	1
1	33	1
1	34	1
1	35	1
1	36	1
1	37	1
1	38	1
1	39	1
1	40	1
1	41	1
1	42	1
1	43	1
1	44	1
1	45	1
1	46	1
1	47	1
1	48	1
1	49	1
1	50	1
1	51	1
1	52	1
1	53	1
1	54	1
1	55	1
1	56	1
1	57	1
1	58	1
1	59	1
1	60	1
1	61	1
1	62	1
1	63	1
1	64	1
1	65	1
1	66	1
1	67	1
1	68	1
1	69	1
1	70	1
1	71	1
1	72	1
1	73	1
1	74	1
1	75	1
1	76	1
1	77	1
1	78	1
1	79	1
1	80	1
1	81	1
1	82	1
1	83	1
1	84	1
1	85	1
1	86	1
1	87	1
1	88	1
1	89	1
1	90	1
1	91	1
1	92	1
1	93	1
1	94	1
2	26	1
2	27	1
2	28	1
2	29	1
2	30	1
2	31	1
2	32	1
2	33	1
2	34	1
2	35	1
2	36	1
2	37	1
2	38	1
2	39	1
2	40	1
2	41	1
2	42	1
2	43	1
2	44	1
2	45	1
2	46	1
2	47	1
2	48	1
2	49	1
2	50	1
2	51	1
2	52	1
2	53	1
2	54	1
2	55	1
2	56	1
2	57	1
2	58	1
2	59	1
2	60	1
2	61	1
2	62	1
2	63	1
2	64	1
2	65	1
2	66	1
2	67	1
2	68	1
2	69	1
2	70	1
2	71	1
2	72	1
2	73	1
2	74	1
2	75	1
2	76	1
2	77	1
2	78	1
2	79	1
2	80	1
2	81	1
2	82	1
2	83	1
2	84	1
2	85	1
2	86	1
2	87	1
2	88	1
2	89	1
2	90	1
2	91	1
2	92	1
2	93	1
2	94	1
3	26	1
3	27	1
3	28	1
3	29	1
3	30	1
3	31	1
3	32	1
3	33	1
3	34	1
3	35	1
3	36	1
3	37	1
3	38	1
3	39	1
3	40	1
3	41	1
3	42	1
3	43	1
3	44	1
3	45	1
3	46	1
3	47	1
3	48	1
3	49	1
3	50	1
3	51	1
3	52	1
3	53	1
3	54	1
3	55	1
3	56	1
3	57	1
3	58	1
3	59	1
3	60	1
3	61	1
3	62	1
3	63	1
3	64	1
3	65	1
3	66	1
3	67	1
3	68	1
3	69	1
3	70	1
3	71	1
3	72	1
3	73	1
3	74	1
3	75	1
3	76	1
3	77	1
3	78	1
3	79	1
3	80	1
3	81	1
3	82	1
3	83	1
3	84	1
3	85	1
3	86	1
3	87	1
3	88	1
3	89	1
3	90	1
3	91	1
3	92	1
3	93	1
3	94	1
4	26	1
4	27	1
4	28	1
4	29	1
4	30	1
4	31	1
4	32	1
4	33	1
4	34	1
4	35	1
4	36	1
4	37	1
4	38	1
4	39	1
4	40	1
4	41	1
4	42	1
4	43	1
4	44	1
4	45	1
4	46	1
4	47	1
4	48	1
4	49	1
4	50	1
4	51	1
4	52	1
4	53	1
4	54	1
4	55	1
4	56	1
4	57	1
4	58	1
4	59	1
4	60	1
4	61	1
4	62	1
4	63	1
4	64	1
4	65	1
4	66	1
4	67	1
4	68	1
4	69	1
4	70	1
4	71	1
4	72	1
4	73	1
4	74	1
4	75	1
4	76	1
4	77	1
4	78	1
4	79	1
4	80	1
4	81	1
4	82	1
4	83	1
4	84	1
4	85	1
4	86	1
4	87	1
4	88	1
4	89	1
4	90	1
4	91	1
4	92	1
4	93	1
4	94	1
5	26	1
5	27	1
5	28	1
5	29	1
5	30	1
5	31	1
5	32	1
5	33	1
5	34	1
5	35	1
5	36	1
5	37	1
5	38	1
5	39	1
5	40	1
5	41	1
5	42	1
5	43	1
5	44	1
5	45	1
5	46	1
5	47	1
5	48	1
5	49	1
5	50	1
5	51	1
5	52	1
5	53	1
5	54	1
5	55	1
5	56	1
5	57	1
5	58	1
5	59	1
5	60	1
5	61	1
5	62	1
5	63	1
5	64	1
5	65	1
5	66	1
5	67	1
5	68	1
5	69	1
5	70	1
5	71	1
5	72	1
5	73	1
5	74	1
5	75	1
5	76	1
5	77	1
5	78	1
5	79	1
5	80	1
5	81	1
5	82	1
5	83	1
5	84	1
5	85	1
5	86	1
5	87	1
5	88	1
5	89	1
5	90	1
5	91	1
5	92	1
5	93	1
5	94	1
6	25	1
6	26	1
6	27	1
6	28	1
6	29	1
6	30	1
6	31	1
6	32	1
6	33	1
6	34	1
6	35	1
6	36	1
6	37	1
6	38	1
6	39	1
6	40	1
6	41	1
6	42	1
6	43	1
6	44	1
6	45	1
6	46	1
6	47	1
6	48	1
6	49	1
6	50	1
6	51	1
6	52	1
6	53	1
6	54	1
6	55	1
6	56	1
6	57	1
6	58	1
6	59	1
6	60	1
6	61	1
6	62	1
6	63	1
6	64	1
6	65	1
6	66	1
6	67	1
6	68	1
6	69	1
6	70	1
6	71	1
6	72	1
6	73	1
6	74	1
6	75	1
6	76	1
6	77	1
6	78	1
6	79	1
6	80	1
6	81	1
6	82	1
6	83	1
6	84	1
6	85	1
6	86	1
6	87	1
6	88	1
6	89	1
6	90	1
6	91	1
6	92	1
6	93	1
6	94	1
6	95	1
7	26	1
7	27	1
7	28	1
7	29	1
7	30	1
7	31	1
7	32	1
7	33	1
7	34	1
7	35	1
7	36	1
7	37	1
7	38	1
7	39	1
7	40	1
7	41	1
7	42	1
7	43	1
7	44	1
7	45	1
7	46	1
7	47	1
7	48	1
7	49	1
7	50	1
7	51	1
7	52	1
7	53	1
7	54	1
7	55	1
7	56	1
7	57	1
7	58	1
7	59	1
7	60	1
7	61	1
7	62	1
7	63	1
7	64	1
7	65	1
7	66	1
7	67	1
7	68	1
7	69	1
7	70	1
7	71	1
7	72	1
7	73	1
7	74	1
7	75	1
7	76	1
7	77	1
7	78	1
7	79	1
7	80	1
7	81	1
7	82	1
7	83	1
7	84	1
7	85	1
7	86	1
7	87	1
7	88	1
7	89	1
7	90	1
7	91	1
7	92	1
7	93	1
7	94	1
8	26	1
8	27	1
8	28	1
8	29	1
8	30	1
8	31	1
8	32	1
8	33	1
8	34	1
8	35	1
8	36	1
8	37	1
8	38	1
8	39	1
8	40	1
8	41	1
8	42	1
8	43	1
8	44	1
8	45	1
8	46	1
8	47	1
8	48	1
8	49	1
8	50	1
8	51	1
8	52	1
8	53	1
8	54	1
8	55	1
8	56	1
8	57	1
8	58	1
8	59	1
8	60	1
8	61	1
8	62	1
8	63	1
8	64	1
8	65	1
8	66	1
8	67	1
8	68	1
8	69	1
8	70	1
8	71	1
8	72	1
8	73	1
8	74	1
8	75	1
8	76	1
8	77	1
8	78	1
8	79	1
8	80	1
8	81	1
8	82	1
8	83	1
8	84	1
8	85	1
8	86	1
8	87	1
8	88	1
8	89	1
8	90	1
8	91	1
8	92	1
8	93	1
8	94	1
9	26	1
9	27	1
9	28	1
9	29	1
9	30	1
9	31	1
9	32	1
9	33	1
9	34	1
9	35	1
9	36	1
9	37	1
9	38	1
9	39	1
9	40	1
9	41	1
9	42	1
9	43	1
9	44	1
9	45	1
9	46	1
9	47	1
9	48	1
9	49	1
9	50	1
9	51	1
9	52	1
9	53	1
9	54	1
9	55	1
9	56	1
9	57	1
9	58	1
9	59	1
9	60	1
9	61	1
9	62	1
9	63	1
9	64	1
9	65	1
9	66	1
9	67	1
9	68	1
9	69	1
9	70	1
9	71	1
9	72	1
9	73	1
9	74	1
9	75	1
9	76	1
9	77	1
9	78	1
9	79	1
9	80	1
9	81	1
9	82	1
9	83	1
9	84	1
9	85	1
9	86	1
9	87	1
9	88	1
9	89	1
9	90	1
9	91	1
9	92	1
9	93	1
9	94	1
10	26	1
10	27	1
10	28	1
10	29	1
10	30	1
10	31	1
10	32	1
10	33	1
10	34	1
10	35	1
10	36	1
10	37	1
10	38	1
10	39	1
10	40	1
10	41	1
10	42	1
10	43	1
10	44	1
10	45	1
10	46	1
10	47	1
10	48	1
10	49	1
10	50	1
10	51	1
10	52	1
10	53	1
10	54	1
10	55	1
10	56	1
10	57	1
10	58	1
10	59	1
10	60	1
10	61	1
10	62	1
10	63	1
10	64	1
10	65	1
10	66	1
10	67	1
10	68	1
10	69	1
10	70	1
10	71	1
10	72	1
10	73	1
10	74	1
10	75	1
10	76	1
10	77	1
10	78	1
10	79	1
10	80	1
10	81	1
10	82	1
10	83	1
10	84	1
10	85	1
10	86	1
10	87	1
10	88	1
10	89	1
10	90	1
10	91	1
10	92	1
10	93	1
10	94	1
11	26	1
11	27	1
11	28	1
11	29	1
11	30	1
11	31	1
11	32	1
11	33	1
11	34	1
11	35	1
11	36	1
11	37	1
11	38	1
11	39	1
11	40	1
11	41	1
11	42	1
11	43	1
11	44	1
11	45	1
11	46	1
11	47	1
11	48	1
11	49	1
11	50	1
11	51	1
11	52	1
11	53	1
11	54	1
11	55	1
11	56	1
11	57	1
11	58	1
11	59	1
11	60	1
11	61	1
11	62	1
11	63	1
11	64	1
11	65	1
11	66	1
11	67	1
11	68	1
11	69	1
11	70	1
11	71	1
11	72	1
11	73	1
11	74	1
11	75	1
11	76	1
11	77	1
11	78	1
11	79	1
11	80	1
11	81	1
11	82	1
11	83	1
11	84	1
11	85	1
11	86	1
11	87	1
11	88	1
11	89	1
11	90	1
11	91	1
11	92	1
11	93	1
11	94	1
12	26	1
12	27	1
12	28	1
12	29	1
12	30	1
12	31	1
12	32	1
12	33	1
12	34	1
12	35	1
12	36	1
12	37	1
12	38	1
12	39	1
12	40	1
12	41	1
12	42	1
12	43	1
12	44	1
12	45	1
12	46	1
12	47	1
12	48	1
12	49	1
12	50	1
12	51	1
12	52	1
12	53	1
12	54	1
12	55	1
12	56	1
12	57	1
12	58	1
12	59	1
12	60	1
12	61	1
12	62	1
12	63	1
12	64	1
12	65	1
12	66	1
12	67	1
12	68	1
12	69	1
12	70	1
12	71	1
12	72	1
12	73	1
12	74	1
12	75	1
12	76	1
12	77	1
12	78	1
12	79	1
12	80	1
12	81	1
12	82	1
12	83	1
12	84	1
12	85	1
12	86	1
12	87	1
12	88	1
12	89	1
12	90	1
12	91	1
12	92	1
12	93	1
12	94	1
13	26	1
13	27	1
13	28	1
13	29	1
13	30	1
13	31	1
13	32	1
13	33	1
13	34	1
13	35	1
13	36	1
13	37	1
13	38	1
13	39	1
13	40	1
13	41	1
13	42	1
13	43	1
13	44	1
13	45	1
13	46	1
13	47	1
13	48	1
13	49	1
13	50	1
13	51	1
13	52	1
13	53	1
13	54	1
13	55	1
13	56	1
13	57	1
13	58	1
13	59	1
13	60	1
13	61	1
13	62	1
13	63	1
13	64	1
13	65	1
13	66	1
13	67	1
13	68	1
13	69	1
13	70	1
13	71	1
13	72	1
13	73	1
13	74	1
13	75	1
13	76	1
13	77	1
13	78	1
13	79	1
13	80	1
13	81	1
13	82	1
13	83	1
13	84	1
13	85	1
13	86	1
13	87	1
13	88	1
13	89	1
13	90	1
13	91	1
13	92	1
13	93	1
13	94	1
14	26	1
14	27	1
14	28	1
14	29	1
14	30	1
14	31	1
14	32	1
14	33	1
14	34	1
14	35	1
14	36	1
14	37	1
14	38	1
14	39	1
14	40	1
14	41	1
14	42	1
14	43	1
14	44	1
14	45	1
14	46	1
14	47	1
14	48	1
14	49	1
14	50	1
14	51	1
14	52	1
14	53	1
14	54	1
14	55	1
14	56	1
14	57	1
14	58	1
14	59	1
14	60	1
14	61	1
14	62	1
14	63	1
14	64	1
14	65	1
14	66	1
14	67	1
14	68	1
14	69	1
14	70	1
14	71	1
14	72	1
14	73	1
14	74	1
14	75	1
14	76	1
14	77	1
14	78	1
14	79	1
14	80	1
14	81	1
14	82	1
14	83	1
14	84	1
14	85	1
14	86	1
14	87	1
14	88	1
14	89	1
14	90	1
14	91	1
14	92	1
14	93	1
14	94	1
15	27	1
15	28	1
15	29	1
15	30	1
15	31	1
15	32	1
15	33	1
15	34	1
15	35	1
15	36	1
15	37	1
15	38	1
15	39	1
15	40	1
15	41	1
15	42	1
15	43	1
15	44	1
15	45	1
15	46	1
15	47	1
15	48	1
15	49	1
15	50	1
15	51	1
15	52	1
15	53	1
15	54	1
15	55	1
15	56	1
15	57	1
15	58	1
15	59	1
15	60	1
15	61	1
15	62	1
15	63	1
15	64	1
15	65	1
15	66	1
15	67	1
15	68	1
15	69	1
15	70	1
15	71	1
15	72	1
15	73	1
15	74	1
15	75	1
15	76	1
15	77	1
15	78	1
15	79	1
15	80	1
15	81	1
15	82	1
15	83	1
15	84	1
15	85	1
15	86	1
15	87	1
15	88	1
15	89	1
15	90	1
15	91	1
15	92	1
15	93	1
16	27	1
16	28	1
16	29	1
16	30	1
16	31	1
16	32	1
16	33	1
16	34	1
16	35	1
16	36	1
16	37	1
16	38	1
16	39	1
16	40	1
16	41	1
16	42	1
16	43	1
16	44	1
16	45	1
16	46	1
16	47	1
16	48	1
16	49	1
16	50	1
16	51	1
16	52	1
16	53	1
16	54	1
16	55	1
16	56	1
16	57	1
16	58	1
16	59	1
16	60	1
16	61	1
16	62	1
16	63	1
16	64	1
16	65	1
16	66	1
16	67	1
16	68	1
16	69	1
16	70	1
16	71	1
16	72	1
16	73	1
16	74	1
16	75	1
16	76	1
16	77	1
16	78	1
16	79	1
16	80	1
16	81	1
16	82	1
16	83	1
16	84	1
16	85	1
16	86	1
16	87	1
16	88	1
16	89	1
16	90	1
16	91	1
16	92	1
16	93	1
17	27	1
17	28	1
17	29	1
17	30	1
17	31	1
17	32	1
17	33	1
17	34	1
17	35	1
17	36	1
17	37	1
17	38	1
17	39	1
17	40	1
17	41	1
17	42	1
17	43	1
17	44	1
17	45	1
17	46	1
17	47	1
17	48	1
17	49	1
17	50	1
17	51	1
17	52	1
17	53	1
17	54	1
17	55	1
17	56	1
17	57	1
17	58	1
17	59	1
17	60	1
17	61	1
17	62	1
17	63	1
17	64	1
17	65	1
17	66	1
17	67	1
17	68	1
17	69	1
17	70	1
17	71	1
17	72	1
17	73	1
17	74	1
17	75	1
17	76	1
17	77	1
17	78	1
17	79	1
17	80	1
17	81	1
17	82	1
17	83	1
17	84	1
17	85	1
17	86	1
17	87	1
17	88	1
17	89	1
17	90	1
17	91	1
17	92	1
17	93	1
18	28	1
18	29	1
18	30	1
18	31	1
18	32	1
18	33	1
18	34	1
18	35	1
18	36	1
18	37	1
18	38	1
18	39	1
18	40	1
18	41	1
18	42	1
18	43	1
18	44	1
18	45	1
18	46	1
18	47	1
18	48	1
18	49	1
18	50	1
18	51	1
18	52	1
18	53	1
18	54	1
18	55	1
18	56	1
18	57	1
18	58	1
18	59	1
18	60	1
18	61	1
18	62	1
18	63	1
18	64	1
18	65	1
18	66	1
18	67	1
18	68	1
18	69	1
18	70	1
18	71	1
18	72	1
18	73	1
18	74	1
18	75	1
18	76	1
18	77	1
18	78	1
18	79	1
18	80	1
18	81	1
18	82	1
18	83	1
18	84	1
18	85	1
18	86	1
18	87	1
18	88	1
18	89	1
18	90	1
18	91	1
18	92	1
19	28	1
19	29	1
19	30	1
19	31	1
19	32	1
19	33	1
19	34	1
19	35	1
19	36	1
19	37	1
19	38	1
19	39	1
19	40	1
19	41	1
19	42	1
19	43	1
19	44	1
19	45	1
19	46	1
19	47	1
19	48	1
19	49	1
19	50	1
19	51	1
19	52	1
19	53	1
19	54	1
19	55	1
19	56	1
19	57	1
19	58	1
19	59	1
19	60	1
19	61	1
19	62	1
19	63	1
19	64	1
19	65	1
19	66	1
19	67	1
19	68	1
19	69	1
19	70	1
19	71	1
19	72	1
19	73	1
19	74	1
19	75	1
19	76	1
19	77	1
19	78	1
19	79	1
19	80	1
19	81	1
19	82	1
19	83	1
19	84	1
19	85	1
19	86	1
19	87	1
19	88	1
19	89	1
19	90	1
19	91	1
19	92	1
20	28	1
20	29	1
20	30	1
20	31	1
20	32	1
20	33	1
20	34	1
20	35	1
20	36	1
20	37	1
20	38	1
20	39	1
20	40	1
20	41	1
20	42	1
20	43	1
20	44	1
20	45	1
20	46	1
20	47	1
20	48	1
20	49	1
20	50	1
20	51	1
20	52	1
20	53	1
20	54	1
20	55	1
20	56	1
20	57	1
20	58	1
20	59	1
20	60	1
20	61	1
20	62	1
20	63	1
20	64	1
20	65	1
20	66	1
20	67	1
20	68	1
20	69	1
20	70	1
20	71	1
20	72	1
20	73	1
20	74	1
20	75	1
20	76	1
20	77	1
20	78	1
20	79	1
20	80	1
20	81	1
20	82	1
20	83	1
20	84	1
20	85	1
20	86	1
20	87	1
20	88	1
20	89	1
20	90	1
20	91	1
20	92	1
21	29	1
21	30	1
21	31	1
21	32	1
21	33	1
21	34	1
21	35	1
21	36	1
21	37	1
21	38	1
21	39	1
21	40	1
21	41	1
21	42	1
21	43	1
21	44	1
21	45	1
21	46	1
21	47	1
21	48	1
21	49	1
21	50	1
21	51	1
21	52	1
21	53	1
21	54	1
21	55	1
21	56	1
21	57	1
21	58	1
21	59	1
21	60	1
21	61	1
21	62	1
21	63	1
21	64	1
21	65	1
21	66	1
21	67	1
21	68	1
21	69	1
21	70	1
21	71	1
21	72	1
21	73	1
21	74	1
21	75	1
21	76	1
21	77	1
21	78	1
21	79	1
21	80	1
21	81	1
21	82	1
21	83	1
21	84	1
21	85	1
21	86	1
21	87	1
21	88	1
21	89	1
21	90	1
21	91	1
22	29	1
22	30	1
22	31	1
22	32	1
22	33	1
22	34	1
22	35	1
22	36	1
22	37	1
22	38	1
22	39	1
22	40	1
22	41	1
22	42	1
22	43	1
22	44	1
22	45	1
22	46	1
22	47	1
22	48	1
22	49	1
22	50	1
22	51	1
22	52	1
22	53	1
22	54	1
22	55	1
22	56	1
22	57	1
22	58	1
22	59	1
22	60	1
22	61	1
22	62	1
22	63	1
22	64	1
22	65	1
22	66	1
22	67	1
22	68	1
22	69	1
22	70	1
22	71	1
22	72	1
22	73	1
22	74	1
22	75	1
22	76	1
22	77	1
22	78	1
22	79	1
22	80	1
22	81	1
22	82	1
22	83	1
22	84	1
22	85	1
22	86	1
22	87	1
22	88	1
22	89	1
22	90	1
22	91	1
23	30	1
23	31	1
23	32	1
23	33	1
23	34	1
23	35	1
23	36	1
23	37	1
23	38	1
23	39	1
23	40	1
23	41	1
23	42	1
23	43	1
23	44	1
23	45	1
23	46	1
23	47	1
23	48	1
23	49	1
23	50	1
23	51	1
23	52	1
23	53	1
23	54	1
23	55	1
23	56	1
23	57	1
23	58	1
23	59	1
23	60	1
23	61	1
23	62	1
23	63	1
23	64	1
23	65	1
23	66	1
23	67	1
23	68	1
23	69	1
23	70	1
23	71	1
23	72	1
23	73	1
23	74	1
23	75	1
23	76	1
23	77	1
23	78	1
23	79	1
23	80	1
23	81	1
23	82	1
23	83	1
23	84	1
23	85	1
23	86	1
23	87	1
23	88	1
23	89	1
23	90	1
24	30	1
24	31	1
24	32	1
24	33	1
24	34	1
24	35	1
24	36	1
24	37	1
24	38	1
24	39	1
24	40	1
24	41	1
24	42	1
24	43	1
24	44	1
24	45	1
24	46	1
24	47	1
24	48	1
24	49	1
24	50	1
24	51	1
24	52	1
24	53	1
24	54	1
24	55	1
24	56	1
24	57	1
24	58	1
24	59	1
24	60	1
24	61	1
24	62	1
24	63	1
24	64	1
24	65	1
24	66	1
24	67	1
24	68	1
24	69	1
24	70	1
24	71	1
24	72	1
24	73	1
24	74	1
24	75	1
24	76	1
24	77	1
24	78	1
24	79	1
24	80	1
24	81	1
24	82	1
24	83	1
24	84	1
24	85	1
24	86	1
24	87	1
24	88	1
24	89	1
24	90	1
25	31	1
25	32	1
25	33	1
25	34	1
25	35	1
25	36	1
25	37	1
25	38	1
25	39	1
25	40	1
25	41	1
25	42	1
25	43	1
25	44	1
25	45	1
25	46	1
25	47	1
25	48	1
25	49	1
25	50	1
25	51	1
25	52	1
25	53	1
25	54	1
25	55	1
25	56	1
25	57	1
25	58	1
25	59	1
25	60	1
25	61	1
25	62	1
25	63	1
25	64	1
25	65	1
25	66	1
25	67	1
25	68	1
25	69	1
25	70	1
25	71	1
25	72	1
25	73	1
25	74	1
25	75	1
25	76	1
25	77	1
25	78	1
25	79	1
25	80	1
25	81	1
25	82	1
25	83	1
25	84	1
25	85	1
25	86	1
25	87	1
25	88	1
25	89	1
26	32	1
26	33	1
26	34	1
26	35	1
26	36	1
26	37	1
26	38	1
26	39	1
26	40	1
26	41	1
26	42	1
26	43	1
26	44	1
26	45	1
26	46	1
26	47	1
26	48	1
26	49	1
26	50	1
26	51	1
26	52	1
26	53	1
26	54	1
26	55	1
26	56	1
26	57	1
26	58	1
26	59	1
26	60	1
26	61	1
26	62	1
26	63	1
26	64	1
26	65	1
26	66	1
26	67	1
26	68	1
26	69	1
26	70	1
26	71	1
26	72	1
26	73	1
26	74	1
26	75	1
26	76	1
26	77	1
26	78	1
26	79	1
26	80	1
26	81	1
26	82	1
26	83	1
26	84	1
26	85	1
26	86	1
26	87	1
26	88	1
27	32	1
27	33	1
27	34	1
27	35	1
27	36	1
27	37	1
27	38	1
27	39	1
27	40	1
27	41	1
27	42	1
27	43	1
27	44	1
27	45	1
27	46	1
27	47	1
27	48	1
27	49	1
27	50	1
27	51	1
27	52	1
27	53	1
27	54	1
27	55	1
27	56	1
27	57	1
27	58	1
27	59	1
27	60	1
27	61	1
27	62	1
27	63	1
27	64	1
27	65	1
27	66	1
27	67	1
27	68	1
27	69	1
27	70	1
27	71	1
27	72	1
27	73	1
27	74	1
27	75	1
27	76	1
27	77	1
27	78	1
27	79	1
27	80	1
27	81	1
27	82	1
27	83	1
27	84	1
27	85	1
27	86	1
27	87	1
27	88	1
28	33	1
28	34	1
28	35	1
28	36	1
28	37	1
28	38	1
28	39	1
28	40	1
28	41	1
28	42	1
28	43	1
28	44	1
28	45	1
28	46	1
28	47	1
28	48	1
28	49	1
28	50	1
28	51	1
28	52	1
28	53	1
28	54	1
28	55	1
28	56	1
28	57	1
28	58	1
28	59	1
28	60	1
28	61	1
28	62	1
28	63	1
28	64	1
28	65	1
28	66	1
28	67	1
28	68	1
28	69	1
28	70	1
28	71	1
28	72	1
28	73	1
28	74	1
28	75	1
28	76	1
28	77	1
28	78	1
28	79	1
28	80	1
28	81	1
28	82	1
28	83	1
28	84	1
28	85	1
28	86	1
28	87	1
29	34	1
29	35	1
29	36	1
29	37	1
29	38	1
29	39	1
29	40	1
29	41	1
29	42	1
29	43	1
29	44	1
29	45	1
29	46	1
29	47	1
29	48	1
29	49	1
29	50	1
29	51	1
29	52	1
29	53	1
29	54	1
29	55	1
29	56	1
29	57	1
29	58	1
29	59	1
29	60	1
29	61	1
29	62	1
29	63	1
29	64	1
29	65	1
29	66	1
29	67	1
29	68	1
29	69	1
29	70	1
29	71	1
29	72	1
29	73	1
29	74	1
29	75	1
29	76	1
29	77	1
29	78	1
29	79	1
29	80	1
29	81	1
29	82	1
29	83	1
29	84	1
29	85	1
29	86	1
30	35	1
30	36	1
30	37	1
30	38	1
30	39	1
30	40	1
30	41	1
30	42	1
30	43	1
30	44	1
30	45	1
30	46	1
30	47	1
30	48	1
30	49	1
30	50	1
30	51	1
30	52	1
30	53	1
30	54	1
30	55	1
30	56	1
30	57	1
30	58	1
30	59	1
30	60	1
30	61	1
30	62	1
30	63	1
30	64	1
30	65	1
30	66	1
30	67	1
30	68	1
30	69	1
30	70	1
30	71	1
30	72	1
30	73	1
30	74	1
30	75	1
30	76	1
30	77	1
30	78	1
30	79	1
30	80	1
30	81	1
30	82	1
30	83	1
30	84	1
30	85	1
31	36	1
31	37	1
31	38	1
31	39	1
31	40	1
31	41	1
31	42	1
31	43	1
31	44	1
31	45	1
31	46	1
31	47	1
31	48	1
31	49	1
31	50	1
31	51	1
31	52	1
31	53	1
31	54	1
31	55	1
31	56	1
31	57	1
31	58	1
31	59	1
31	60	1
31	61	1
31	62	1
31	63	1
31	64	1
31	65	1
31	66	1
31	67	1
31	68	1
31	69	1
31	70	1
31	71	1
31	72	1
31	73	1
31	74	1
31	75	1
31	76	1
31	77	1
31	78	1
31	79	1
31	80	1
31	81	1
31	82	1
31	83	1
31	84	1
32	37	1
32	38	1
32	39	1
32	40	1
32	41	1
32	42	1
32	43	1
32	44	1
32	45	1
32	46	1
32	47	1
32	48	1
32	49	1
32	50	1
32	51	1
32	52	1
32	53	1
32	54	1
32	55	1
32	56	1
32	57	1
32	58	1
32	59	1
32	60	1
32	61	1
32	62	1
32	63	1
32	64	1
32	65	1
32	66	1
32	67	1
32	68	1
32	69	1
32	70	1
32	71	1
32	72	1
32	73	1
32	74	1
32	75	1
32	76	1
32	77	1
32	78	1
32	79	1
32	80	1
32	81	1
32	82	1
32	83	1
33	38	1
33	39	1
33	40	1
33	41	1
33	42	1
33	43	1
33	44	1
33	45	1
33	46	1
33	47	1
33	48	1
33	49	1
33	50	1
33	51	1
33	52	1
33	53	1
33	54	1
33	55	1
33	56	1
33	57	1
33	58	1
33	59	1
33	60	1
33	61	1
33	62	1
33	63	1
33	64	1
33	65	1
33	66	1
33	67	1
33	68	1
33	69	1
33	70	1
33	71	1
33	72	1
33	73	1
33	74	1
33	75	1
33	76	1
33	77	1
33	78	1
33	79	1
33	80	1
33	81	1
33	82	1
34	39	1
34	40	1
34	41	1
34	42	1
34	43	1
34	44	1
34	45	1
34	46	1
34	47	1
34	48	1
34	49	1
34	50	1
34	51	1
34	52	1
34	53	1
34	54	1
34	55	1
34	56	1
34	57	1
34	58	1
34	59	1
34	60	1
34	61	1
34	62	1
34	63	1
34	64	1
34	65	1
34	66	1
34	67	1
34	68	1
34	69	1
34	70	1
34	71	1
34	72	1
34	73	1
34	74	1
34	75	1
34	76	1
34	77	1
34	78	1
34	79	1
34	80	1
34	81	1
35	41	1
35	42	1
35	43	1
35	44	1
35	45	1
35	46	1
35	47	1
35	48	1
35	49	1
35	50	1
35	51	1
35	52	1
35	53	1
35	54	1
35	55	1
35	56	1
35	57	1
35	58	1
35	59	1
35	60	1
35	61	1
35	62	1
35	63	1
35	64	1
35	65	1
35	66	1
35	67	1
35	68	1
35	69	1
35	70	1
35	71	1
35	72	1
35	73	1
35	74	1
35	75	1
35	76	1
35	77	1
35	78	1
35	79	1
36	42	1
36	43	1
36	44	1
36	45	1
36	46	1
36	47	1
36	48	1
36	49	1
36	50	1
36	51	1
36	52	1
36	53	1
36	54	1
36	55	1
36	56	1
36	57	1
36	58	1
36	59	1
36	60	1
36	61	1
36	62	1
36	63	1
36	64	1
36	65	1
36	66	1
36	67	1
36	68	1
36	69	1
36	70	1
36	71	1
36	72	1
36	73	1
36	74	1
36	75	1
36	76	1
36	77	1
36	78	1
37	44	1
37	45	1
37	46	1
37	47	1
37	48	1
37	49	1
37	50	1
37	51	1
37	52	1
37	53	1
37	54	1
37	55	1
37	56	1
37	57	1
37	58	1
37	59	1
37	60	1
37	61	1
37	62	1
37	63	1
37	64	1
37	65	1
37	66	1
37	67	1
37	68	1
37	69	1
37	70	1
37	71	1
37	72	1
37	73	1
37	74	1
37	75	1
37	76	1
38	46	1
38	47	1
38	48	1
38	49	1
38	50	1
38	51	1
38	52	1
38	53	1
38	54	1
38	55	1
38	56	1
38	57	1
38	58	1
38	59	1
38	60	1
38	61	1
38	62	1
38	63	1
38	64	1
38	65	1
38	66	1
38	67	1
38	68	1
38	69	1
38	70	1
38	71	1
38	72	1
38	73	1
38	74	1
39	49	1
39	50	1
39	51	1
39	52	1
39	53	1
39	54	1
39	55	1
39	56	1
39	57	1
39	58	1
39	59	1
39	60	1
39	61	1
39	62	1
39	63	1
39	64	1
39	65	1
39	66	1
39	67	1
39	68	1
39	69	1
39	70	1
39	71	1
40	52	1
40	53	1
40	54	1
40	55	1
40	56	1
40	57	1
40	58	1
40	59	1
40	60	1
40	61	1
40	62	1
40	63	1
40	64	1
40	65	1
40	66	1
40	67	1
40	68	1
41	60	1
