pix_x	pix_y	Flag
118	114	1
118	115	1
118	116	1
118	117	1
118	118	1
119	113	1
119	114	1
119	115	1
119	116	1
119	117	1
119	118	1
119	119	1
120	112	1
120	113	1
120	114	1
120	115	1
120	116	1
120	117	1
120	118	1
120	119	1
120	120	1
121	111	1
121	112	1
121	113	1
121	114	1
121	115	1
121	116	1
121	117	1
121	118	1
121	119	1
121	120	1
121	121	1
122	111	1
122	112	1
122	113	1
122	114	1
122	115	1
122	116	1
122	117	1
122	118	1
122	119	1
122	120	1
122	121	1
123	111	1
123	112	1
123	113	1
123	114	1
123	115	1
123	116	1
123	117	1
123	118	1
123	119	1
123	120	1
123	121	1
124	111	1
124	112	1
124	113	1
124	114	1
124	115	1
124	116	1
124	117	1
124	118	1
124	119	1
124	120	1
124	121	1
125	111	1
125	112	1
125	113	1
125	114	1
125	115	1
125	116	1
125	117	1
125	118	1
125	119	1
125	120	1
125	121	1
126	112	1
126	113	1
126	114	1
126	115	1
126	116	1
126	117	1
126	118	1
126	119	1
126	120	1
127	113	1
127	114	1
127	115	1
127	116	1
127	117	1
127	118	1
127	119	1
128	114	1
128	115	1
128	116	1
128	117	1
128	118	1
111	70	1
111	71	1
111	72	1
111	73	1
111	74	1
112	69	1
112	70	1
112	71	1
112	72	1
112	73	1
112	74	1
112	75	1
113	68	1
113	69	1
113	70	1
113	71	1
113	72	1
113	73	1
113	74	1
113	75	1
113	76	1
114	68	1
114	69	1
114	70	1
114	71	1
114	72	1
114	73	1
114	74	1
114	75	1
114	76	1
115	68	1
115	69	1
115	70	1
115	71	1
115	72	1
115	73	1
115	74	1
115	75	1
115	76	1
116	68	1
116	69	1
116	70	1
116	71	1
116	72	1
116	73	1
116	74	1
116	75	1
116	76	1
117	68	1
117	69	1
117	70	1
117	71	1
117	72	1
117	73	1
117	74	1
117	75	1
117	76	1
118	69	1
118	70	1
118	71	1
118	72	1
118	73	1
118	74	1
118	75	1
119	70	1
119	71	1
119	72	1
119	73	1
119	74	1
