pix_x	pix_y	Flag
79	100	-1
80	94	-1
80	95	-1
80	96	-1
80	97	-1
80	98	-1
80	99	-1
80	100	-1
80	101	-1
80	102	-1
80	103	-1
80	104	-1
80	105	-1
80	106	-1
81	92	-1
81	93	-1
81	94	-1
81	95	-1
81	96	-1
81	97	-1
81	98	-1
81	99	-1
81	100	-1
81	101	-1
81	102	-1
81	103	-1
81	104	-1
81	105	-1
81	106	-1
81	107	-1
81	108	-1
82	90	-1
82	91	-1
82	92	-1
82	93	-1
82	94	-1
82	95	-1
82	96	-1
82	97	-1
82	98	-1
82	99	-1
82	100	-1
82	101	-1
82	102	-1
82	103	-1
82	104	-1
82	105	-1
82	106	-1
82	107	-1
82	108	-1
82	109	-1
82	110	-1
83	88	-1
83	89	-1
83	90	-1
83	91	-1
83	92	-1
83	93	-1
83	94	-1
83	95	-1
83	96	-1
83	97	-1
83	98	-1
83	99	-1
83	100	-1
83	101	-1
83	102	-1
83	103	-1
83	104	-1
83	105	-1
83	106	-1
83	107	-1
83	108	-1
83	109	-1
83	110	-1
83	111	-1
83	112	-1
84	87	-1
84	88	-1
84	89	-1
84	90	-1
84	91	-1
84	92	-1
84	93	-1
84	94	-1
84	95	-1
84	96	-1
84	97	-1
84	98	-1
84	99	-1
84	100	-1
84	101	-1
84	102	-1
84	103	-1
84	104	-1
84	105	-1
84	106	-1
84	107	-1
84	108	-1
84	109	-1
84	110	-1
84	111	-1
84	112	-1
84	113	-1
85	86	-1
85	87	-1
85	88	-1
85	89	-1
85	90	-1
85	91	-1
85	92	-1
85	93	-1
85	94	-1
85	95	-1
85	96	-1
85	97	-1
85	98	-1
85	99	-1
85	100	-1
85	101	-1
85	102	-1
85	103	-1
85	104	-1
85	105	-1
85	106	-1
85	107	-1
85	108	-1
85	109	-1
85	110	-1
85	111	-1
85	112	-1
85	113	-1
85	114	-1
86	85	-1
86	86	-1
86	87	-1
86	88	-1
86	89	-1
86	90	-1
86	91	-1
86	92	-1
86	93	-1
86	94	-1
86	95	-1
86	96	-1
86	97	-1
86	98	-1
86	99	-1
86	100	-1
86	101	-1
86	102	-1
86	103	-1
86	104	-1
86	105	-1
86	106	-1
86	107	-1
86	108	-1
86	109	-1
86	110	-1
86	111	-1
86	112	-1
86	113	-1
86	114	-1
86	115	-1
87	84	-1
87	85	-1
87	86	-1
87	87	-1
87	88	-1
87	89	-1
87	90	-1
87	91	-1
87	92	-1
87	93	-1
87	94	-1
87	95	-1
87	96	-1
87	97	-1
87	98	-1
87	99	-1
87	100	-1
87	101	-1
87	102	-1
87	103	-1
87	104	-1
87	105	-1
87	106	-1
87	107	-1
87	108	-1
87	109	-1
87	110	-1
87	111	-1
87	112	-1
87	113	-1
87	114	-1
87	115	-1
87	116	-1
88	84	-1
88	85	-1
88	86	-1
88	87	-1
88	88	-1
88	89	-1
88	90	-1
88	91	-1
88	92	-1
88	93	-1
88	94	-1
88	95	-1
88	96	-1
88	97	-1
88	98	-1
88	99	-1
88	100	-1
88	101	-1
88	102	-1
88	103	-1
88	104	-1
88	105	-1
88	106	-1
88	107	-1
88	108	-1
88	109	-1
88	110	-1
88	111	-1
88	112	-1
88	113	-1
88	114	-1
88	115	-1
88	116	-1
89	83	-1
89	84	-1
89	85	-1
89	86	-1
89	87	-1
89	88	-1
89	89	-1
89	90	-1
89	91	-1
89	92	-1
89	93	-1
89	94	-1
89	95	-1
89	96	-1
89	97	-1
89	98	-1
89	99	-1
89	100	-1
89	101	-1
89	102	-1
89	103	-1
89	104	-1
89	105	-1
89	106	-1
89	107	-1
89	108	-1
89	109	-1
89	110	-1
89	111	-1
89	112	-1
89	113	-1
89	114	-1
89	115	-1
89	116	-1
89	117	-1
90	83	-1
90	84	-1
90	85	-1
90	86	-1
90	87	-1
90	88	-1
90	89	-1
90	90	-1
90	91	-1
90	92	-1
90	93	-1
90	94	-1
90	95	-1
90	96	-1
90	97	-1
90	98	-1
90	99	-1
90	100	-1
90	101	-1
90	102	-1
90	103	-1
90	104	-1
90	105	-1
90	106	-1
90	107	-1
90	108	-1
90	109	-1
90	110	-1
90	111	-1
90	112	-1
90	113	-1
90	114	-1
90	115	-1
90	116	-1
90	117	-1
91	82	-1
91	83	-1
91	84	-1
91	85	-1
91	86	-1
91	87	-1
91	88	-1
91	89	-1
91	90	-1
91	91	-1
91	92	-1
91	93	-1
91	94	-1
91	95	-1
91	96	-1
91	97	-1
91	98	-1
91	99	-1
91	100	-1
91	101	-1
91	102	-1
91	103	-1
91	104	-1
91	105	-1
91	106	-1
91	107	-1
91	108	-1
91	109	-1
91	110	-1
91	111	-1
91	112	-1
91	113	-1
91	114	-1
91	115	-1
91	116	-1
91	117	-1
91	118	-1
92	82	-1
92	83	-1
92	84	-1
92	85	-1
92	86	-1
92	87	-1
92	88	-1
92	89	-1
92	90	-1
92	91	-1
92	92	-1
92	93	-1
92	94	-1
92	95	-1
92	96	-1
92	97	-1
92	98	-1
92	99	-1
92	100	-1
92	101	-1
92	102	-1
92	103	-1
92	104	-1
92	105	-1
92	106	-1
92	107	-1
92	108	-1
92	109	-1
92	110	-1
92	111	-1
92	112	-1
92	113	-1
92	114	-1
92	115	-1
92	116	-1
92	117	-1
92	118	-1
93	81	-1
93	82	-1
93	83	-1
93	84	-1
93	85	-1
93	86	-1
93	87	-1
93	88	-1
93	89	-1
93	90	-1
93	91	-1
93	92	-1
93	93	-1
93	94	-1
93	95	-1
93	96	-1
93	97	-1
93	98	-1
93	99	-1
93	100	-1
93	101	-1
93	102	-1
93	103	-1
93	104	-1
93	105	-1
93	106	-1
93	107	-1
93	108	-1
93	109	-1
93	110	-1
93	111	-1
93	112	-1
93	113	-1
93	114	-1
93	115	-1
93	116	-1
93	117	-1
93	118	-1
93	119	-1
94	81	-1
94	82	-1
94	83	-1
94	84	-1
94	85	-1
94	86	-1
94	87	-1
94	88	-1
94	89	-1
94	90	-1
94	91	-1
94	92	-1
94	93	-1
94	94	-1
94	95	-1
94	96	-1
94	97	-1
94	98	-1
94	99	-1
94	100	-1
94	101	-1
94	102	-1
94	103	-1
94	104	-1
94	105	-1
94	106	-1
94	107	-1
94	108	-1
94	109	-1
94	110	-1
94	111	-1
94	112	-1
94	113	-1
94	114	-1
94	115	-1
94	116	-1
94	117	-1
94	118	-1
94	119	-1
95	81	-1
95	82	-1
95	83	-1
95	84	-1
95	85	-1
95	86	-1
95	87	-1
95	88	-1
95	89	-1
95	90	-1
95	91	-1
95	92	-1
95	93	-1
95	94	-1
95	95	-1
95	96	-1
95	97	-1
95	98	-1
95	99	-1
95	100	-1
95	101	-1
95	102	-1
95	103	-1
95	104	-1
95	105	-1
95	106	-1
95	107	-1
95	108	-1
95	109	-1
95	110	-1
95	111	-1
95	112	-1
95	113	-1
95	114	-1
95	115	-1
95	116	-1
95	117	-1
95	118	-1
95	119	-1
96	81	-1
96	82	-1
96	83	-1
96	84	-1
96	85	-1
96	86	-1
96	87	-1
96	88	-1
96	89	-1
96	90	-1
96	91	-1
96	92	-1
96	93	-1
96	94	-1
96	95	-1
96	96	-1
96	97	-1
96	98	-1
96	99	-1
96	100	-1
96	101	-1
96	102	-1
96	103	-1
96	104	-1
96	105	-1
96	106	-1
96	107	-1
96	108	-1
96	109	-1
96	110	-1
96	111	-1
96	112	-1
96	113	-1
96	114	-1
96	115	-1
96	116	-1
96	117	-1
96	118	-1
96	119	-1
97	81	-1
97	82	-1
97	83	-1
97	84	-1
97	85	-1
97	86	-1
97	87	-1
97	88	-1
97	89	-1
97	90	-1
97	91	-1
97	92	-1
97	93	-1
97	94	-1
97	95	-1
97	96	-1
97	97	-1
97	98	-1
97	99	-1
97	100	-1
97	101	-1
97	102	-1
97	103	-1
97	104	-1
97	105	-1
97	106	-1
97	107	-1
97	108	-1
97	109	-1
97	110	-1
97	111	-1
97	112	-1
97	113	-1
97	114	-1
97	115	-1
97	116	-1
97	117	-1
97	118	-1
97	119	-1
98	81	-1
98	82	-1
98	83	-1
98	84	-1
98	85	-1
98	86	-1
98	87	-1
98	88	-1
98	89	-1
98	90	-1
98	91	-1
98	92	-1
98	93	-1
98	94	-1
98	95	-1
98	96	-1
98	97	-1
98	98	-1
98	99	-1
98	100	-1
98	101	-1
98	102	-1
98	103	-1
98	104	-1
98	105	-1
98	106	-1
98	107	-1
98	108	-1
98	109	-1
98	110	-1
98	111	-1
98	112	-1
98	113	-1
98	114	-1
98	115	-1
98	116	-1
98	117	-1
98	118	-1
98	119	-1
99	80	-1
99	81	-1
99	82	-1
99	83	-1
99	84	-1
99	85	-1
99	86	-1
99	87	-1
99	88	-1
99	89	-1
99	90	-1
99	91	-1
99	92	-1
99	93	-1
99	94	-1
99	95	-1
99	96	-1
99	97	-1
99	98	-1
99	99	-1
99	100	-1
99	101	-1
99	102	-1
99	103	-1
99	104	-1
99	105	-1
99	106	-1
99	107	-1
99	108	-1
99	109	-1
99	110	-1
99	111	-1
99	112	-1
99	113	-1
99	114	-1
99	115	-1
99	116	-1
99	117	-1
99	118	-1
99	119	-1
99	120	-1
100	81	-1
100	82	-1
100	83	-1
100	84	-1
100	85	-1
100	86	-1
100	87	-1
100	88	-1
100	89	-1
100	90	-1
100	91	-1
100	92	-1
100	93	-1
100	94	-1
100	95	-1
100	96	-1
100	97	-1
100	98	-1
100	99	-1
100	100	-1
100	101	-1
100	102	-1
100	103	-1
100	104	-1
100	105	-1
100	106	-1
100	107	-1
100	108	-1
100	109	-1
100	110	-1
100	111	-1
100	112	-1
100	113	-1
100	114	-1
100	115	-1
100	116	-1
100	117	-1
100	118	-1
100	119	-1
101	81	-1
101	82	-1
101	83	-1
101	84	-1
101	85	-1
101	86	-1
101	87	-1
101	88	-1
101	89	-1
101	90	-1
101	91	-1
101	92	-1
101	93	-1
101	94	-1
101	95	-1
101	96	-1
101	97	-1
101	98	-1
101	99	-1
101	100	-1
101	101	-1
101	102	-1
101	103	-1
101	104	-1
101	105	-1
101	106	-1
101	107	-1
101	108	-1
101	109	-1
101	110	-1
101	111	-1
101	112	-1
101	113	-1
101	114	-1
101	115	-1
101	116	-1
101	117	-1
101	118	-1
101	119	-1
102	81	-1
102	82	-1
102	83	-1
102	84	-1
102	85	-1
102	86	-1
102	87	-1
102	88	-1
102	89	-1
102	90	-1
102	91	-1
102	92	-1
102	93	-1
102	94	-1
102	95	-1
102	96	-1
102	97	-1
102	98	-1
102	99	-1
102	100	-1
102	101	-1
102	102	-1
102	103	-1
102	104	-1
102	105	-1
102	106	-1
102	107	-1
102	108	-1
102	109	-1
102	110	-1
102	111	-1
102	112	-1
102	113	-1
102	114	-1
102	115	-1
102	116	-1
102	117	-1
102	118	-1
102	119	-1
103	81	-1
103	82	-1
103	83	-1
103	84	-1
103	85	-1
103	86	-1
103	87	-1
103	88	-1
103	89	-1
103	90	-1
103	91	-1
103	92	-1
103	93	-1
103	94	-1
103	95	-1
103	96	-1
103	97	-1
103	98	-1
103	99	-1
103	100	-1
103	101	-1
103	102	-1
103	103	-1
103	104	-1
103	105	-1
103	106	-1
103	107	-1
103	108	-1
103	109	-1
103	110	-1
103	111	-1
103	112	-1
103	113	-1
103	114	-1
103	115	-1
103	116	-1
103	117	-1
103	118	-1
103	119	-1
104	81	-1
104	82	-1
104	83	-1
104	84	-1
104	85	-1
104	86	-1
104	87	-1
104	88	-1
104	89	-1
104	90	-1
104	91	-1
104	92	-1
104	93	-1
104	94	-1
104	95	-1
104	96	-1
104	97	-1
104	98	-1
104	99	-1
104	100	-1
104	101	-1
104	102	-1
104	103	-1
104	104	-1
104	105	-1
104	106	-1
104	107	-1
104	108	-1
104	109	-1
104	110	-1
104	111	-1
104	112	-1
104	113	-1
104	114	-1
104	115	-1
104	116	-1
104	117	-1
104	118	-1
104	119	-1
105	81	-1
105	82	-1
105	83	-1
105	84	-1
105	85	-1
105	86	-1
105	87	-1
105	88	-1
105	89	-1
105	90	-1
105	91	-1
105	92	-1
105	93	-1
105	94	-1
105	95	-1
105	96	-1
105	97	-1
105	98	-1
105	99	-1
105	100	-1
105	101	-1
105	102	-1
105	103	-1
105	104	-1
105	105	-1
105	106	-1
105	107	-1
105	108	-1
105	109	-1
105	110	-1
105	111	-1
105	112	-1
105	113	-1
105	114	-1
105	115	-1
105	116	-1
105	117	-1
105	118	-1
105	119	-1
106	82	-1
106	83	-1
106	84	-1
106	85	-1
106	86	-1
106	87	-1
106	88	-1
106	89	-1
106	90	-1
106	91	-1
106	92	-1
106	93	-1
106	94	-1
106	95	-1
106	96	-1
106	97	-1
106	98	-1
106	99	-1
106	100	-1
106	101	-1
106	102	-1
106	103	-1
106	104	-1
106	105	-1
106	106	-1
106	107	-1
106	108	-1
106	109	-1
106	110	-1
106	111	-1
106	112	-1
106	113	-1
106	114	-1
106	115	-1
106	116	-1
106	117	-1
106	118	-1
107	82	-1
107	83	-1
107	84	-1
107	85	-1
107	86	-1
107	87	-1
107	88	-1
107	89	-1
107	90	-1
107	91	-1
107	92	-1
107	93	-1
107	94	-1
107	95	-1
107	96	-1
107	97	-1
107	98	-1
107	99	-1
107	100	-1
107	101	-1
107	102	-1
107	103	-1
107	104	-1
107	105	-1
107	106	-1
107	107	-1
107	108	-1
107	109	-1
107	110	-1
107	111	-1
107	112	-1
107	113	-1
107	114	-1
107	115	-1
107	116	-1
107	117	-1
107	118	-1
108	83	-1
108	84	-1
108	85	-1
108	86	-1
108	87	-1
108	88	-1
108	89	-1
108	90	-1
108	91	-1
108	92	-1
108	93	-1
108	94	-1
108	95	-1
108	96	-1
108	97	-1
108	98	-1
108	99	-1
108	100	-1
108	101	-1
108	102	-1
108	103	-1
108	104	-1
108	105	-1
108	106	-1
108	107	-1
108	108	-1
108	109	-1
108	110	-1
108	111	-1
108	112	-1
108	113	-1
108	114	-1
108	115	-1
108	116	-1
108	117	-1
109	83	-1
109	84	-1
109	85	-1
109	86	-1
109	87	-1
109	88	-1
109	89	-1
109	90	-1
109	91	-1
109	92	-1
109	93	-1
109	94	-1
109	95	-1
109	96	-1
109	97	-1
109	98	-1
109	99	-1
109	100	-1
109	101	-1
109	102	-1
109	103	-1
109	104	-1
109	105	-1
109	106	-1
109	107	-1
109	108	-1
109	109	-1
109	110	-1
109	111	-1
109	112	-1
109	113	-1
109	114	-1
109	115	-1
109	116	-1
109	117	-1
110	84	-1
110	85	-1
110	86	-1
110	87	-1
110	88	-1
110	89	-1
110	90	-1
110	91	-1
110	92	-1
110	93	-1
110	94	-1
110	95	-1
110	96	-1
110	97	-1
110	98	-1
110	99	-1
110	100	-1
110	101	-1
110	102	-1
110	103	-1
110	104	-1
110	105	-1
110	106	-1
110	107	-1
110	108	-1
110	109	-1
110	110	-1
110	111	-1
110	112	-1
110	113	-1
110	114	-1
110	115	-1
110	116	-1
111	84	-1
111	85	-1
111	86	-1
111	87	-1
111	88	-1
111	89	-1
111	90	-1
111	91	-1
111	92	-1
111	93	-1
111	94	-1
111	95	-1
111	96	-1
111	97	-1
111	98	-1
111	99	-1
111	100	-1
111	101	-1
111	102	-1
111	103	-1
111	104	-1
111	105	-1
111	106	-1
111	107	-1
111	108	-1
111	109	-1
111	110	-1
111	111	-1
111	112	-1
111	113	-1
111	114	-1
111	115	-1
111	116	-1
112	85	-1
112	86	-1
112	87	-1
112	88	-1
112	89	-1
112	90	-1
112	91	-1
112	92	-1
112	93	-1
112	94	-1
112	95	-1
112	96	-1
112	97	-1
112	98	-1
112	99	-1
112	100	-1
112	101	-1
112	102	-1
112	103	-1
112	104	-1
112	105	-1
112	106	-1
112	107	-1
112	108	-1
112	109	-1
112	110	-1
112	111	-1
112	112	-1
112	113	-1
112	114	-1
112	115	-1
113	86	-1
113	87	-1
113	88	-1
113	89	-1
113	90	-1
113	91	-1
113	92	-1
113	93	-1
113	94	-1
113	95	-1
113	96	-1
113	97	-1
113	98	-1
113	99	-1
113	100	-1
113	101	-1
113	102	-1
113	103	-1
113	104	-1
113	105	-1
113	106	-1
113	107	-1
113	108	-1
113	109	-1
113	110	-1
113	111	-1
113	112	-1
113	113	-1
113	114	-1
114	87	-1
114	88	-1
114	89	-1
114	90	-1
114	91	-1
114	92	-1
114	93	-1
114	94	-1
114	95	-1
114	96	-1
114	97	-1
114	98	-1
114	99	-1
114	100	-1
114	101	-1
114	102	-1
114	103	-1
114	104	-1
114	105	-1
114	106	-1
114	107	-1
114	108	-1
114	109	-1
114	110	-1
114	111	-1
114	112	-1
114	113	-1
115	88	-1
115	89	-1
115	90	-1
115	91	-1
115	92	-1
115	93	-1
115	94	-1
115	95	-1
115	96	-1
115	97	-1
115	98	-1
115	99	-1
115	100	-1
115	101	-1
115	102	-1
115	103	-1
115	104	-1
115	105	-1
115	106	-1
115	107	-1
115	108	-1
115	109	-1
115	110	-1
115	111	-1
115	112	-1
116	90	-1
116	91	-1
116	92	-1
116	93	-1
116	94	-1
116	95	-1
116	96	-1
116	97	-1
116	98	-1
116	99	-1
116	100	-1
116	101	-1
116	102	-1
116	103	-1
116	104	-1
116	105	-1
116	106	-1
116	107	-1
116	108	-1
116	109	-1
116	110	-1
117	92	-1
117	93	-1
117	94	-1
117	95	-1
117	96	-1
117	97	-1
117	98	-1
117	99	-1
117	100	-1
117	101	-1
117	102	-1
117	103	-1
117	104	-1
117	105	-1
117	106	-1
117	107	-1
117	108	-1
118	94	-1
118	95	-1
118	96	-1
118	97	-1
118	98	-1
118	99	-1
118	100	-1
118	101	-1
118	102	-1
118	103	-1
118	104	-1
118	105	-1
118	106	-1
119	100	-1
47	65	-1
48	59	-1
48	60	-1
48	61	-1
48	62	-1
48	63	-1
48	64	-1
48	65	-1
48	66	-1
48	67	-1
48	68	-1
48	69	-1
48	70	-1
48	71	-1
49	57	-1
49	58	-1
49	59	-1
49	60	-1
49	61	-1
49	62	-1
49	63	-1
49	64	-1
49	65	-1
49	66	-1
49	67	-1
49	68	-1
49	69	-1
49	70	-1
49	71	-1
49	72	-1
49	73	-1
50	55	-1
50	56	-1
50	57	-1
50	58	-1
50	59	-1
50	60	-1
50	61	-1
50	62	-1
50	63	-1
50	64	-1
50	65	-1
50	66	-1
50	67	-1
50	68	-1
50	69	-1
50	70	-1
50	71	-1
50	72	-1
50	73	-1
50	74	-1
50	75	-1
51	53	-1
51	54	-1
51	55	-1
51	56	-1
51	57	-1
51	58	-1
51	59	-1
51	60	-1
51	61	-1
51	62	-1
51	63	-1
51	64	-1
51	65	-1
51	66	-1
51	67	-1
51	68	-1
51	69	-1
51	70	-1
51	71	-1
51	72	-1
51	73	-1
51	74	-1
51	75	-1
51	76	-1
51	77	-1
52	52	-1
52	53	-1
52	54	-1
52	55	-1
52	56	-1
52	57	-1
52	58	-1
52	59	-1
52	60	-1
52	61	-1
52	62	-1
52	63	-1
52	64	-1
52	65	-1
52	66	-1
52	67	-1
52	68	-1
52	69	-1
52	70	-1
52	71	-1
52	72	-1
52	73	-1
52	74	-1
52	75	-1
52	76	-1
52	77	-1
52	78	-1
53	51	-1
53	52	-1
53	53	-1
53	54	-1
53	55	-1
53	56	-1
53	57	-1
53	58	-1
53	59	-1
53	60	-1
53	61	-1
53	62	-1
53	63	-1
53	64	-1
53	65	-1
53	66	-1
53	67	-1
53	68	-1
53	69	-1
53	70	-1
53	71	-1
53	72	-1
53	73	-1
53	74	-1
53	75	-1
53	76	-1
53	77	-1
53	78	-1
53	79	-1
54	50	-1
54	51	-1
54	52	-1
54	53	-1
54	54	-1
54	55	-1
54	56	-1
54	57	-1
54	58	-1
54	59	-1
54	60	-1
54	61	-1
54	62	-1
54	63	-1
54	64	-1
54	65	-1
54	66	-1
54	67	-1
54	68	-1
54	69	-1
54	70	-1
54	71	-1
54	72	-1
54	73	-1
54	74	-1
54	75	-1
54	76	-1
54	77	-1
54	78	-1
54	79	-1
54	80	-1
55	49	-1
55	50	-1
55	51	-1
55	52	-1
55	53	-1
55	54	-1
55	55	-1
55	56	-1
55	57	-1
55	58	-1
55	59	-1
55	60	-1
55	61	-1
55	62	-1
55	63	-1
55	64	-1
55	65	-1
55	66	-1
55	67	-1
55	68	-1
55	69	-1
55	70	-1
55	71	-1
55	72	-1
55	73	-1
55	74	-1
55	75	-1
55	76	-1
55	77	-1
55	78	-1
55	79	-1
55	80	-1
55	81	-1
56	49	-1
56	50	-1
56	51	-1
56	52	-1
56	53	-1
56	54	-1
56	55	-1
56	56	-1
56	57	-1
56	58	-1
56	59	-1
56	60	-1
56	61	-1
56	62	-1
56	63	-1
56	64	-1
56	65	-1
56	66	-1
56	67	-1
56	68	-1
56	69	-1
56	70	-1
56	71	-1
56	72	-1
56	73	-1
56	74	-1
56	75	-1
56	76	-1
56	77	-1
56	78	-1
56	79	-1
56	80	-1
56	81	-1
57	48	-1
57	49	-1
57	50	-1
57	51	-1
57	52	-1
57	53	-1
57	54	-1
57	55	-1
57	56	-1
57	57	-1
57	58	-1
57	59	-1
57	60	-1
57	61	-1
57	62	-1
57	63	-1
57	64	-1
57	65	-1
57	66	-1
57	67	-1
57	68	-1
57	69	-1
57	70	-1
57	71	-1
57	72	-1
57	73	-1
57	74	-1
57	75	-1
57	76	-1
57	77	-1
57	78	-1
57	79	-1
57	80	-1
57	81	-1
57	82	-1
58	48	-1
58	49	-1
58	50	-1
58	51	-1
58	52	-1
58	53	-1
58	54	-1
58	55	-1
58	56	-1
58	57	-1
58	58	-1
58	59	-1
58	60	-1
58	61	-1
58	62	-1
58	63	-1
58	64	-1
58	65	-1
58	66	-1
58	67	-1
58	68	-1
58	69	-1
58	70	-1
58	71	-1
58	72	-1
58	73	-1
58	74	-1
58	75	-1
58	76	-1
58	77	-1
58	78	-1
58	79	-1
58	80	-1
58	81	-1
58	82	-1
59	47	-1
59	48	-1
59	49	-1
59	50	-1
59	51	-1
59	52	-1
59	53	-1
59	54	-1
59	55	-1
59	56	-1
59	57	-1
59	58	-1
59	59	-1
59	60	-1
59	61	-1
59	62	-1
59	63	-1
59	64	-1
59	65	-1
59	66	-1
59	67	-1
59	68	-1
59	69	-1
59	70	-1
59	71	-1
59	72	-1
59	73	-1
59	74	-1
59	75	-1
59	76	-1
59	77	-1
59	78	-1
59	79	-1
59	80	-1
59	81	-1
59	82	-1
59	83	-1
60	47	-1
60	48	-1
60	49	-1
60	50	-1
60	51	-1
60	52	-1
60	53	-1
60	54	-1
60	55	-1
60	56	-1
60	57	-1
60	58	-1
60	59	-1
60	60	-1
60	61	-1
60	62	-1
60	63	-1
60	64	-1
60	65	-1
60	66	-1
60	67	-1
60	68	-1
60	69	-1
60	70	-1
60	71	-1
60	72	-1
60	73	-1
60	74	-1
60	75	-1
60	76	-1
60	77	-1
60	78	-1
60	79	-1
60	80	-1
60	81	-1
60	82	-1
60	83	-1
61	46	-1
61	47	-1
61	48	-1
61	49	-1
61	50	-1
61	51	-1
61	52	-1
61	53	-1
61	54	-1
61	55	-1
61	56	-1
61	57	-1
61	58	-1
61	59	-1
61	60	-1
61	61	-1
61	62	-1
61	63	-1
61	64	-1
61	65	-1
61	66	-1
61	67	-1
61	68	-1
61	69	-1
61	70	-1
61	71	-1
61	72	-1
61	73	-1
61	74	-1
61	75	-1
61	76	-1
61	77	-1
61	78	-1
61	79	-1
61	80	-1
61	81	-1
61	82	-1
61	83	-1
61	84	-1
62	46	-1
62	47	-1
62	48	-1
62	49	-1
62	50	-1
62	51	-1
62	52	-1
62	53	-1
62	54	-1
62	55	-1
62	56	-1
62	57	-1
62	58	-1
62	59	-1
62	60	-1
62	61	-1
62	62	-1
62	63	-1
62	64	-1
62	65	-1
62	66	-1
62	67	-1
62	68	-1
62	69	-1
62	70	-1
62	71	-1
62	72	-1
62	73	-1
62	74	-1
62	75	-1
62	76	-1
62	77	-1
62	78	-1
62	79	-1
62	80	-1
62	81	-1
62	82	-1
62	83	-1
62	84	-1
63	46	-1
63	47	-1
63	48	-1
63	49	-1
63	50	-1
63	51	-1
63	52	-1
63	53	-1
63	54	-1
63	55	-1
63	56	-1
63	57	-1
63	58	-1
63	59	-1
63	60	-1
63	61	-1
63	62	-1
63	63	-1
63	64	-1
63	65	-1
63	66	-1
63	67	-1
63	68	-1
63	69	-1
63	70	-1
63	71	-1
63	72	-1
63	73	-1
63	74	-1
63	75	-1
63	76	-1
63	77	-1
63	78	-1
63	79	-1
63	80	-1
63	81	-1
63	82	-1
63	83	-1
63	84	-1
64	46	-1
64	47	-1
64	48	-1
64	49	-1
64	50	-1
64	51	-1
64	52	-1
64	53	-1
64	54	-1
64	55	-1
64	56	-1
64	57	-1
64	58	-1
64	59	-1
64	60	-1
64	61	-1
64	62	-1
64	63	-1
64	64	-1
64	65	-1
64	66	-1
64	67	-1
64	68	-1
64	69	-1
64	70	-1
64	71	-1
64	72	-1
64	73	-1
64	74	-1
64	75	-1
64	76	-1
64	77	-1
64	78	-1
64	79	-1
64	80	-1
64	81	-1
64	82	-1
64	83	-1
64	84	-1
65	46	-1
65	47	-1
65	48	-1
65	49	-1
65	50	-1
65	51	-1
65	52	-1
65	53	-1
65	54	-1
65	55	-1
65	56	-1
65	57	-1
65	58	-1
65	59	-1
65	60	-1
65	61	-1
65	62	-1
65	63	-1
65	64	-1
65	65	-1
65	66	-1
65	67	-1
65	68	-1
65	69	-1
65	70	-1
65	71	-1
65	72	-1
65	73	-1
65	74	-1
65	75	-1
65	76	-1
65	77	-1
65	78	-1
65	79	-1
65	80	-1
65	81	-1
65	82	-1
65	83	-1
65	84	-1
66	46	-1
66	47	-1
66	48	-1
66	49	-1
66	50	-1
66	51	-1
66	52	-1
66	53	-1
66	54	-1
66	55	-1
66	56	-1
66	57	-1
66	58	-1
66	59	-1
66	60	-1
66	61	-1
66	62	-1
66	63	-1
66	64	-1
66	65	-1
66	66	-1
66	67	-1
66	68	-1
66	69	-1
66	70	-1
66	71	-1
66	72	-1
66	73	-1
66	74	-1
66	75	-1
66	76	-1
66	77	-1
66	78	-1
66	79	-1
66	80	-1
66	81	-1
66	82	-1
66	83	-1
66	84	-1
67	45	-1
67	46	-1
67	47	-1
67	48	-1
67	49	-1
67	50	-1
67	51	-1
67	52	-1
67	53	-1
67	54	-1
67	55	-1
67	56	-1
67	57	-1
67	58	-1
67	59	-1
67	60	-1
67	61	-1
67	62	-1
67	63	-1
67	64	-1
67	65	-1
67	66	-1
67	67	-1
67	68	-1
67	69	-1
67	70	-1
67	71	-1
67	72	-1
67	73	-1
67	74	-1
67	75	-1
67	76	-1
67	77	-1
67	78	-1
67	79	-1
67	80	-1
67	81	-1
67	82	-1
67	83	-1
67	84	-1
67	85	-1
68	46	-1
68	47	-1
68	48	-1
68	49	-1
68	50	-1
68	51	-1
68	52	-1
68	53	-1
68	54	-1
68	55	-1
68	56	-1
68	57	-1
68	58	-1
68	59	-1
68	60	-1
68	61	-1
68	62	-1
68	63	-1
68	64	-1
68	65	-1
68	66	-1
68	67	-1
68	68	-1
68	69	-1
68	70	-1
68	71	-1
68	72	-1
68	73	-1
68	74	-1
68	75	-1
68	76	-1
68	77	-1
68	78	-1
68	79	-1
68	80	-1
68	81	-1
68	82	-1
68	83	-1
68	84	-1
69	46	-1
69	47	-1
69	48	-1
69	49	-1
69	50	-1
69	51	-1
69	52	-1
69	53	-1
69	54	-1
69	55	-1
69	56	-1
69	57	-1
69	58	-1
69	59	-1
69	60	-1
69	61	-1
69	62	-1
69	63	-1
69	64	-1
69	65	-1
69	66	-1
69	67	-1
69	68	-1
69	69	-1
69	70	-1
69	71	-1
69	72	-1
69	73	-1
69	74	-1
69	75	-1
69	76	-1
69	77	-1
69	78	-1
69	79	-1
69	80	-1
69	81	-1
69	82	-1
69	83	-1
69	84	-1
70	46	-1
70	47	-1
70	48	-1
70	49	-1
70	50	-1
70	51	-1
70	52	-1
70	53	-1
70	54	-1
70	55	-1
70	56	-1
70	57	-1
70	58	-1
70	59	-1
70	60	-1
70	61	-1
70	62	-1
70	63	-1
70	64	-1
70	65	-1
70	66	-1
70	67	-1
70	68	-1
70	69	-1
70	70	-1
70	71	-1
70	72	-1
70	73	-1
70	74	-1
70	75	-1
70	76	-1
70	77	-1
70	78	-1
70	79	-1
70	80	-1
70	81	-1
70	82	-1
70	83	-1
70	84	-1
71	46	-1
71	47	-1
71	48	-1
71	49	-1
71	50	-1
71	51	-1
71	52	-1
71	53	-1
71	54	-1
71	55	-1
71	56	-1
71	57	-1
71	58	-1
71	59	-1
71	60	-1
71	61	-1
71	62	-1
71	63	-1
71	64	-1
71	65	-1
71	66	-1
71	67	-1
71	68	-1
71	69	-1
71	70	-1
71	71	-1
71	72	-1
71	73	-1
71	74	-1
71	75	-1
71	76	-1
71	77	-1
71	78	-1
71	79	-1
71	80	-1
71	81	-1
71	82	-1
71	83	-1
71	84	-1
72	46	-1
72	47	-1
72	48	-1
72	49	-1
72	50	-1
72	51	-1
72	52	-1
72	53	-1
72	54	-1
72	55	-1
72	56	-1
72	57	-1
72	58	-1
72	59	-1
72	60	-1
72	61	-1
72	62	-1
72	63	-1
72	64	-1
72	65	-1
72	66	-1
72	67	-1
72	68	-1
72	69	-1
72	70	-1
72	71	-1
72	72	-1
72	73	-1
72	74	-1
72	75	-1
72	76	-1
72	77	-1
72	78	-1
72	79	-1
72	80	-1
72	81	-1
72	82	-1
72	83	-1
72	84	-1
73	46	-1
73	47	-1
73	48	-1
73	49	-1
73	50	-1
73	51	-1
73	52	-1
73	53	-1
73	54	-1
73	55	-1
73	56	-1
73	57	-1
73	58	-1
73	59	-1
73	60	-1
73	61	-1
73	62	-1
73	63	-1
73	64	-1
73	65	-1
73	66	-1
73	67	-1
73	68	-1
73	69	-1
73	70	-1
73	71	-1
73	72	-1
73	73	-1
73	74	-1
73	75	-1
73	76	-1
73	77	-1
73	78	-1
73	79	-1
73	80	-1
73	81	-1
73	82	-1
73	83	-1
73	84	-1
74	47	-1
74	48	-1
74	49	-1
74	50	-1
74	51	-1
74	52	-1
74	53	-1
74	54	-1
74	55	-1
74	56	-1
74	57	-1
74	58	-1
74	59	-1
74	60	-1
74	61	-1
74	62	-1
74	63	-1
74	64	-1
74	65	-1
74	66	-1
74	67	-1
74	68	-1
74	69	-1
74	70	-1
74	71	-1
74	72	-1
74	73	-1
74	74	-1
74	75	-1
74	76	-1
74	77	-1
74	78	-1
74	79	-1
74	80	-1
74	81	-1
74	82	-1
74	83	-1
75	47	-1
75	48	-1
75	49	-1
75	50	-1
75	51	-1
75	52	-1
75	53	-1
75	54	-1
75	55	-1
75	56	-1
75	57	-1
75	58	-1
75	59	-1
75	60	-1
75	61	-1
75	62	-1
75	63	-1
75	64	-1
75	65	-1
75	66	-1
75	67	-1
75	68	-1
75	69	-1
75	70	-1
75	71	-1
75	72	-1
75	73	-1
75	74	-1
75	75	-1
75	76	-1
75	77	-1
75	78	-1
75	79	-1
75	80	-1
75	81	-1
75	82	-1
75	83	-1
76	48	-1
76	49	-1
76	50	-1
76	51	-1
76	52	-1
76	53	-1
76	54	-1
76	55	-1
76	56	-1
76	57	-1
76	58	-1
76	59	-1
76	60	-1
76	61	-1
76	62	-1
76	63	-1
76	64	-1
76	65	-1
76	66	-1
76	67	-1
76	68	-1
76	69	-1
76	70	-1
76	71	-1
76	72	-1
76	73	-1
76	74	-1
76	75	-1
76	76	-1
76	77	-1
76	78	-1
76	79	-1
76	80	-1
76	81	-1
76	82	-1
77	48	-1
77	49	-1
77	50	-1
77	51	-1
77	52	-1
77	53	-1
77	54	-1
77	55	-1
77	56	-1
77	57	-1
77	58	-1
77	59	-1
77	60	-1
77	61	-1
77	62	-1
77	63	-1
77	64	-1
77	65	-1
77	66	-1
77	67	-1
77	68	-1
77	69	-1
77	70	-1
77	71	-1
77	72	-1
77	73	-1
77	74	-1
77	75	-1
77	76	-1
77	77	-1
77	78	-1
77	79	-1
77	80	-1
77	81	-1
77	82	-1
78	49	-1
78	50	-1
78	51	-1
78	52	-1
78	53	-1
78	54	-1
78	55	-1
78	56	-1
78	57	-1
78	58	-1
78	59	-1
78	60	-1
78	61	-1
78	62	-1
78	63	-1
78	64	-1
78	65	-1
78	66	-1
78	67	-1
78	68	-1
78	69	-1
78	70	-1
78	71	-1
78	72	-1
78	73	-1
78	74	-1
78	75	-1
78	76	-1
78	77	-1
78	78	-1
78	79	-1
78	80	-1
78	81	-1
79	49	-1
79	50	-1
79	51	-1
79	52	-1
79	53	-1
79	54	-1
79	55	-1
79	56	-1
79	57	-1
79	58	-1
79	59	-1
79	60	-1
79	61	-1
79	62	-1
79	63	-1
79	64	-1
79	65	-1
79	66	-1
79	67	-1
79	68	-1
79	69	-1
79	70	-1
79	71	-1
79	72	-1
79	73	-1
79	74	-1
79	75	-1
79	76	-1
79	77	-1
79	78	-1
79	79	-1
79	80	-1
79	81	-1
80	50	-1
80	51	-1
80	52	-1
80	53	-1
80	54	-1
80	55	-1
80	56	-1
80	57	-1
80	58	-1
80	59	-1
80	60	-1
80	61	-1
80	62	-1
80	63	-1
80	64	-1
80	65	-1
80	66	-1
80	67	-1
80	68	-1
80	69	-1
80	70	-1
80	71	-1
80	72	-1
80	73	-1
80	74	-1
80	75	-1
80	76	-1
80	77	-1
80	78	-1
80	79	-1
80	80	-1
81	51	-1
81	52	-1
81	53	-1
81	54	-1
81	55	-1
81	56	-1
81	57	-1
81	58	-1
81	59	-1
81	60	-1
81	61	-1
81	62	-1
81	63	-1
81	64	-1
81	65	-1
81	66	-1
81	67	-1
81	68	-1
81	69	-1
81	70	-1
81	71	-1
81	72	-1
81	73	-1
81	74	-1
81	75	-1
81	76	-1
81	77	-1
81	78	-1
81	79	-1
82	52	-1
82	53	-1
82	54	-1
82	55	-1
82	56	-1
82	57	-1
82	58	-1
82	59	-1
82	60	-1
82	61	-1
82	62	-1
82	63	-1
82	64	-1
82	65	-1
82	66	-1
82	67	-1
82	68	-1
82	69	-1
82	70	-1
82	71	-1
82	72	-1
82	73	-1
82	74	-1
82	75	-1
82	76	-1
82	77	-1
82	78	-1
83	53	-1
83	54	-1
83	55	-1
83	56	-1
83	57	-1
83	58	-1
83	59	-1
83	60	-1
83	61	-1
83	62	-1
83	63	-1
83	64	-1
83	65	-1
83	66	-1
83	67	-1
83	68	-1
83	69	-1
83	70	-1
83	71	-1
83	72	-1
83	73	-1
83	74	-1
83	75	-1
83	76	-1
83	77	-1
84	55	-1
84	56	-1
84	57	-1
84	58	-1
84	59	-1
84	60	-1
84	61	-1
84	62	-1
84	63	-1
84	64	-1
84	65	-1
84	66	-1
84	67	-1
84	68	-1
84	69	-1
84	70	-1
84	71	-1
84	72	-1
84	73	-1
84	74	-1
84	75	-1
85	57	-1
85	58	-1
85	59	-1
85	60	-1
85	61	-1
85	62	-1
85	63	-1
85	64	-1
85	65	-1
85	66	-1
85	67	-1
85	68	-1
85	69	-1
85	70	-1
85	71	-1
85	72	-1
85	73	-1
86	59	-1
86	60	-1
86	61	-1
86	62	-1
86	63	-1
86	64	-1
86	65	-1
86	66	-1
86	67	-1
86	68	-1
86	69	-1
86	70	-1
86	71	-1
87	65	-1
