pix_x	pix_y	Flag
61	145	1
62	138	1
62	139	1
62	140	1
62	141	1
62	142	1
62	143	1
62	144	1
62	145	1
62	146	1
62	147	1
62	148	1
62	149	1
62	150	1
62	151	1
62	152	1
63	136	1
63	137	1
63	138	1
63	139	1
63	140	1
63	141	1
63	142	1
63	143	1
63	144	1
63	145	1
63	146	1
63	147	1
63	148	1
63	149	1
63	150	1
63	151	1
63	152	1
63	153	1
63	154	1
64	134	1
64	135	1
64	136	1
64	137	1
64	138	1
64	139	1
64	140	1
64	141	1
64	142	1
64	143	1
64	144	1
64	145	1
64	146	1
64	147	1
64	148	1
64	149	1
64	150	1
64	151	1
64	152	1
64	153	1
64	154	1
64	155	1
64	156	1
65	132	1
65	133	1
65	134	1
65	135	1
65	136	1
65	137	1
65	138	1
65	139	1
65	140	1
65	141	1
65	142	1
65	143	1
65	144	1
65	145	1
65	146	1
65	147	1
65	148	1
65	149	1
65	150	1
65	151	1
65	152	1
65	153	1
65	154	1
65	155	1
65	156	1
65	157	1
65	158	1
66	130	1
66	131	1
66	132	1
66	133	1
66	134	1
66	135	1
66	136	1
66	137	1
66	138	1
66	139	1
66	140	1
66	141	1
66	142	1
66	143	1
66	144	1
66	145	1
66	146	1
66	147	1
66	148	1
66	149	1
66	150	1
66	151	1
66	152	1
66	153	1
66	154	1
66	155	1
66	156	1
66	157	1
66	158	1
66	159	1
66	160	1
67	129	1
67	130	1
67	131	1
67	132	1
67	133	1
67	134	1
67	135	1
67	136	1
67	137	1
67	138	1
67	139	1
67	140	1
67	141	1
67	142	1
67	143	1
67	144	1
67	145	1
67	146	1
67	147	1
67	148	1
67	149	1
67	150	1
67	151	1
67	152	1
67	153	1
67	154	1
67	155	1
67	156	1
67	157	1
67	158	1
67	159	1
67	160	1
67	161	1
68	128	1
68	129	1
68	130	1
68	131	1
68	132	1
68	133	1
68	134	1
68	135	1
68	136	1
68	137	1
68	138	1
68	139	1
68	140	1
68	141	1
68	142	1
68	143	1
68	144	1
68	145	1
68	146	1
68	147	1
68	148	1
68	149	1
68	150	1
68	151	1
68	152	1
68	153	1
68	154	1
68	155	1
68	156	1
68	157	1
68	158	1
68	159	1
68	160	1
68	161	1
69	127	1
69	128	1
69	129	1
69	130	1
69	131	1
69	132	1
69	133	1
69	134	1
69	135	1
69	136	1
69	137	1
69	138	1
69	139	1
69	140	1
69	141	1
69	142	1
69	143	1
69	144	1
69	145	1
69	146	1
69	147	1
69	148	1
69	149	1
69	150	1
69	151	1
69	152	1
69	153	1
69	154	1
69	155	1
69	156	1
69	157	1
69	158	1
69	159	1
69	160	1
69	161	1
70	126	1
70	127	1
70	128	1
70	129	1
70	130	1
70	131	1
70	132	1
70	133	1
70	134	1
70	135	1
70	136	1
70	137	1
70	138	1
70	139	1
70	140	1
70	141	1
70	142	1
70	143	1
70	144	1
70	145	1
70	146	1
70	147	1
70	148	1
70	149	1
70	150	1
70	151	1
70	152	1
70	153	1
70	154	1
70	155	1
70	156	1
70	157	1
70	158	1
70	159	1
70	160	1
70	161	1
71	125	1
71	126	1
71	127	1
71	128	1
71	129	1
71	130	1
71	131	1
71	132	1
71	133	1
71	134	1
71	135	1
71	136	1
71	137	1
71	138	1
71	139	1
71	140	1
71	141	1
71	142	1
71	143	1
71	144	1
71	145	1
71	146	1
71	147	1
71	148	1
71	149	1
71	150	1
71	151	1
71	152	1
71	153	1
71	154	1
71	155	1
71	156	1
71	157	1
71	158	1
71	159	1
71	160	1
71	161	1
72	125	1
72	126	1
72	127	1
72	128	1
72	129	1
72	130	1
72	131	1
72	132	1
72	133	1
72	134	1
72	135	1
72	136	1
72	137	1
72	138	1
72	139	1
72	140	1
72	141	1
72	142	1
72	143	1
72	144	1
72	145	1
72	146	1
72	147	1
72	148	1
72	149	1
72	150	1
72	151	1
72	152	1
72	153	1
72	154	1
72	155	1
72	156	1
72	157	1
72	158	1
72	159	1
72	160	1
72	161	1
73	124	1
73	125	1
73	126	1
73	127	1
73	128	1
73	129	1
73	130	1
73	131	1
73	132	1
73	133	1
73	134	1
73	135	1
73	136	1
73	137	1
73	138	1
73	139	1
73	140	1
73	141	1
73	142	1
73	143	1
73	144	1
73	145	1
73	146	1
73	147	1
73	148	1
73	149	1
73	150	1
73	151	1
73	152	1
73	153	1
73	154	1
73	155	1
73	156	1
73	157	1
73	158	1
73	159	1
73	160	1
73	161	1
74	124	1
74	125	1
74	126	1
74	127	1
74	128	1
74	129	1
74	130	1
74	131	1
74	132	1
74	133	1
74	134	1
74	135	1
74	136	1
74	137	1
74	138	1
74	139	1
74	140	1
74	141	1
74	142	1
74	143	1
74	144	1
74	145	1
74	146	1
74	147	1
74	148	1
74	149	1
74	150	1
74	151	1
74	152	1
74	153	1
74	154	1
74	155	1
74	156	1
74	157	1
74	158	1
74	159	1
74	160	1
74	161	1
75	123	1
75	124	1
75	125	1
75	126	1
75	127	1
75	128	1
75	129	1
75	130	1
75	131	1
75	132	1
75	133	1
75	134	1
75	135	1
75	136	1
75	137	1
75	138	1
75	139	1
75	140	1
75	141	1
75	142	1
75	143	1
75	144	1
75	145	1
75	146	1
75	147	1
75	148	1
75	149	1
75	150	1
75	151	1
75	152	1
75	153	1
75	154	1
75	155	1
75	156	1
75	157	1
75	158	1
75	159	1
75	160	1
75	161	1
76	123	1
76	124	1
76	125	1
76	126	1
76	127	1
76	128	1
76	129	1
76	130	1
76	131	1
76	132	1
76	133	1
76	134	1
76	135	1
76	136	1
76	137	1
76	138	1
76	139	1
76	140	1
76	141	1
76	142	1
76	143	1
76	144	1
76	145	1
76	146	1
76	147	1
76	148	1
76	149	1
76	150	1
76	151	1
76	152	1
76	153	1
76	154	1
76	155	1
76	156	1
76	157	1
76	158	1
76	159	1
76	160	1
76	161	1
77	122	1
77	123	1
77	124	1
77	125	1
77	126	1
77	127	1
77	128	1
77	129	1
77	130	1
77	131	1
77	132	1
77	133	1
77	134	1
77	135	1
77	136	1
77	137	1
77	138	1
77	139	1
77	140	1
77	141	1
77	142	1
77	143	1
77	144	1
77	145	1
77	146	1
77	147	1
77	148	1
77	149	1
77	150	1
77	151	1
77	152	1
77	153	1
77	154	1
77	155	1
77	156	1
77	157	1
77	158	1
77	159	1
77	160	1
77	161	1
78	122	1
78	123	1
78	124	1
78	125	1
78	126	1
78	127	1
78	128	1
78	129	1
78	130	1
78	131	1
78	132	1
78	133	1
78	134	1
78	135	1
78	136	1
78	137	1
78	138	1
78	139	1
78	140	1
78	141	1
78	142	1
78	143	1
78	144	1
78	145	1
78	146	1
78	147	1
78	148	1
78	149	1
78	150	1
78	151	1
78	152	1
78	153	1
78	154	1
78	155	1
78	156	1
78	157	1
78	158	1
78	159	1
78	160	1
78	161	1
79	121	1
79	122	1
79	123	1
79	124	1
79	125	1
79	126	1
79	127	1
79	128	1
79	129	1
79	130	1
79	131	1
79	132	1
79	133	1
79	134	1
79	135	1
79	136	1
79	137	1
79	138	1
79	139	1
79	140	1
79	141	1
79	142	1
79	143	1
79	144	1
79	145	1
79	146	1
79	147	1
79	148	1
79	149	1
79	150	1
79	151	1
79	152	1
79	153	1
79	154	1
79	155	1
79	156	1
79	157	1
79	158	1
79	159	1
79	160	1
79	161	1
80	121	1
80	122	1
80	123	1
80	124	1
80	125	1
80	126	1
80	127	1
80	128	1
80	129	1
80	130	1
80	131	1
80	132	1
80	133	1
80	134	1
80	135	1
80	136	1
80	137	1
80	138	1
80	139	1
80	140	1
80	141	1
80	142	1
80	143	1
80	144	1
80	145	1
80	146	1
80	147	1
80	148	1
80	149	1
80	150	1
80	151	1
80	152	1
80	153	1
80	154	1
80	155	1
80	156	1
80	157	1
80	158	1
80	159	1
80	160	1
80	161	1
81	121	1
81	122	1
81	123	1
81	124	1
81	125	1
81	126	1
81	127	1
81	128	1
81	129	1
81	130	1
81	131	1
81	132	1
81	133	1
81	134	1
81	135	1
81	136	1
81	137	1
81	138	1
81	139	1
81	140	1
81	141	1
81	142	1
81	143	1
81	144	1
81	145	1
81	146	1
81	147	1
81	148	1
81	149	1
81	150	1
81	151	1
81	152	1
81	153	1
81	154	1
81	155	1
81	156	1
81	157	1
81	158	1
81	159	1
81	160	1
81	161	1
82	121	1
82	122	1
82	123	1
82	124	1
82	125	1
82	126	1
82	127	1
82	128	1
82	129	1
82	130	1
82	131	1
82	132	1
82	133	1
82	134	1
82	135	1
82	136	1
82	137	1
82	138	1
82	139	1
82	140	1
82	141	1
82	142	1
82	143	1
82	144	1
82	145	1
82	146	1
82	147	1
82	148	1
82	149	1
82	150	1
82	151	1
82	152	1
82	153	1
82	154	1
82	155	1
82	156	1
82	157	1
82	158	1
82	159	1
82	160	1
82	161	1
83	121	1
83	122	1
83	123	1
83	124	1
83	125	1
83	126	1
83	127	1
83	128	1
83	129	1
83	130	1
83	131	1
83	132	1
83	133	1
83	134	1
83	135	1
83	136	1
83	137	1
83	138	1
83	139	1
83	140	1
83	141	1
83	142	1
83	143	1
83	144	1
83	145	1
83	146	1
83	147	1
83	148	1
83	149	1
83	150	1
83	151	1
83	152	1
83	153	1
83	154	1
83	155	1
83	156	1
83	157	1
83	158	1
83	159	1
83	160	1
83	161	1
84	121	1
84	122	1
84	123	1
84	124	1
84	125	1
84	126	1
84	127	1
84	128	1
84	129	1
84	130	1
84	131	1
84	132	1
84	133	1
84	134	1
84	135	1
84	136	1
84	137	1
84	138	1
84	139	1
84	140	1
84	141	1
84	142	1
84	143	1
84	144	1
84	145	1
84	146	1
84	147	1
84	148	1
84	149	1
84	150	1
84	151	1
84	152	1
84	153	1
84	154	1
84	155	1
84	156	1
84	157	1
84	158	1
84	159	1
84	160	1
84	161	1
85	121	1
85	122	1
85	123	1
85	124	1
85	125	1
85	126	1
85	127	1
85	128	1
85	129	1
85	130	1
85	131	1
85	132	1
85	133	1
85	134	1
85	135	1
85	136	1
85	137	1
85	138	1
85	139	1
85	140	1
85	141	1
85	142	1
85	143	1
85	144	1
85	145	1
85	146	1
85	147	1
85	148	1
85	149	1
85	150	1
85	151	1
85	152	1
85	153	1
85	154	1
85	155	1
85	156	1
85	157	1
85	158	1
85	159	1
85	160	1
85	161	1
86	120	1
86	121	1
86	122	1
86	123	1
86	124	1
86	125	1
86	126	1
86	127	1
86	128	1
86	129	1
86	130	1
86	131	1
86	132	1
86	133	1
86	134	1
86	135	1
86	136	1
86	137	1
86	138	1
86	139	1
86	140	1
86	141	1
86	142	1
86	143	1
86	144	1
86	145	1
86	146	1
86	147	1
86	148	1
86	149	1
86	150	1
86	151	1
86	152	1
86	153	1
86	154	1
86	155	1
86	156	1
86	157	1
86	158	1
86	159	1
86	160	1
86	161	1
87	121	1
87	122	1
87	123	1
87	124	1
87	125	1
87	126	1
87	127	1
87	128	1
87	129	1
87	130	1
87	131	1
87	132	1
87	133	1
87	134	1
87	135	1
87	136	1
87	137	1
87	138	1
87	139	1
87	140	1
87	141	1
87	142	1
87	143	1
87	144	1
87	145	1
87	146	1
87	147	1
87	148	1
87	149	1
87	150	1
87	151	1
87	152	1
87	153	1
87	154	1
87	155	1
87	156	1
87	157	1
87	158	1
87	159	1
87	160	1
87	161	1
88	121	1
88	122	1
88	123	1
88	124	1
88	125	1
88	126	1
88	127	1
88	128	1
88	129	1
88	130	1
88	131	1
88	132	1
88	133	1
88	134	1
88	135	1
88	136	1
88	137	1
88	138	1
88	139	1
88	140	1
88	141	1
88	142	1
88	143	1
88	144	1
88	145	1
88	146	1
88	147	1
88	148	1
88	149	1
88	150	1
88	151	1
88	152	1
88	153	1
88	154	1
88	155	1
88	156	1
88	157	1
88	158	1
88	159	1
88	160	1
88	161	1
89	121	1
89	122	1
89	123	1
89	124	1
89	125	1
89	126	1
89	127	1
89	128	1
89	129	1
89	130	1
89	131	1
89	132	1
89	133	1
89	134	1
89	135	1
89	136	1
89	137	1
89	138	1
89	139	1
89	140	1
89	141	1
89	142	1
89	143	1
89	144	1
89	145	1
89	146	1
89	147	1
89	148	1
89	149	1
89	150	1
89	151	1
89	152	1
89	153	1
89	154	1
89	155	1
89	156	1
89	157	1
89	158	1
89	159	1
89	160	1
89	161	1
90	121	1
90	122	1
90	123	1
90	124	1
90	125	1
90	126	1
90	127	1
90	128	1
90	129	1
90	130	1
90	131	1
90	132	1
90	133	1
90	134	1
90	135	1
90	136	1
90	137	1
90	138	1
90	139	1
90	140	1
90	141	1
90	142	1
90	143	1
90	144	1
90	145	1
90	146	1
90	147	1
90	148	1
90	149	1
90	150	1
90	151	1
90	152	1
90	153	1
90	154	1
90	155	1
90	156	1
90	157	1
90	158	1
90	159	1
90	160	1
90	161	1
91	121	1
91	122	1
91	123	1
91	124	1
91	125	1
91	126	1
91	127	1
91	128	1
91	129	1
91	130	1
91	131	1
91	132	1
91	133	1
91	134	1
91	135	1
91	136	1
91	137	1
91	138	1
91	139	1
91	140	1
91	141	1
91	142	1
91	143	1
91	144	1
91	145	1
91	146	1
91	147	1
91	148	1
91	149	1
91	150	1
91	151	1
91	152	1
91	153	1
91	154	1
91	155	1
91	156	1
91	157	1
91	158	1
91	159	1
91	160	1
91	161	1
92	121	1
92	122	1
92	123	1
92	124	1
92	125	1
92	126	1
92	127	1
92	128	1
92	129	1
92	130	1
92	131	1
92	132	1
92	133	1
92	134	1
92	135	1
92	136	1
92	137	1
92	138	1
92	139	1
92	140	1
92	141	1
92	142	1
92	143	1
92	144	1
92	145	1
92	146	1
92	147	1
92	148	1
92	149	1
92	150	1
92	151	1
92	152	1
92	153	1
92	154	1
92	155	1
92	156	1
92	157	1
92	158	1
92	159	1
92	160	1
92	161	1
93	121	1
93	122	1
93	123	1
93	124	1
93	125	1
93	126	1
93	127	1
93	128	1
93	129	1
93	130	1
93	131	1
93	132	1
93	133	1
93	134	1
93	135	1
93	136	1
93	137	1
93	138	1
93	139	1
93	140	1
93	141	1
93	142	1
93	143	1
93	144	1
93	145	1
93	146	1
93	147	1
93	148	1
93	149	1
93	150	1
93	151	1
93	152	1
93	153	1
93	154	1
93	155	1
93	156	1
93	157	1
93	158	1
93	159	1
93	160	1
93	161	1
94	122	1
94	123	1
94	124	1
94	125	1
94	126	1
94	127	1
94	128	1
94	129	1
94	130	1
94	131	1
94	132	1
94	133	1
94	134	1
94	135	1
94	136	1
94	137	1
94	138	1
94	139	1
94	140	1
94	141	1
94	142	1
94	143	1
94	144	1
94	145	1
94	146	1
94	147	1
94	148	1
94	149	1
94	150	1
94	151	1
94	152	1
94	153	1
94	154	1
94	155	1
94	156	1
94	157	1
94	158	1
94	159	1
94	160	1
94	161	1
95	122	1
95	123	1
95	124	1
95	125	1
95	126	1
95	127	1
95	128	1
95	129	1
95	130	1
95	131	1
95	132	1
95	133	1
95	134	1
95	135	1
95	136	1
95	137	1
95	138	1
95	139	1
95	140	1
95	141	1
95	142	1
95	143	1
95	144	1
95	145	1
95	146	1
95	147	1
95	148	1
95	149	1
95	150	1
95	151	1
95	152	1
95	153	1
95	154	1
95	155	1
95	156	1
95	157	1
95	158	1
95	159	1
95	160	1
95	161	1
96	123	1
96	124	1
96	125	1
96	126	1
96	127	1
96	128	1
96	129	1
96	130	1
96	131	1
96	132	1
96	133	1
96	134	1
96	135	1
96	136	1
96	137	1
96	138	1
96	139	1
96	140	1
96	141	1
96	142	1
96	143	1
96	144	1
96	145	1
96	146	1
96	147	1
96	148	1
96	149	1
96	150	1
96	151	1
96	152	1
96	153	1
96	154	1
96	155	1
96	156	1
96	157	1
96	158	1
96	159	1
96	160	1
96	161	1
97	123	1
97	124	1
97	125	1
97	126	1
97	127	1
97	128	1
97	129	1
97	130	1
97	131	1
97	132	1
97	133	1
97	134	1
97	135	1
97	136	1
97	137	1
97	138	1
97	139	1
97	140	1
97	141	1
97	142	1
97	143	1
97	144	1
97	145	1
97	146	1
97	147	1
97	148	1
97	149	1
97	150	1
97	151	1
97	152	1
97	153	1
97	154	1
97	155	1
97	156	1
97	157	1
97	158	1
97	159	1
97	160	1
97	161	1
98	124	1
98	125	1
98	126	1
98	127	1
98	128	1
98	129	1
98	130	1
98	131	1
98	132	1
98	133	1
98	134	1
98	135	1
98	136	1
98	137	1
98	138	1
98	139	1
98	140	1
98	141	1
98	142	1
98	143	1
98	144	1
98	145	1
98	146	1
98	147	1
98	148	1
98	149	1
98	150	1
98	151	1
98	152	1
98	153	1
98	154	1
98	155	1
98	156	1
98	157	1
98	158	1
98	159	1
98	160	1
98	161	1
99	124	1
99	125	1
99	126	1
99	127	1
99	128	1
99	129	1
99	130	1
99	131	1
99	132	1
99	133	1
99	134	1
99	135	1
99	136	1
99	137	1
99	138	1
99	139	1
99	140	1
99	141	1
99	142	1
99	143	1
99	144	1
99	145	1
99	146	1
99	147	1
99	148	1
99	149	1
99	150	1
99	151	1
99	152	1
99	153	1
99	154	1
99	155	1
99	156	1
99	157	1
99	158	1
99	159	1
99	160	1
99	161	1
100	125	1
100	126	1
100	127	1
100	128	1
100	129	1
100	130	1
100	131	1
100	132	1
100	133	1
100	134	1
100	135	1
100	136	1
100	137	1
100	138	1
100	139	1
100	140	1
100	141	1
100	142	1
100	143	1
100	144	1
100	145	1
100	146	1
100	147	1
100	148	1
100	149	1
100	150	1
100	151	1
100	152	1
100	153	1
100	154	1
100	155	1
100	156	1
100	157	1
100	158	1
100	159	1
100	160	1
100	161	1
101	125	1
101	126	1
101	127	1
101	128	1
101	129	1
101	130	1
101	131	1
101	132	1
101	133	1
101	134	1
101	135	1
101	136	1
101	137	1
101	138	1
101	139	1
101	140	1
101	141	1
101	142	1
101	143	1
101	144	1
101	145	1
101	146	1
101	147	1
101	148	1
101	149	1
101	150	1
101	151	1
101	152	1
101	153	1
101	154	1
101	155	1
101	156	1
101	157	1
101	158	1
101	159	1
101	160	1
101	161	1
102	126	1
102	127	1
102	128	1
102	129	1
102	130	1
102	131	1
102	132	1
102	133	1
102	134	1
102	135	1
102	136	1
102	137	1
102	138	1
102	139	1
102	140	1
102	141	1
102	142	1
102	143	1
102	144	1
102	145	1
102	146	1
102	147	1
102	148	1
102	149	1
102	150	1
102	151	1
102	152	1
102	153	1
102	154	1
102	155	1
102	156	1
102	157	1
102	158	1
102	159	1
102	160	1
102	161	1
103	127	1
103	128	1
103	129	1
103	130	1
103	131	1
103	132	1
103	133	1
103	134	1
103	135	1
103	136	1
103	137	1
103	138	1
103	139	1
103	140	1
103	141	1
103	142	1
103	143	1
103	144	1
103	145	1
103	146	1
103	147	1
103	148	1
103	149	1
103	150	1
103	151	1
103	152	1
103	153	1
103	154	1
103	155	1
103	156	1
103	157	1
103	158	1
103	159	1
103	160	1
103	161	1
104	128	1
104	129	1
104	130	1
104	131	1
104	132	1
104	133	1
104	134	1
104	135	1
104	136	1
104	137	1
104	138	1
104	139	1
104	140	1
104	141	1
104	142	1
104	143	1
104	144	1
104	145	1
104	146	1
104	147	1
104	148	1
104	149	1
104	150	1
104	151	1
104	152	1
104	153	1
104	154	1
104	155	1
104	156	1
104	157	1
104	158	1
104	159	1
104	160	1
104	161	1
105	129	1
105	130	1
105	131	1
105	132	1
105	133	1
105	134	1
105	135	1
105	136	1
105	137	1
105	138	1
105	139	1
105	140	1
105	141	1
105	142	1
105	143	1
105	144	1
105	145	1
105	146	1
105	147	1
105	148	1
105	149	1
105	150	1
105	151	1
105	152	1
105	153	1
105	154	1
105	155	1
105	156	1
105	157	1
105	158	1
105	159	1
105	160	1
105	161	1
106	130	1
106	131	1
106	132	1
106	133	1
106	134	1
106	135	1
106	136	1
106	137	1
106	138	1
106	139	1
106	140	1
106	141	1
106	142	1
106	143	1
106	144	1
106	145	1
106	146	1
106	147	1
106	148	1
106	149	1
106	150	1
106	151	1
106	152	1
106	153	1
106	154	1
106	155	1
106	156	1
106	157	1
106	158	1
106	159	1
106	160	1
107	132	1
107	133	1
107	134	1
107	135	1
107	136	1
107	137	1
107	138	1
107	139	1
107	140	1
107	141	1
107	142	1
107	143	1
107	144	1
107	145	1
107	146	1
107	147	1
107	148	1
107	149	1
107	150	1
107	151	1
107	152	1
107	153	1
107	154	1
107	155	1
107	156	1
107	157	1
107	158	1
108	134	1
108	135	1
108	136	1
108	137	1
108	138	1
108	139	1
108	140	1
108	141	1
108	142	1
108	143	1
108	144	1
108	145	1
108	146	1
108	147	1
108	148	1
108	149	1
108	150	1
108	151	1
108	152	1
108	153	1
108	154	1
108	155	1
108	156	1
109	136	1
109	137	1
109	138	1
109	139	1
109	140	1
109	141	1
109	142	1
109	143	1
109	144	1
109	145	1
109	146	1
109	147	1
109	148	1
109	149	1
109	150	1
109	151	1
109	152	1
109	153	1
109	154	1
110	138	1
110	139	1
110	140	1
110	141	1
110	142	1
110	143	1
110	144	1
110	145	1
110	146	1
110	147	1
110	148	1
110	149	1
110	150	1
110	151	1
110	152	1
111	145	1
