pix_x	pix_y	Flag
0	102	1
0	103	1
0	104	1
0	105	1
0	106	1
0	107	1
0	108	1
0	109	1
0	110	1
0	111	1
0	112	1
0	113	1
0	114	1
0	115	1
0	116	1
0	117	1
0	118	1
0	119	1
0	120	1
0	121	1
0	122	1
0	123	1
0	124	1
0	125	1
0	126	1
0	127	1
0	128	1
0	129	1
0	130	1
0	131	1
0	132	1
0	133	1
0	134	1
0	135	1
0	136	1
0	137	1
0	138	1
0	139	1
0	140	1
0	141	1
0	142	1
0	143	1
0	144	1
0	145	1
0	146	1
0	147	1
0	148	1
0	149	1
0	150	1
0	151	1
0	152	1
0	153	1
0	154	1
0	155	1
0	156	1
0	157	1
0	158	1
0	159	1
0	160	1
0	161	1
1	101	1
1	102	1
1	103	1
1	104	1
1	105	1
1	106	1
1	107	1
1	108	1
1	109	1
1	110	1
1	111	1
1	112	1
1	113	1
1	114	1
1	115	1
1	116	1
1	117	1
1	118	1
1	119	1
1	120	1
1	121	1
1	122	1
1	123	1
1	124	1
1	125	1
1	126	1
1	127	1
1	128	1
1	129	1
1	130	1
1	131	1
1	132	1
1	133	1
1	134	1
1	135	1
1	136	1
1	137	1
1	138	1
1	139	1
1	140	1
1	141	1
1	142	1
1	143	1
1	144	1
1	145	1
1	146	1
1	147	1
1	148	1
1	149	1
1	150	1
1	151	1
1	152	1
1	153	1
1	154	1
1	155	1
1	156	1
1	157	1
1	158	1
1	159	1
1	160	1
1	161	1
2	102	1
2	103	1
2	104	1
2	105	1
2	106	1
2	107	1
2	108	1
2	109	1
2	110	1
2	111	1
2	112	1
2	113	1
2	114	1
2	115	1
2	116	1
2	117	1
2	118	1
2	119	1
2	120	1
2	121	1
2	122	1
2	123	1
2	124	1
2	125	1
2	126	1
2	127	1
2	128	1
2	129	1
2	130	1
2	131	1
2	132	1
2	133	1
2	134	1
2	135	1
2	136	1
2	137	1
2	138	1
2	139	1
2	140	1
2	141	1
2	142	1
2	143	1
2	144	1
2	145	1
2	146	1
2	147	1
2	148	1
2	149	1
2	150	1
2	151	1
2	152	1
2	153	1
2	154	1
2	155	1
2	156	1
2	157	1
2	158	1
2	159	1
2	160	1
2	161	1
3	102	1
3	103	1
3	104	1
3	105	1
3	106	1
3	107	1
3	108	1
3	109	1
3	110	1
3	111	1
3	112	1
3	113	1
3	114	1
3	115	1
3	116	1
3	117	1
3	118	1
3	119	1
3	120	1
3	121	1
3	122	1
3	123	1
3	124	1
3	125	1
3	126	1
3	127	1
3	128	1
3	129	1
3	130	1
3	131	1
3	132	1
3	133	1
3	134	1
3	135	1
3	136	1
3	137	1
3	138	1
3	139	1
3	140	1
3	141	1
3	142	1
3	143	1
3	144	1
3	145	1
3	146	1
3	147	1
3	148	1
3	149	1
3	150	1
3	151	1
3	152	1
3	153	1
3	154	1
3	155	1
3	156	1
3	157	1
3	158	1
3	159	1
3	160	1
3	161	1
4	102	1
4	103	1
4	104	1
4	105	1
4	106	1
4	107	1
4	108	1
4	109	1
4	110	1
4	111	1
4	112	1
4	113	1
4	114	1
4	115	1
4	116	1
4	117	1
4	118	1
4	119	1
4	120	1
4	121	1
4	122	1
4	123	1
4	124	1
4	125	1
4	126	1
4	127	1
4	128	1
4	129	1
4	130	1
4	131	1
4	132	1
4	133	1
4	134	1
4	135	1
4	136	1
4	137	1
4	138	1
4	139	1
4	140	1
4	141	1
4	142	1
4	143	1
4	144	1
4	145	1
4	146	1
4	147	1
4	148	1
4	149	1
4	150	1
4	151	1
4	152	1
4	153	1
4	154	1
4	155	1
4	156	1
4	157	1
4	158	1
4	159	1
4	160	1
4	161	1
5	102	1
5	103	1
5	104	1
5	105	1
5	106	1
5	107	1
5	108	1
5	109	1
5	110	1
5	111	1
5	112	1
5	113	1
5	114	1
5	115	1
5	116	1
5	117	1
5	118	1
5	119	1
5	120	1
5	121	1
5	122	1
5	123	1
5	124	1
5	125	1
5	126	1
5	127	1
5	128	1
5	129	1
5	130	1
5	131	1
5	132	1
5	133	1
5	134	1
5	135	1
5	136	1
5	137	1
5	138	1
5	139	1
5	140	1
5	141	1
5	142	1
5	143	1
5	144	1
5	145	1
5	146	1
5	147	1
5	148	1
5	149	1
5	150	1
5	151	1
5	152	1
5	153	1
5	154	1
5	155	1
5	156	1
5	157	1
5	158	1
5	159	1
5	160	1
5	161	1
6	102	1
6	103	1
6	104	1
6	105	1
6	106	1
6	107	1
6	108	1
6	109	1
6	110	1
6	111	1
6	112	1
6	113	1
6	114	1
6	115	1
6	116	1
6	117	1
6	118	1
6	119	1
6	120	1
6	121	1
6	122	1
6	123	1
6	124	1
6	125	1
6	126	1
6	127	1
6	128	1
6	129	1
6	130	1
6	131	1
6	132	1
6	133	1
6	134	1
6	135	1
6	136	1
6	137	1
6	138	1
6	139	1
6	140	1
6	141	1
6	142	1
6	143	1
6	144	1
6	145	1
6	146	1
6	147	1
6	148	1
6	149	1
6	150	1
6	151	1
6	152	1
6	153	1
6	154	1
6	155	1
6	156	1
6	157	1
6	158	1
6	159	1
6	160	1
6	161	1
7	102	1
7	103	1
7	104	1
7	105	1
7	106	1
7	107	1
7	108	1
7	109	1
7	110	1
7	111	1
7	112	1
7	113	1
7	114	1
7	115	1
7	116	1
7	117	1
7	118	1
7	119	1
7	120	1
7	121	1
7	122	1
7	123	1
7	124	1
7	125	1
7	126	1
7	127	1
7	128	1
7	129	1
7	130	1
7	131	1
7	132	1
7	133	1
7	134	1
7	135	1
7	136	1
7	137	1
7	138	1
7	139	1
7	140	1
7	141	1
7	142	1
7	143	1
7	144	1
7	145	1
7	146	1
7	147	1
7	148	1
7	149	1
7	150	1
7	151	1
7	152	1
7	153	1
7	154	1
7	155	1
7	156	1
7	157	1
7	158	1
7	159	1
7	160	1
7	161	1
8	102	1
8	103	1
8	104	1
8	105	1
8	106	1
8	107	1
8	108	1
8	109	1
8	110	1
8	111	1
8	112	1
8	113	1
8	114	1
8	115	1
8	116	1
8	117	1
8	118	1
8	119	1
8	120	1
8	121	1
8	122	1
8	123	1
8	124	1
8	125	1
8	126	1
8	127	1
8	128	1
8	129	1
8	130	1
8	131	1
8	132	1
8	133	1
8	134	1
8	135	1
8	136	1
8	137	1
8	138	1
8	139	1
8	140	1
8	141	1
8	142	1
8	143	1
8	144	1
8	145	1
8	146	1
8	147	1
8	148	1
8	149	1
8	150	1
8	151	1
8	152	1
8	153	1
8	154	1
8	155	1
8	156	1
8	157	1
8	158	1
8	159	1
8	160	1
8	161	1
9	102	1
9	103	1
9	104	1
9	105	1
9	106	1
9	107	1
9	108	1
9	109	1
9	110	1
9	111	1
9	112	1
9	113	1
9	114	1
9	115	1
9	116	1
9	117	1
9	118	1
9	119	1
9	120	1
9	121	1
9	122	1
9	123	1
9	124	1
9	125	1
9	126	1
9	127	1
9	128	1
9	129	1
9	130	1
9	131	1
9	132	1
9	133	1
9	134	1
9	135	1
9	136	1
9	137	1
9	138	1
9	139	1
9	140	1
9	141	1
9	142	1
9	143	1
9	144	1
9	145	1
9	146	1
9	147	1
9	148	1
9	149	1
9	150	1
9	151	1
9	152	1
9	153	1
9	154	1
9	155	1
9	156	1
9	157	1
9	158	1
9	159	1
9	160	1
9	161	1
10	102	1
10	103	1
10	104	1
10	105	1
10	106	1
10	107	1
10	108	1
10	109	1
10	110	1
10	111	1
10	112	1
10	113	1
10	114	1
10	115	1
10	116	1
10	117	1
10	118	1
10	119	1
10	120	1
10	121	1
10	122	1
10	123	1
10	124	1
10	125	1
10	126	1
10	127	1
10	128	1
10	129	1
10	130	1
10	131	1
10	132	1
10	133	1
10	134	1
10	135	1
10	136	1
10	137	1
10	138	1
10	139	1
10	140	1
10	141	1
10	142	1
10	143	1
10	144	1
10	145	1
10	146	1
10	147	1
10	148	1
10	149	1
10	150	1
10	151	1
10	152	1
10	153	1
10	154	1
10	155	1
10	156	1
10	157	1
10	158	1
10	159	1
10	160	1
10	161	1
11	102	1
11	103	1
11	104	1
11	105	1
11	106	1
11	107	1
11	108	1
11	109	1
11	110	1
11	111	1
11	112	1
11	113	1
11	114	1
11	115	1
11	116	1
11	117	1
11	118	1
11	119	1
11	120	1
11	121	1
11	122	1
11	123	1
11	124	1
11	125	1
11	126	1
11	127	1
11	128	1
11	129	1
11	130	1
11	131	1
11	132	1
11	133	1
11	134	1
11	135	1
11	136	1
11	137	1
11	138	1
11	139	1
11	140	1
11	141	1
11	142	1
11	143	1
11	144	1
11	145	1
11	146	1
11	147	1
11	148	1
11	149	1
11	150	1
11	151	1
11	152	1
11	153	1
11	154	1
11	155	1
11	156	1
11	157	1
11	158	1
11	159	1
11	160	1
11	161	1
12	103	1
12	104	1
12	105	1
12	106	1
12	107	1
12	108	1
12	109	1
12	110	1
12	111	1
12	112	1
12	113	1
12	114	1
12	115	1
12	116	1
12	117	1
12	118	1
12	119	1
12	120	1
12	121	1
12	122	1
12	123	1
12	124	1
12	125	1
12	126	1
12	127	1
12	128	1
12	129	1
12	130	1
12	131	1
12	132	1
12	133	1
12	134	1
12	135	1
12	136	1
12	137	1
12	138	1
12	139	1
12	140	1
12	141	1
12	142	1
12	143	1
12	144	1
12	145	1
12	146	1
12	147	1
12	148	1
12	149	1
12	150	1
12	151	1
12	152	1
12	153	1
12	154	1
12	155	1
12	156	1
12	157	1
12	158	1
12	159	1
12	160	1
12	161	1
13	103	1
13	104	1
13	105	1
13	106	1
13	107	1
13	108	1
13	109	1
13	110	1
13	111	1
13	112	1
13	113	1
13	114	1
13	115	1
13	116	1
13	117	1
13	118	1
13	119	1
13	120	1
13	121	1
13	122	1
13	123	1
13	124	1
13	125	1
13	126	1
13	127	1
13	128	1
13	129	1
13	130	1
13	131	1
13	132	1
13	133	1
13	134	1
13	135	1
13	136	1
13	137	1
13	138	1
13	139	1
13	140	1
13	141	1
13	142	1
13	143	1
13	144	1
13	145	1
13	146	1
13	147	1
13	148	1
13	149	1
13	150	1
13	151	1
13	152	1
13	153	1
13	154	1
13	155	1
13	156	1
13	157	1
13	158	1
13	159	1
13	160	1
13	161	1
14	103	1
14	104	1
14	105	1
14	106	1
14	107	1
14	108	1
14	109	1
14	110	1
14	111	1
14	112	1
14	113	1
14	114	1
14	115	1
14	116	1
14	117	1
14	118	1
14	119	1
14	120	1
14	121	1
14	122	1
14	123	1
14	124	1
14	125	1
14	126	1
14	127	1
14	128	1
14	129	1
14	130	1
14	131	1
14	132	1
14	133	1
14	134	1
14	135	1
14	136	1
14	137	1
14	138	1
14	139	1
14	140	1
14	141	1
14	142	1
14	143	1
14	144	1
14	145	1
14	146	1
14	147	1
14	148	1
14	149	1
14	150	1
14	151	1
14	152	1
14	153	1
14	154	1
14	155	1
14	156	1
14	157	1
14	158	1
14	159	1
14	160	1
14	161	1
15	103	1
15	104	1
15	105	1
15	106	1
15	107	1
15	108	1
15	109	1
15	110	1
15	111	1
15	112	1
15	113	1
15	114	1
15	115	1
15	116	1
15	117	1
15	118	1
15	119	1
15	120	1
15	121	1
15	122	1
15	123	1
15	124	1
15	125	1
15	126	1
15	127	1
15	128	1
15	129	1
15	130	1
15	131	1
15	132	1
15	133	1
15	134	1
15	135	1
15	136	1
15	137	1
15	138	1
15	139	1
15	140	1
15	141	1
15	142	1
15	143	1
15	144	1
15	145	1
15	146	1
15	147	1
15	148	1
15	149	1
15	150	1
15	151	1
15	152	1
15	153	1
15	154	1
15	155	1
15	156	1
15	157	1
15	158	1
15	159	1
15	160	1
15	161	1
16	103	1
16	104	1
16	105	1
16	106	1
16	107	1
16	108	1
16	109	1
16	110	1
16	111	1
16	112	1
16	113	1
16	114	1
16	115	1
16	116	1
16	117	1
16	118	1
16	119	1
16	120	1
16	121	1
16	122	1
16	123	1
16	124	1
16	125	1
16	126	1
16	127	1
16	128	1
16	129	1
16	130	1
16	131	1
16	132	1
16	133	1
16	134	1
16	135	1
16	136	1
16	137	1
16	138	1
16	139	1
16	140	1
16	141	1
16	142	1
16	143	1
16	144	1
16	145	1
16	146	1
16	147	1
16	148	1
16	149	1
16	150	1
16	151	1
16	152	1
16	153	1
16	154	1
16	155	1
16	156	1
16	157	1
16	158	1
16	159	1
16	160	1
16	161	1
17	104	1
17	105	1
17	106	1
17	107	1
17	108	1
17	109	1
17	110	1
17	111	1
17	112	1
17	113	1
17	114	1
17	115	1
17	116	1
17	117	1
17	118	1
17	119	1
17	120	1
17	121	1
17	122	1
17	123	1
17	124	1
17	125	1
17	126	1
17	127	1
17	128	1
17	129	1
17	130	1
17	131	1
17	132	1
17	133	1
17	134	1
17	135	1
17	136	1
17	137	1
17	138	1
17	139	1
17	140	1
17	141	1
17	142	1
17	143	1
17	144	1
17	145	1
17	146	1
17	147	1
17	148	1
17	149	1
17	150	1
17	151	1
17	152	1
17	153	1
17	154	1
17	155	1
17	156	1
17	157	1
17	158	1
17	159	1
17	160	1
17	161	1
18	104	1
18	105	1
18	106	1
18	107	1
18	108	1
18	109	1
18	110	1
18	111	1
18	112	1
18	113	1
18	114	1
18	115	1
18	116	1
18	117	1
18	118	1
18	119	1
18	120	1
18	121	1
18	122	1
18	123	1
18	124	1
18	125	1
18	126	1
18	127	1
18	128	1
18	129	1
18	130	1
18	131	1
18	132	1
18	133	1
18	134	1
18	135	1
18	136	1
18	137	1
18	138	1
18	139	1
18	140	1
18	141	1
18	142	1
18	143	1
18	144	1
18	145	1
18	146	1
18	147	1
18	148	1
18	149	1
18	150	1
18	151	1
18	152	1
18	153	1
18	154	1
18	155	1
18	156	1
18	157	1
18	158	1
18	159	1
18	160	1
18	161	1
19	104	1
19	105	1
19	106	1
19	107	1
19	108	1
19	109	1
19	110	1
19	111	1
19	112	1
19	113	1
19	114	1
19	115	1
19	116	1
19	117	1
19	118	1
19	119	1
19	120	1
19	121	1
19	122	1
19	123	1
19	124	1
19	125	1
19	126	1
19	127	1
19	128	1
19	129	1
19	130	1
19	131	1
19	132	1
19	133	1
19	134	1
19	135	1
19	136	1
19	137	1
19	138	1
19	139	1
19	140	1
19	141	1
19	142	1
19	143	1
19	144	1
19	145	1
19	146	1
19	147	1
19	148	1
19	149	1
19	150	1
19	151	1
19	152	1
19	153	1
19	154	1
19	155	1
19	156	1
19	157	1
19	158	1
19	159	1
19	160	1
19	161	1
20	105	1
20	106	1
20	107	1
20	108	1
20	109	1
20	110	1
20	111	1
20	112	1
20	113	1
20	114	1
20	115	1
20	116	1
20	117	1
20	118	1
20	119	1
20	120	1
20	121	1
20	122	1
20	123	1
20	124	1
20	125	1
20	126	1
20	127	1
20	128	1
20	129	1
20	130	1
20	131	1
20	132	1
20	133	1
20	134	1
20	135	1
20	136	1
20	137	1
20	138	1
20	139	1
20	140	1
20	141	1
20	142	1
20	143	1
20	144	1
20	145	1
20	146	1
20	147	1
20	148	1
20	149	1
20	150	1
20	151	1
20	152	1
20	153	1
20	154	1
20	155	1
20	156	1
20	157	1
20	158	1
20	159	1
20	160	1
20	161	1
21	105	1
21	106	1
21	107	1
21	108	1
21	109	1
21	110	1
21	111	1
21	112	1
21	113	1
21	114	1
21	115	1
21	116	1
21	117	1
21	118	1
21	119	1
21	120	1
21	121	1
21	122	1
21	123	1
21	124	1
21	125	1
21	126	1
21	127	1
21	128	1
21	129	1
21	130	1
21	131	1
21	132	1
21	133	1
21	134	1
21	135	1
21	136	1
21	137	1
21	138	1
21	139	1
21	140	1
21	141	1
21	142	1
21	143	1
21	144	1
21	145	1
21	146	1
21	147	1
21	148	1
21	149	1
21	150	1
21	151	1
21	152	1
21	153	1
21	154	1
21	155	1
21	156	1
21	157	1
21	158	1
21	159	1
21	160	1
21	161	1
22	105	1
22	106	1
22	107	1
22	108	1
22	109	1
22	110	1
22	111	1
22	112	1
22	113	1
22	114	1
22	115	1
22	116	1
22	117	1
22	118	1
22	119	1
22	120	1
22	121	1
22	122	1
22	123	1
22	124	1
22	125	1
22	126	1
22	127	1
22	128	1
22	129	1
22	130	1
22	131	1
22	132	1
22	133	1
22	134	1
22	135	1
22	136	1
22	137	1
22	138	1
22	139	1
22	140	1
22	141	1
22	142	1
22	143	1
22	144	1
22	145	1
22	146	1
22	147	1
22	148	1
22	149	1
22	150	1
22	151	1
22	152	1
22	153	1
22	154	1
22	155	1
22	156	1
22	157	1
22	158	1
22	159	1
22	160	1
22	161	1
23	106	1
23	107	1
23	108	1
23	109	1
23	110	1
23	111	1
23	112	1
23	113	1
23	114	1
23	115	1
23	116	1
23	117	1
23	118	1
23	119	1
23	120	1
23	121	1
23	122	1
23	123	1
23	124	1
23	125	1
23	126	1
23	127	1
23	128	1
23	129	1
23	130	1
23	131	1
23	132	1
23	133	1
23	134	1
23	135	1
23	136	1
23	137	1
23	138	1
23	139	1
23	140	1
23	141	1
23	142	1
23	143	1
23	144	1
23	145	1
23	146	1
23	147	1
23	148	1
23	149	1
23	150	1
23	151	1
23	152	1
23	153	1
23	154	1
23	155	1
23	156	1
23	157	1
23	158	1
23	159	1
23	160	1
23	161	1
24	106	1
24	107	1
24	108	1
24	109	1
24	110	1
24	111	1
24	112	1
24	113	1
24	114	1
24	115	1
24	116	1
24	117	1
24	118	1
24	119	1
24	120	1
24	121	1
24	122	1
24	123	1
24	124	1
24	125	1
24	126	1
24	127	1
24	128	1
24	129	1
24	130	1
24	131	1
24	132	1
24	133	1
24	134	1
24	135	1
24	136	1
24	137	1
24	138	1
24	139	1
24	140	1
24	141	1
24	142	1
24	143	1
24	144	1
24	145	1
24	146	1
24	147	1
24	148	1
24	149	1
24	150	1
24	151	1
24	152	1
24	153	1
24	154	1
24	155	1
24	156	1
24	157	1
24	158	1
24	159	1
24	160	1
24	161	1
25	107	1
25	108	1
25	109	1
25	110	1
25	111	1
25	112	1
25	113	1
25	114	1
25	115	1
25	116	1
25	117	1
25	118	1
25	119	1
25	120	1
25	121	1
25	122	1
25	123	1
25	124	1
25	125	1
25	126	1
25	127	1
25	128	1
25	129	1
25	130	1
25	131	1
25	132	1
25	133	1
25	134	1
25	135	1
25	136	1
25	137	1
25	138	1
25	139	1
25	140	1
25	141	1
25	142	1
25	143	1
25	144	1
25	145	1
25	146	1
25	147	1
25	148	1
25	149	1
25	150	1
25	151	1
25	152	1
25	153	1
25	154	1
25	155	1
25	156	1
25	157	1
25	158	1
25	159	1
25	160	1
25	161	1
26	107	1
26	108	1
26	109	1
26	110	1
26	111	1
26	112	1
26	113	1
26	114	1
26	115	1
26	116	1
26	117	1
26	118	1
26	119	1
26	120	1
26	121	1
26	122	1
26	123	1
26	124	1
26	125	1
26	126	1
26	127	1
26	128	1
26	129	1
26	130	1
26	131	1
26	132	1
26	133	1
26	134	1
26	135	1
26	136	1
26	137	1
26	138	1
26	139	1
26	140	1
26	141	1
26	142	1
26	143	1
26	144	1
26	145	1
26	146	1
26	147	1
26	148	1
26	149	1
26	150	1
26	151	1
26	152	1
26	153	1
26	154	1
26	155	1
26	156	1
26	157	1
26	158	1
26	159	1
26	160	1
26	161	1
27	107	1
27	108	1
27	109	1
27	110	1
27	111	1
27	112	1
27	113	1
27	114	1
27	115	1
27	116	1
27	117	1
27	118	1
27	119	1
27	120	1
27	121	1
27	122	1
27	123	1
27	124	1
27	125	1
27	126	1
27	127	1
27	128	1
27	129	1
27	130	1
27	131	1
27	132	1
27	133	1
27	134	1
27	135	1
27	136	1
27	137	1
27	138	1
27	139	1
27	140	1
27	141	1
27	142	1
27	143	1
27	144	1
27	145	1
27	146	1
27	147	1
27	148	1
27	149	1
27	150	1
27	151	1
27	152	1
27	153	1
27	154	1
27	155	1
27	156	1
27	157	1
27	158	1
27	159	1
27	160	1
27	161	1
28	108	1
28	109	1
28	110	1
28	111	1
28	112	1
28	113	1
28	114	1
28	115	1
28	116	1
28	117	1
28	118	1
28	119	1
28	120	1
28	121	1
28	122	1
28	123	1
28	124	1
28	125	1
28	126	1
28	127	1
28	128	1
28	129	1
28	130	1
28	131	1
28	132	1
28	133	1
28	134	1
28	135	1
28	136	1
28	137	1
28	138	1
28	139	1
28	140	1
28	141	1
28	142	1
28	143	1
28	144	1
28	145	1
28	146	1
28	147	1
28	148	1
28	149	1
28	150	1
28	151	1
28	152	1
28	153	1
28	154	1
28	155	1
28	156	1
28	157	1
28	158	1
28	159	1
28	160	1
28	161	1
29	108	1
29	109	1
29	110	1
29	111	1
29	112	1
29	113	1
29	114	1
29	115	1
29	116	1
29	117	1
29	118	1
29	119	1
29	120	1
29	121	1
29	122	1
29	123	1
29	124	1
29	125	1
29	126	1
29	127	1
29	128	1
29	129	1
29	130	1
29	131	1
29	132	1
29	133	1
29	134	1
29	135	1
29	136	1
29	137	1
29	138	1
29	139	1
29	140	1
29	141	1
29	142	1
29	143	1
29	144	1
29	145	1
29	146	1
29	147	1
29	148	1
29	149	1
29	150	1
29	151	1
29	152	1
29	153	1
29	154	1
29	155	1
29	156	1
29	157	1
29	158	1
29	159	1
29	160	1
29	161	1
30	109	1
30	110	1
30	111	1
30	112	1
30	113	1
30	114	1
30	115	1
30	116	1
30	117	1
30	118	1
30	119	1
30	120	1
30	121	1
30	122	1
30	123	1
30	124	1
30	125	1
30	126	1
30	127	1
30	128	1
30	129	1
30	130	1
30	131	1
30	132	1
30	133	1
30	134	1
30	135	1
30	136	1
30	137	1
30	138	1
30	139	1
30	140	1
30	141	1
30	142	1
30	143	1
30	144	1
30	145	1
30	146	1
30	147	1
30	148	1
30	149	1
30	150	1
30	151	1
30	152	1
30	153	1
30	154	1
30	155	1
30	156	1
30	157	1
30	158	1
30	159	1
30	160	1
30	161	1
31	110	1
31	111	1
31	112	1
31	113	1
31	114	1
31	115	1
31	116	1
31	117	1
31	118	1
31	119	1
31	120	1
31	121	1
31	122	1
31	123	1
31	124	1
31	125	1
31	126	1
31	127	1
31	128	1
31	129	1
31	130	1
31	131	1
31	132	1
31	133	1
31	134	1
31	135	1
31	136	1
31	137	1
31	138	1
31	139	1
31	140	1
31	141	1
31	142	1
31	143	1
31	144	1
31	145	1
31	146	1
31	147	1
31	148	1
31	149	1
31	150	1
31	151	1
31	152	1
31	153	1
31	154	1
31	155	1
31	156	1
31	157	1
31	158	1
31	159	1
31	160	1
31	161	1
32	110	1
32	111	1
32	112	1
32	113	1
32	114	1
32	115	1
32	116	1
32	117	1
32	118	1
32	119	1
32	120	1
32	121	1
32	122	1
32	123	1
32	124	1
32	125	1
32	126	1
32	127	1
32	128	1
32	129	1
32	130	1
32	131	1
32	132	1
32	133	1
32	134	1
32	135	1
32	136	1
32	137	1
32	138	1
32	139	1
32	140	1
32	141	1
32	142	1
32	143	1
32	144	1
32	145	1
32	146	1
32	147	1
32	148	1
32	149	1
32	150	1
32	151	1
32	152	1
32	153	1
32	154	1
32	155	1
32	156	1
32	157	1
32	158	1
32	159	1
32	160	1
32	161	1
33	111	1
33	112	1
33	113	1
33	114	1
33	115	1
33	116	1
33	117	1
33	118	1
33	119	1
33	120	1
33	121	1
33	122	1
33	123	1
33	124	1
33	125	1
33	126	1
33	127	1
33	128	1
33	129	1
33	130	1
33	131	1
33	132	1
33	133	1
33	134	1
33	135	1
33	136	1
33	137	1
33	138	1
33	139	1
33	140	1
33	141	1
33	142	1
33	143	1
33	144	1
33	145	1
33	146	1
33	147	1
33	148	1
33	149	1
33	150	1
33	151	1
33	152	1
33	153	1
33	154	1
33	155	1
33	156	1
33	157	1
33	158	1
33	159	1
33	160	1
33	161	1
34	111	1
34	112	1
34	113	1
34	114	1
34	115	1
34	116	1
34	117	1
34	118	1
34	119	1
34	120	1
34	121	1
34	122	1
34	123	1
34	124	1
34	125	1
34	126	1
34	127	1
34	128	1
34	129	1
34	130	1
34	131	1
34	132	1
34	133	1
34	134	1
34	135	1
34	136	1
34	137	1
34	138	1
34	139	1
34	140	1
34	141	1
34	142	1
34	143	1
34	144	1
34	145	1
34	146	1
34	147	1
34	148	1
34	149	1
34	150	1
34	151	1
34	152	1
34	153	1
34	154	1
34	155	1
34	156	1
34	157	1
34	158	1
34	159	1
34	160	1
34	161	1
35	112	1
35	113	1
35	114	1
35	115	1
35	116	1
35	117	1
35	118	1
35	119	1
35	120	1
35	121	1
35	122	1
35	123	1
35	124	1
35	125	1
35	126	1
35	127	1
35	128	1
35	129	1
35	130	1
35	131	1
35	132	1
35	133	1
35	134	1
35	135	1
35	136	1
35	137	1
35	138	1
35	139	1
35	140	1
35	141	1
35	142	1
35	143	1
35	144	1
35	145	1
35	146	1
35	147	1
35	148	1
35	149	1
35	150	1
35	151	1
35	152	1
35	153	1
35	154	1
35	155	1
35	156	1
35	157	1
35	158	1
35	159	1
35	160	1
35	161	1
36	113	1
36	114	1
36	115	1
36	116	1
36	117	1
36	118	1
36	119	1
36	120	1
36	121	1
36	122	1
36	123	1
36	124	1
36	125	1
36	126	1
36	127	1
36	128	1
36	129	1
36	130	1
36	131	1
36	132	1
36	133	1
36	134	1
36	135	1
36	136	1
36	137	1
36	138	1
36	139	1
36	140	1
36	141	1
36	142	1
36	143	1
36	144	1
36	145	1
36	146	1
36	147	1
36	148	1
36	149	1
36	150	1
36	151	1
36	152	1
36	153	1
36	154	1
36	155	1
36	156	1
36	157	1
36	158	1
36	159	1
36	160	1
36	161	1
37	113	1
37	114	1
37	115	1
37	116	1
37	117	1
37	118	1
37	119	1
37	120	1
37	121	1
37	122	1
37	123	1
37	124	1
37	125	1
37	126	1
37	127	1
37	128	1
37	129	1
37	130	1
37	131	1
37	132	1
37	133	1
37	134	1
37	135	1
37	136	1
37	137	1
37	138	1
37	139	1
37	140	1
37	141	1
37	142	1
37	143	1
37	144	1
37	145	1
37	146	1
37	147	1
37	148	1
37	149	1
37	150	1
37	151	1
37	152	1
37	153	1
37	154	1
37	155	1
37	156	1
37	157	1
37	158	1
37	159	1
37	160	1
37	161	1
38	114	1
38	115	1
38	116	1
38	117	1
38	118	1
38	119	1
38	120	1
38	121	1
38	122	1
38	123	1
38	124	1
38	125	1
38	126	1
38	127	1
38	128	1
38	129	1
38	130	1
38	131	1
38	132	1
38	133	1
38	134	1
38	135	1
38	136	1
38	137	1
38	138	1
38	139	1
38	140	1
38	141	1
38	142	1
38	143	1
38	144	1
38	145	1
38	146	1
38	147	1
38	148	1
38	149	1
38	150	1
38	151	1
38	152	1
38	153	1
38	154	1
38	155	1
38	156	1
38	157	1
38	158	1
38	159	1
38	160	1
38	161	1
39	115	1
39	116	1
39	117	1
39	118	1
39	119	1
39	120	1
39	121	1
39	122	1
39	123	1
39	124	1
39	125	1
39	126	1
39	127	1
39	128	1
39	129	1
39	130	1
39	131	1
39	132	1
39	133	1
39	134	1
39	135	1
39	136	1
39	137	1
39	138	1
39	139	1
39	140	1
39	141	1
39	142	1
39	143	1
39	144	1
39	145	1
39	146	1
39	147	1
39	148	1
39	149	1
39	150	1
39	151	1
39	152	1
39	153	1
39	154	1
39	155	1
39	156	1
39	157	1
39	158	1
39	159	1
39	160	1
39	161	1
40	116	1
40	117	1
40	118	1
40	119	1
40	120	1
40	121	1
40	122	1
40	123	1
40	124	1
40	125	1
40	126	1
40	127	1
40	128	1
40	129	1
40	130	1
40	131	1
40	132	1
40	133	1
40	134	1
40	135	1
40	136	1
40	137	1
40	138	1
40	139	1
40	140	1
40	141	1
40	142	1
40	143	1
40	144	1
40	145	1
40	146	1
40	147	1
40	148	1
40	149	1
40	150	1
40	151	1
40	152	1
40	153	1
40	154	1
40	155	1
40	156	1
40	157	1
40	158	1
40	159	1
40	160	1
40	161	1
41	117	1
41	118	1
41	119	1
41	120	1
41	121	1
41	122	1
41	123	1
41	124	1
41	125	1
41	126	1
41	127	1
41	128	1
41	129	1
41	130	1
41	131	1
41	132	1
41	133	1
41	134	1
41	135	1
41	136	1
41	137	1
41	138	1
41	139	1
41	140	1
41	141	1
41	142	1
41	143	1
41	144	1
41	145	1
41	146	1
41	147	1
41	148	1
41	149	1
41	150	1
41	151	1
41	152	1
41	153	1
41	154	1
41	155	1
41	156	1
41	157	1
41	158	1
41	159	1
41	160	1
41	161	1
42	118	1
42	119	1
42	120	1
42	121	1
42	122	1
42	123	1
42	124	1
42	125	1
42	126	1
42	127	1
42	128	1
42	129	1
42	130	1
42	131	1
42	132	1
42	133	1
42	134	1
42	135	1
42	136	1
42	137	1
42	138	1
42	139	1
42	140	1
42	141	1
42	142	1
42	143	1
42	144	1
42	145	1
42	146	1
42	147	1
42	148	1
42	149	1
42	150	1
42	151	1
42	152	1
42	153	1
42	154	1
42	155	1
42	156	1
42	157	1
42	158	1
42	159	1
42	160	1
42	161	1
43	119	1
43	120	1
43	121	1
43	122	1
43	123	1
43	124	1
43	125	1
43	126	1
43	127	1
43	128	1
43	129	1
43	130	1
43	131	1
43	132	1
43	133	1
43	134	1
43	135	1
43	136	1
43	137	1
43	138	1
43	139	1
43	140	1
43	141	1
43	142	1
43	143	1
43	144	1
43	145	1
43	146	1
43	147	1
43	148	1
43	149	1
43	150	1
43	151	1
43	152	1
43	153	1
43	154	1
43	155	1
43	156	1
43	157	1
43	158	1
43	159	1
43	160	1
43	161	1
44	120	1
44	121	1
44	122	1
44	123	1
44	124	1
44	125	1
44	126	1
44	127	1
44	128	1
44	129	1
44	130	1
44	131	1
44	132	1
44	133	1
44	134	1
44	135	1
44	136	1
44	137	1
44	138	1
44	139	1
44	140	1
44	141	1
44	142	1
44	143	1
44	144	1
44	145	1
44	146	1
44	147	1
44	148	1
44	149	1
44	150	1
44	151	1
44	152	1
44	153	1
44	154	1
44	155	1
44	156	1
44	157	1
44	158	1
44	159	1
44	160	1
44	161	1
45	121	1
45	122	1
45	123	1
45	124	1
45	125	1
45	126	1
45	127	1
45	128	1
45	129	1
45	130	1
45	131	1
45	132	1
45	133	1
45	134	1
45	135	1
45	136	1
45	137	1
45	138	1
45	139	1
45	140	1
45	141	1
45	142	1
45	143	1
45	144	1
45	145	1
45	146	1
45	147	1
45	148	1
45	149	1
45	150	1
45	151	1
45	152	1
45	153	1
45	154	1
45	155	1
45	156	1
45	157	1
45	158	1
45	159	1
45	160	1
45	161	1
46	122	1
46	123	1
46	124	1
46	125	1
46	126	1
46	127	1
46	128	1
46	129	1
46	130	1
46	131	1
46	132	1
46	133	1
46	134	1
46	135	1
46	136	1
46	137	1
46	138	1
46	139	1
46	140	1
46	141	1
46	142	1
46	143	1
46	144	1
46	145	1
46	146	1
46	147	1
46	148	1
46	149	1
46	150	1
46	151	1
46	152	1
46	153	1
46	154	1
46	155	1
46	156	1
46	157	1
46	158	1
46	159	1
46	160	1
46	161	1
47	123	1
47	124	1
47	125	1
47	126	1
47	127	1
47	128	1
47	129	1
47	130	1
47	131	1
47	132	1
47	133	1
47	134	1
47	135	1
47	136	1
47	137	1
47	138	1
47	139	1
47	140	1
47	141	1
47	142	1
47	143	1
47	144	1
47	145	1
47	146	1
47	147	1
47	148	1
47	149	1
47	150	1
47	151	1
47	152	1
47	153	1
47	154	1
47	155	1
47	156	1
47	157	1
47	158	1
47	159	1
47	160	1
47	161	1
48	124	1
48	125	1
48	126	1
48	127	1
48	128	1
48	129	1
48	130	1
48	131	1
48	132	1
48	133	1
48	134	1
48	135	1
48	136	1
48	137	1
48	138	1
48	139	1
48	140	1
48	141	1
48	142	1
48	143	1
48	144	1
48	145	1
48	146	1
48	147	1
48	148	1
48	149	1
48	150	1
48	151	1
48	152	1
48	153	1
48	154	1
48	155	1
48	156	1
48	157	1
48	158	1
48	159	1
48	160	1
48	161	1
49	125	1
49	126	1
49	127	1
49	128	1
49	129	1
49	130	1
49	131	1
49	132	1
49	133	1
49	134	1
49	135	1
49	136	1
49	137	1
49	138	1
49	139	1
49	140	1
49	141	1
49	142	1
49	143	1
49	144	1
49	145	1
49	146	1
49	147	1
49	148	1
49	149	1
49	150	1
49	151	1
49	152	1
49	153	1
49	154	1
49	155	1
49	156	1
49	157	1
49	158	1
49	159	1
49	160	1
49	161	1
50	127	1
50	128	1
50	129	1
50	130	1
50	131	1
50	132	1
50	133	1
50	134	1
50	135	1
50	136	1
50	137	1
50	138	1
50	139	1
50	140	1
50	141	1
50	142	1
50	143	1
50	144	1
50	145	1
50	146	1
50	147	1
50	148	1
50	149	1
50	150	1
50	151	1
50	152	1
50	153	1
50	154	1
50	155	1
50	156	1
50	157	1
50	158	1
50	159	1
50	160	1
50	161	1
51	128	1
51	129	1
51	130	1
51	131	1
51	132	1
51	133	1
51	134	1
51	135	1
51	136	1
51	137	1
51	138	1
51	139	1
51	140	1
51	141	1
51	142	1
51	143	1
51	144	1
51	145	1
51	146	1
51	147	1
51	148	1
51	149	1
51	150	1
51	151	1
51	152	1
51	153	1
51	154	1
51	155	1
51	156	1
51	157	1
51	158	1
51	159	1
51	160	1
51	161	1
52	130	1
52	131	1
52	132	1
52	133	1
52	134	1
52	135	1
52	136	1
52	137	1
52	138	1
52	139	1
52	140	1
52	141	1
52	142	1
52	143	1
52	144	1
52	145	1
52	146	1
52	147	1
52	148	1
52	149	1
52	150	1
52	151	1
52	152	1
52	153	1
52	154	1
52	155	1
52	156	1
52	157	1
52	158	1
52	159	1
52	160	1
52	161	1
53	132	1
53	133	1
53	134	1
53	135	1
53	136	1
53	137	1
53	138	1
53	139	1
53	140	1
53	141	1
53	142	1
53	143	1
53	144	1
53	145	1
53	146	1
53	147	1
53	148	1
53	149	1
53	150	1
53	151	1
53	152	1
53	153	1
53	154	1
53	155	1
53	156	1
53	157	1
53	158	1
53	159	1
53	160	1
53	161	1
54	133	1
54	134	1
54	135	1
54	136	1
54	137	1
54	138	1
54	139	1
54	140	1
54	141	1
54	142	1
54	143	1
54	144	1
54	145	1
54	146	1
54	147	1
54	148	1
54	149	1
54	150	1
54	151	1
54	152	1
54	153	1
54	154	1
54	155	1
54	156	1
54	157	1
54	158	1
54	159	1
54	160	1
54	161	1
55	135	1
55	136	1
55	137	1
55	138	1
55	139	1
55	140	1
55	141	1
55	142	1
55	143	1
55	144	1
55	145	1
55	146	1
55	147	1
55	148	1
55	149	1
55	150	1
55	151	1
55	152	1
55	153	1
55	154	1
55	155	1
55	156	1
55	157	1
55	158	1
55	159	1
55	160	1
55	161	1
56	138	1
56	139	1
56	140	1
56	141	1
56	142	1
56	143	1
56	144	1
56	145	1
56	146	1
56	147	1
56	148	1
56	149	1
56	150	1
56	151	1
56	152	1
56	153	1
56	154	1
56	155	1
56	156	1
56	157	1
56	158	1
56	159	1
56	160	1
56	161	1
57	140	1
57	141	1
57	142	1
57	143	1
57	144	1
57	145	1
57	146	1
57	147	1
57	148	1
57	149	1
57	150	1
57	151	1
57	152	1
57	153	1
57	154	1
57	155	1
57	156	1
57	157	1
57	158	1
57	159	1
57	160	1
57	161	1
58	143	1
58	144	1
58	145	1
58	146	1
58	147	1
58	148	1
58	149	1
58	150	1
58	151	1
58	152	1
58	153	1
58	154	1
58	155	1
58	156	1
58	157	1
58	158	1
58	159	1
58	160	1
58	161	1
59	146	1
59	147	1
59	148	1
59	149	1
59	150	1
59	151	1
59	152	1
59	153	1
59	154	1
59	155	1
59	156	1
59	157	1
59	158	1
59	159	1
59	160	1
59	161	1
60	151	1
60	152	1
60	153	1
60	154	1
60	155	1
60	156	1
60	157	1
60	158	1
60	159	1
60	160	1
60	161	1
61	161	1
