pix_x	pix_y	Flag
82	40	1
83	37	1
83	38	1
83	39	1
83	40	1
83	41	1
83	42	1
83	43	1
84	36	1
84	37	1
84	38	1
84	39	1
84	40	1
84	41	1
84	42	1
84	43	1
84	44	1
85	35	1
85	36	1
85	37	1
85	38	1
85	39	1
85	40	1
85	41	1
85	42	1
85	43	1
85	44	1
85	45	1
86	34	1
86	35	1
86	36	1
86	37	1
86	38	1
86	39	1
86	40	1
86	41	1
86	42	1
86	43	1
86	44	1
86	45	1
86	46	1
87	34	1
87	35	1
87	36	1
87	37	1
87	38	1
87	39	1
87	40	1
87	41	1
87	42	1
87	43	1
87	44	1
87	45	1
87	46	1
88	34	1
88	35	1
88	36	1
88	37	1
88	38	1
88	39	1
88	40	1
88	41	1
88	42	1
88	43	1
88	44	1
88	45	1
88	46	1
89	33	1
89	34	1
89	35	1
89	36	1
89	37	1
89	38	1
89	39	1
89	40	1
89	41	1
89	42	1
89	43	1
89	44	1
89	45	1
89	46	1
89	47	1
90	34	1
90	35	1
90	36	1
90	37	1
90	38	1
90	39	1
90	40	1
90	41	1
90	42	1
90	43	1
90	44	1
90	45	1
90	46	1
91	34	1
91	35	1
91	36	1
91	37	1
91	38	1
91	39	1
91	40	1
91	41	1
91	42	1
91	43	1
91	44	1
91	45	1
91	46	1
92	34	1
92	35	1
92	36	1
92	37	1
92	38	1
92	39	1
92	40	1
92	41	1
92	42	1
92	43	1
92	44	1
92	45	1
92	46	1
93	35	1
93	36	1
93	37	1
93	38	1
93	39	1
93	40	1
93	41	1
93	42	1
93	43	1
93	44	1
93	45	1
94	36	1
94	37	1
94	38	1
94	39	1
94	40	1
94	41	1
94	42	1
94	43	1
94	44	1
95	37	1
95	38	1
95	39	1
95	40	1
95	41	1
95	42	1
95	43	1
96	40	1
31	70	1
32	68	1
32	69	1
32	70	1
32	71	1
32	72	1
33	68	1
33	69	1
33	70	1
33	71	1
33	72	1
34	67	1
34	68	1
34	69	1
34	70	1
34	71	1
34	72	1
34	73	1
35	68	1
35	69	1
35	70	1
35	71	1
35	72	1
36	68	1
36	69	1
36	70	1
36	71	1
36	72	1
37	70	1
31	70	1
32	68	1
32	69	1
32	70	1
32	71	1
32	72	1
33	68	1
33	69	1
33	70	1
33	71	1
33	72	1
34	67	1
34	68	1
34	69	1
34	70	1
34	71	1
34	72	1
34	73	1
35	68	1
35	69	1
35	70	1
35	71	1
35	72	1
36	68	1
36	69	1
36	70	1
36	71	1
36	72	1
37	70	1
48	93	1
49	90	1
49	91	1
49	92	1
49	93	1
49	94	1
49	95	1
49	96	1
50	89	1
50	90	1
50	91	1
50	92	1
50	93	1
50	94	1
50	95	1
50	96	1
50	97	1
51	89	1
51	90	1
51	91	1
51	92	1
51	93	1
51	94	1
51	95	1
51	96	1
51	97	1
52	89	1
52	90	1
52	91	1
52	92	1
52	93	1
52	94	1
52	95	1
52	96	1
52	97	1
53	88	1
53	89	1
53	90	1
53	91	1
53	92	1
53	93	1
53	94	1
53	95	1
53	96	1
53	97	1
53	98	1
54	89	1
54	90	1
54	91	1
54	92	1
54	93	1
54	94	1
54	95	1
54	96	1
54	97	1
55	89	1
55	90	1
55	91	1
55	92	1
55	93	1
55	94	1
55	95	1
55	96	1
55	97	1
56	89	1
56	90	1
56	91	1
56	92	1
56	93	1
56	94	1
56	95	1
56	96	1
56	97	1
57	90	1
57	91	1
57	92	1
57	93	1
57	94	1
57	95	1
57	96	1
58	93	1
43	121	1
44	118	1
44	119	1
44	120	1
44	121	1
44	122	1
44	123	1
44	124	1
45	117	1
45	118	1
45	119	1
45	120	1
45	121	1
45	122	1
45	123	1
45	124	1
45	125	1
46	116	1
46	117	1
46	118	1
46	119	1
46	120	1
46	121	1
46	122	1
46	123	1
46	124	1
46	125	1
46	126	1
47	115	1
47	116	1
47	117	1
47	118	1
47	119	1
47	120	1
47	121	1
47	122	1
47	123	1
47	124	1
47	125	1
47	126	1
47	127	1
48	115	1
48	116	1
48	117	1
48	118	1
48	119	1
48	120	1
48	121	1
48	122	1
48	123	1
48	124	1
48	125	1
48	126	1
48	127	1
49	115	1
49	116	1
49	117	1
49	118	1
49	119	1
49	120	1
49	121	1
49	122	1
49	123	1
49	124	1
49	125	1
49	126	1
49	127	1
50	114	1
50	115	1
50	116	1
50	117	1
50	118	1
50	119	1
50	120	1
50	121	1
50	122	1
50	123	1
50	124	1
50	125	1
50	126	1
50	127	1
50	128	1
51	115	1
51	116	1
51	117	1
51	118	1
51	119	1
51	120	1
51	121	1
51	122	1
51	123	1
51	124	1
51	125	1
51	126	1
51	127	1
52	115	1
52	116	1
52	117	1
52	118	1
52	119	1
52	120	1
52	121	1
52	122	1
52	123	1
52	124	1
52	125	1
52	126	1
52	127	1
53	115	1
53	116	1
53	117	1
53	118	1
53	119	1
53	120	1
53	121	1
53	122	1
53	123	1
53	124	1
53	125	1
53	126	1
53	127	1
54	116	1
54	117	1
54	118	1
54	119	1
54	120	1
54	121	1
54	122	1
54	123	1
54	124	1
54	125	1
54	126	1
55	117	1
55	118	1
55	119	1
55	120	1
55	121	1
55	122	1
55	123	1
55	124	1
55	125	1
56	118	1
56	119	1
56	120	1
56	121	1
56	122	1
56	123	1
56	124	1
57	121	1
69	57	1
70	55	1
70	56	1
70	57	1
70	58	1
70	59	1
71	55	1
71	56	1
71	57	1
71	58	1
71	59	1
72	54	1
72	55	1
72	56	1
72	57	1
72	58	1
72	59	1
72	60	1
73	55	1
73	56	1
73	57	1
73	58	1
73	59	1
74	55	1
74	56	1
74	57	1
74	58	1
74	59	1
75	57	1
