pix_x	pix_y	Flag
62	98	1
63	95	1
63	96	1
63	97	1
63	98	1
63	99	1
63	100	1
63	101	1
64	94	1
64	95	1
64	96	1
64	97	1
64	98	1
64	99	1
64	100	1
64	101	1
64	102	1
65	94	1
65	95	1
65	96	1
65	97	1
65	98	1
65	99	1
65	100	1
65	101	1
65	102	1
66	94	1
66	95	1
66	96	1
66	97	1
66	98	1
66	99	1
66	100	1
66	101	1
66	102	1
67	93	1
67	94	1
67	95	1
67	96	1
67	97	1
67	98	1
67	99	1
67	100	1
67	101	1
67	102	1
67	103	1
68	94	1
68	95	1
68	96	1
68	97	1
68	98	1
68	99	1
68	100	1
68	101	1
68	102	1
69	94	1
69	95	1
69	96	1
69	97	1
69	98	1
69	99	1
69	100	1
69	101	1
69	102	1
70	94	1
70	95	1
70	96	1
70	97	1
70	98	1
70	99	1
70	100	1
70	101	1
70	102	1
71	95	1
71	96	1
71	97	1
71	98	1
71	99	1
71	100	1
71	101	1
72	98	1
125	110	1
126	106	1
126	107	1
126	108	1
126	109	1
126	110	1
126	111	1
126	112	1
126	113	1
126	114	1
127	105	1
127	106	1
127	107	1
127	108	1
127	109	1
127	110	1
127	111	1
127	112	1
127	113	1
127	114	1
127	115	1
128	104	1
128	105	1
128	106	1
128	107	1
128	108	1
128	109	1
128	110	1
128	111	1
128	112	1
128	113	1
128	114	1
128	115	1
128	116	1
129	103	1
129	104	1
129	105	1
129	106	1
129	107	1
129	108	1
129	109	1
129	110	1
129	111	1
129	112	1
129	113	1
129	114	1
129	115	1
129	116	1
129	117	1
130	102	1
130	103	1
130	104	1
130	105	1
130	106	1
130	107	1
130	108	1
130	109	1
130	110	1
130	111	1
130	112	1
130	113	1
130	114	1
130	115	1
130	116	1
130	117	1
130	118	1
131	102	1
131	103	1
131	104	1
131	105	1
131	106	1
131	107	1
131	108	1
131	109	1
131	110	1
131	111	1
131	112	1
131	113	1
131	114	1
131	115	1
131	116	1
131	117	1
131	118	1
132	102	1
132	103	1
132	104	1
132	105	1
132	106	1
132	107	1
132	108	1
132	109	1
132	110	1
132	111	1
132	112	1
132	113	1
132	114	1
132	115	1
132	116	1
132	117	1
132	118	1
133	102	1
133	103	1
133	104	1
133	105	1
133	106	1
133	107	1
133	108	1
133	109	1
133	110	1
133	111	1
133	112	1
133	113	1
133	114	1
133	115	1
133	116	1
133	117	1
133	118	1
134	101	1
134	102	1
134	103	1
134	104	1
134	105	1
134	106	1
134	107	1
134	108	1
134	109	1
134	110	1
134	111	1
134	112	1
134	113	1
134	114	1
134	115	1
134	116	1
134	117	1
134	118	1
134	119	1
135	102	1
135	103	1
135	104	1
135	105	1
135	106	1
135	107	1
135	108	1
135	109	1
135	110	1
135	111	1
135	112	1
135	113	1
135	114	1
135	115	1
135	116	1
135	117	1
135	118	1
136	102	1
136	103	1
136	104	1
136	105	1
136	106	1
136	107	1
136	108	1
136	109	1
136	110	1
136	111	1
136	112	1
136	113	1
136	114	1
136	115	1
136	116	1
136	117	1
136	118	1
137	102	1
137	103	1
137	104	1
137	105	1
137	106	1
137	107	1
137	108	1
137	109	1
137	110	1
137	111	1
137	112	1
137	113	1
137	114	1
137	115	1
137	116	1
137	117	1
137	118	1
138	102	1
138	103	1
138	104	1
138	105	1
138	106	1
138	107	1
138	108	1
138	109	1
138	110	1
138	111	1
138	112	1
138	113	1
138	114	1
138	115	1
138	116	1
138	117	1
138	118	1
139	103	1
139	104	1
139	105	1
139	106	1
139	107	1
139	108	1
139	109	1
139	110	1
139	111	1
139	112	1
139	113	1
139	114	1
139	115	1
139	116	1
139	117	1
140	104	1
140	105	1
140	106	1
140	107	1
140	108	1
140	109	1
140	110	1
140	111	1
140	112	1
140	113	1
140	114	1
140	115	1
140	116	1
141	105	1
141	106	1
141	107	1
141	108	1
141	109	1
141	110	1
141	111	1
141	112	1
141	113	1
141	114	1
141	115	1
142	106	1
142	107	1
142	108	1
142	109	1
142	110	1
142	111	1
142	112	1
142	113	1
142	114	1
143	110	1
122	110	1
123	106	1
123	107	1
123	108	1
123	109	1
123	110	1
123	111	1
123	112	1
123	113	1
123	114	1
124	104	1
124	105	1
124	106	1
124	107	1
124	108	1
124	109	1
124	110	1
124	111	1
124	112	1
124	113	1
124	114	1
124	115	1
124	116	1
125	103	1
125	104	1
125	105	1
125	106	1
125	107	1
125	108	1
125	109	1
125	110	1
125	111	1
125	112	1
125	113	1
125	114	1
125	115	1
125	116	1
125	117	1
126	102	1
126	103	1
126	104	1
126	105	1
126	106	1
126	107	1
126	108	1
126	109	1
126	110	1
126	111	1
126	112	1
126	113	1
126	114	1
126	115	1
126	116	1
126	117	1
126	118	1
127	101	1
127	102	1
127	103	1
127	104	1
127	105	1
127	106	1
127	107	1
127	108	1
127	109	1
127	110	1
127	111	1
127	112	1
127	113	1
127	114	1
127	115	1
127	116	1
127	117	1
127	118	1
127	119	1
128	100	1
128	101	1
128	102	1
128	103	1
128	104	1
128	105	1
128	106	1
128	107	1
128	108	1
128	109	1
128	110	1
128	111	1
128	112	1
128	113	1
128	114	1
128	115	1
128	116	1
128	117	1
128	118	1
128	119	1
128	120	1
129	100	1
129	101	1
129	102	1
129	103	1
129	104	1
129	105	1
129	106	1
129	107	1
129	108	1
129	109	1
129	110	1
129	111	1
129	112	1
129	113	1
129	114	1
129	115	1
129	116	1
129	117	1
129	118	1
129	119	1
129	120	1
130	99	1
130	100	1
130	101	1
130	102	1
130	103	1
130	104	1
130	105	1
130	106	1
130	107	1
130	108	1
130	109	1
130	110	1
130	111	1
130	112	1
130	113	1
130	114	1
130	115	1
130	116	1
130	117	1
130	118	1
130	119	1
130	120	1
130	121	1
131	99	1
131	100	1
131	101	1
131	102	1
131	103	1
131	104	1
131	105	1
131	106	1
131	107	1
131	108	1
131	109	1
131	110	1
131	111	1
131	112	1
131	113	1
131	114	1
131	115	1
131	116	1
131	117	1
131	118	1
131	119	1
131	120	1
131	121	1
132	99	1
132	100	1
132	101	1
132	102	1
132	103	1
132	104	1
132	105	1
132	106	1
132	107	1
132	108	1
132	109	1
132	110	1
132	111	1
132	112	1
132	113	1
132	114	1
132	115	1
132	116	1
132	117	1
132	118	1
132	119	1
132	120	1
132	121	1
133	99	1
133	100	1
133	101	1
133	102	1
133	103	1
133	104	1
133	105	1
133	106	1
133	107	1
133	108	1
133	109	1
133	110	1
133	111	1
133	112	1
133	113	1
133	114	1
133	115	1
133	116	1
133	117	1
133	118	1
133	119	1
133	120	1
133	121	1
134	98	1
134	99	1
134	100	1
134	101	1
134	102	1
134	103	1
134	104	1
134	105	1
134	106	1
134	107	1
134	108	1
134	109	1
134	110	1
134	111	1
134	112	1
134	113	1
134	114	1
134	115	1
134	116	1
134	117	1
134	118	1
134	119	1
134	120	1
134	121	1
134	122	1
135	99	1
135	100	1
135	101	1
135	102	1
135	103	1
135	104	1
135	105	1
135	106	1
135	107	1
135	108	1
135	109	1
135	110	1
135	111	1
135	112	1
135	113	1
135	114	1
135	115	1
135	116	1
135	117	1
135	118	1
135	119	1
135	120	1
135	121	1
136	99	1
136	100	1
136	101	1
136	102	1
136	103	1
136	104	1
136	105	1
136	106	1
136	107	1
136	108	1
136	109	1
136	110	1
136	111	1
136	112	1
136	113	1
136	114	1
136	115	1
136	116	1
136	117	1
136	118	1
136	119	1
136	120	1
136	121	1
137	99	1
137	100	1
137	101	1
137	102	1
137	103	1
137	104	1
137	105	1
137	106	1
137	107	1
137	108	1
137	109	1
137	110	1
137	111	1
137	112	1
137	113	1
137	114	1
137	115	1
137	116	1
137	117	1
137	118	1
137	119	1
137	120	1
137	121	1
138	99	1
138	100	1
138	101	1
138	102	1
138	103	1
138	104	1
138	105	1
138	106	1
138	107	1
138	108	1
138	109	1
138	110	1
138	111	1
138	112	1
138	113	1
138	114	1
138	115	1
138	116	1
138	117	1
138	118	1
138	119	1
138	120	1
138	121	1
139	100	1
139	101	1
139	102	1
139	103	1
139	104	1
139	105	1
139	106	1
139	107	1
139	108	1
139	109	1
139	110	1
139	111	1
139	112	1
139	113	1
139	114	1
139	115	1
139	116	1
139	117	1
139	118	1
139	119	1
139	120	1
140	100	1
140	101	1
140	102	1
140	103	1
140	104	1
140	105	1
140	106	1
140	107	1
140	108	1
140	109	1
140	110	1
140	111	1
140	112	1
140	113	1
140	114	1
140	115	1
140	116	1
140	117	1
140	118	1
140	119	1
140	120	1
141	101	1
141	102	1
141	103	1
141	104	1
141	105	1
141	106	1
141	107	1
141	108	1
141	109	1
141	110	1
141	111	1
141	112	1
141	113	1
141	114	1
141	115	1
141	116	1
141	117	1
141	118	1
141	119	1
142	102	1
142	103	1
142	104	1
142	105	1
142	106	1
142	107	1
142	108	1
142	109	1
142	110	1
142	111	1
142	112	1
142	113	1
142	114	1
142	115	1
142	116	1
142	117	1
142	118	1
143	103	1
143	104	1
143	105	1
143	106	1
143	107	1
143	108	1
143	109	1
143	110	1
143	111	1
143	112	1
143	113	1
143	114	1
143	115	1
143	116	1
143	117	1
144	104	1
144	105	1
144	106	1
144	107	1
144	108	1
144	109	1
144	110	1
144	111	1
144	112	1
144	113	1
144	114	1
144	115	1
144	116	1
145	106	1
145	107	1
145	108	1
145	109	1
145	110	1
145	111	1
145	112	1
145	113	1
145	114	1
146	110	1
69	105	1
70	102	1
70	103	1
70	104	1
70	105	1
70	106	1
70	107	1
70	108	1
71	101	1
71	102	1
71	103	1
71	104	1
71	105	1
71	106	1
71	107	1
71	108	1
71	109	1
72	100	1
72	101	1
72	102	1
72	103	1
72	104	1
72	105	1
72	106	1
72	107	1
72	108	1
72	109	1
72	110	1
73	100	1
73	101	1
73	102	1
73	103	1
73	104	1
73	105	1
73	106	1
73	107	1
73	108	1
73	109	1
73	110	1
74	100	1
74	101	1
74	102	1
74	103	1
74	104	1
74	105	1
74	106	1
74	107	1
74	108	1
74	109	1
74	110	1
75	99	1
75	100	1
75	101	1
75	102	1
75	103	1
75	104	1
75	105	1
75	106	1
75	107	1
75	108	1
75	109	1
75	110	1
75	111	1
76	100	1
76	101	1
76	102	1
76	103	1
76	104	1
76	105	1
76	106	1
76	107	1
76	108	1
76	109	1
76	110	1
77	100	1
77	101	1
77	102	1
77	103	1
77	104	1
77	105	1
77	106	1
77	107	1
77	108	1
77	109	1
77	110	1
78	100	1
78	101	1
78	102	1
78	103	1
78	104	1
78	105	1
78	106	1
78	107	1
78	108	1
78	109	1
78	110	1
79	101	1
79	102	1
79	103	1
79	104	1
79	105	1
79	106	1
79	107	1
79	108	1
79	109	1
80	102	1
80	103	1
80	104	1
80	105	1
80	106	1
80	107	1
80	108	1
81	105	1
52	92	1
53	89	1
53	90	1
53	91	1
53	92	1
53	93	1
53	94	1
53	95	1
54	88	1
54	89	1
54	90	1
54	91	1
54	92	1
54	93	1
54	94	1
54	95	1
54	96	1
55	87	1
55	88	1
55	89	1
55	90	1
55	91	1
55	92	1
55	93	1
55	94	1
55	95	1
55	96	1
55	97	1
56	86	1
56	87	1
56	88	1
56	89	1
56	90	1
56	91	1
56	92	1
56	93	1
56	94	1
56	95	1
56	96	1
56	97	1
56	98	1
57	86	1
57	87	1
57	88	1
57	89	1
57	90	1
57	91	1
57	92	1
57	93	1
57	94	1
57	95	1
57	96	1
57	97	1
57	98	1
58	86	1
58	87	1
58	88	1
58	89	1
58	90	1
58	91	1
58	92	1
58	93	1
58	94	1
58	95	1
58	96	1
58	97	1
58	98	1
59	85	1
59	86	1
59	87	1
59	88	1
59	89	1
59	90	1
59	91	1
59	92	1
59	93	1
59	94	1
59	95	1
59	96	1
59	97	1
59	98	1
59	99	1
60	86	1
60	87	1
60	88	1
60	89	1
60	90	1
60	91	1
60	92	1
60	93	1
60	94	1
60	95	1
60	96	1
60	97	1
60	98	1
61	86	1
61	87	1
61	88	1
61	89	1
61	90	1
61	91	1
61	92	1
61	93	1
61	94	1
61	95	1
61	96	1
61	97	1
61	98	1
62	86	1
62	87	1
62	88	1
62	89	1
62	90	1
62	91	1
62	92	1
62	93	1
62	94	1
62	95	1
62	96	1
62	97	1
62	98	1
63	87	1
63	88	1
63	89	1
63	90	1
63	91	1
63	92	1
63	93	1
63	94	1
63	95	1
63	96	1
63	97	1
64	88	1
64	89	1
64	90	1
64	91	1
64	92	1
64	93	1
64	94	1
64	95	1
64	96	1
65	89	1
65	90	1
65	91	1
65	92	1
65	93	1
65	94	1
65	95	1
66	92	1
55	108	1
56	106	1
56	107	1
56	108	1
56	109	1
56	110	1
57	105	1
57	106	1
57	107	1
57	108	1
57	109	1
57	110	1
57	111	1
58	105	1
58	106	1
58	107	1
58	108	1
58	109	1
58	110	1
58	111	1
59	104	1
59	105	1
59	106	1
59	107	1
59	108	1
59	109	1
59	110	1
59	111	1
59	112	1
60	105	1
60	106	1
60	107	1
60	108	1
60	109	1
60	110	1
60	111	1
61	105	1
61	106	1
61	107	1
61	108	1
61	109	1
61	110	1
61	111	1
62	106	1
62	107	1
62	108	1
62	109	1
62	110	1
63	108	1
