pix_x	pix_y	Flag
2	78	1
3	75	1
3	76	1
3	77	1
3	78	1
3	79	1
3	80	1
3	81	1
4	73	1
4	74	1
4	75	1
4	76	1
4	77	1
4	78	1
4	79	1
4	80	1
4	81	1
4	82	1
4	83	1
5	72	1
5	73	1
5	74	1
5	75	1
5	76	1
5	77	1
5	78	1
5	79	1
5	80	1
5	81	1
5	82	1
5	83	1
5	84	1
6	72	1
6	73	1
6	74	1
6	75	1
6	76	1
6	77	1
6	78	1
6	79	1
6	80	1
6	81	1
6	82	1
6	83	1
6	84	1
7	71	1
7	72	1
7	73	1
7	74	1
7	75	1
7	76	1
7	77	1
7	78	1
7	79	1
7	80	1
7	81	1
7	82	1
7	83	1
7	84	1
7	85	1
8	71	1
8	72	1
8	73	1
8	74	1
8	75	1
8	76	1
8	77	1
8	78	1
8	79	1
8	80	1
8	81	1
8	82	1
8	83	1
8	84	1
8	85	1
9	71	1
9	72	1
9	73	1
9	74	1
9	75	1
9	76	1
9	77	1
9	78	1
9	79	1
9	80	1
9	81	1
9	82	1
9	83	1
9	84	1
9	85	1
10	70	1
10	71	1
10	72	1
10	73	1
10	74	1
10	75	1
10	76	1
10	77	1
10	78	1
10	79	1
10	80	1
10	81	1
10	82	1
10	83	1
10	84	1
10	85	1
10	86	1
11	71	1
11	72	1
11	73	1
11	74	1
11	75	1
11	76	1
11	77	1
11	78	1
11	79	1
11	80	1
11	81	1
11	82	1
11	83	1
11	84	1
11	85	1
12	71	1
12	72	1
12	73	1
12	74	1
12	75	1
12	76	1
12	77	1
12	78	1
12	79	1
12	80	1
12	81	1
12	82	1
12	83	1
12	84	1
12	85	1
13	71	1
13	72	1
13	73	1
13	74	1
13	75	1
13	76	1
13	77	1
13	78	1
13	79	1
13	80	1
13	81	1
13	82	1
13	83	1
13	84	1
13	85	1
14	72	1
14	73	1
14	74	1
14	75	1
14	76	1
14	77	1
14	78	1
14	79	1
14	80	1
14	81	1
14	82	1
14	83	1
14	84	1
15	72	1
15	73	1
15	74	1
15	75	1
15	76	1
15	77	1
15	78	1
15	79	1
15	80	1
15	81	1
15	82	1
15	83	1
15	84	1
16	73	1
16	74	1
16	75	1
16	76	1
16	77	1
16	78	1
16	79	1
16	80	1
16	81	1
16	82	1
16	83	1
17	75	1
17	76	1
17	77	1
17	78	1
17	79	1
17	80	1
17	81	1
18	78	1
129	51	1
130	48	1
130	49	1
130	50	1
130	51	1
130	52	1
130	53	1
130	54	1
131	46	1
131	47	1
131	48	1
131	49	1
131	50	1
131	51	1
131	52	1
131	53	1
131	54	1
131	55	1
131	56	1
132	45	1
132	46	1
132	47	1
132	48	1
132	49	1
132	50	1
132	51	1
132	52	1
132	53	1
132	54	1
132	55	1
132	56	1
132	57	1
133	45	1
133	46	1
133	47	1
133	48	1
133	49	1
133	50	1
133	51	1
133	52	1
133	53	1
133	54	1
133	55	1
133	56	1
133	57	1
134	44	1
134	45	1
134	46	1
134	47	1
134	48	1
134	49	1
134	50	1
134	51	1
134	52	1
134	53	1
134	54	1
134	55	1
134	56	1
134	57	1
134	58	1
135	44	1
135	45	1
135	46	1
135	47	1
135	48	1
135	49	1
135	50	1
135	51	1
135	52	1
135	53	1
135	54	1
135	55	1
135	56	1
135	57	1
135	58	1
136	44	1
136	45	1
136	46	1
136	47	1
136	48	1
136	49	1
136	50	1
136	51	1
136	52	1
136	53	1
136	54	1
136	55	1
136	56	1
136	57	1
136	58	1
137	43	1
137	44	1
137	45	1
137	46	1
137	47	1
137	48	1
137	49	1
137	50	1
137	51	1
137	52	1
137	53	1
137	54	1
137	55	1
137	56	1
137	57	1
137	58	1
137	59	1
138	44	1
138	45	1
138	46	1
138	47	1
138	48	1
138	49	1
138	50	1
138	51	1
138	52	1
138	53	1
138	54	1
138	55	1
138	56	1
138	57	1
138	58	1
139	44	1
139	45	1
139	46	1
139	47	1
139	48	1
139	49	1
139	50	1
139	51	1
139	52	1
139	53	1
139	54	1
139	55	1
139	56	1
139	57	1
139	58	1
140	44	1
140	45	1
140	46	1
140	47	1
140	48	1
140	49	1
140	50	1
140	51	1
140	52	1
140	53	1
140	54	1
140	55	1
140	56	1
140	57	1
140	58	1
141	45	1
141	46	1
141	47	1
141	48	1
141	49	1
141	50	1
141	51	1
141	52	1
141	53	1
141	54	1
141	55	1
141	56	1
141	57	1
142	45	1
142	46	1
142	47	1
142	48	1
142	49	1
142	50	1
142	51	1
142	52	1
142	53	1
142	54	1
142	55	1
142	56	1
142	57	1
143	46	1
143	47	1
143	48	1
143	49	1
143	50	1
143	51	1
143	52	1
143	53	1
143	54	1
143	55	1
143	56	1
144	48	1
144	49	1
144	50	1
144	51	1
144	52	1
144	53	1
144	54	1
145	51	1
123	103	1
124	100	1
124	101	1
124	102	1
124	103	1
124	104	1
124	105	1
124	106	1
125	98	1
125	99	1
125	100	1
125	101	1
125	102	1
125	103	1
125	104	1
125	105	1
125	106	1
125	107	1
125	108	1
126	97	1
126	98	1
126	99	1
126	100	1
126	101	1
126	102	1
126	103	1
126	104	1
126	105	1
126	106	1
126	107	1
126	108	1
126	109	1
127	97	1
127	98	1
127	99	1
127	100	1
127	101	1
127	102	1
127	103	1
127	104	1
127	105	1
127	106	1
127	107	1
127	108	1
127	109	1
128	96	1
128	97	1
128	98	1
128	99	1
128	100	1
128	101	1
128	102	1
128	103	1
128	104	1
128	105	1
128	106	1
128	107	1
128	108	1
128	109	1
128	110	1
129	96	1
129	97	1
129	98	1
129	99	1
129	100	1
129	101	1
129	102	1
129	103	1
129	104	1
129	105	1
129	106	1
129	107	1
129	108	1
129	109	1
129	110	1
130	96	1
130	97	1
130	98	1
130	99	1
130	100	1
130	101	1
130	102	1
130	103	1
130	104	1
130	105	1
130	106	1
130	107	1
130	108	1
130	109	1
130	110	1
131	95	1
131	96	1
131	97	1
131	98	1
131	99	1
131	100	1
131	101	1
131	102	1
131	103	1
131	104	1
131	105	1
131	106	1
131	107	1
131	108	1
131	109	1
131	110	1
131	111	1
132	96	1
132	97	1
132	98	1
132	99	1
132	100	1
132	101	1
132	102	1
132	103	1
132	104	1
132	105	1
132	106	1
132	107	1
132	108	1
132	109	1
132	110	1
133	96	1
133	97	1
133	98	1
133	99	1
133	100	1
133	101	1
133	102	1
133	103	1
133	104	1
133	105	1
133	106	1
133	107	1
133	108	1
133	109	1
133	110	1
134	96	1
134	97	1
134	98	1
134	99	1
134	100	1
134	101	1
134	102	1
134	103	1
134	104	1
134	105	1
134	106	1
134	107	1
134	108	1
134	109	1
134	110	1
135	97	1
135	98	1
135	99	1
135	100	1
135	101	1
135	102	1
135	103	1
135	104	1
135	105	1
135	106	1
135	107	1
135	108	1
135	109	1
136	97	1
136	98	1
136	99	1
136	100	1
136	101	1
136	102	1
136	103	1
136	104	1
136	105	1
136	106	1
136	107	1
136	108	1
136	109	1
137	98	1
137	99	1
137	100	1
137	101	1
137	102	1
137	103	1
137	104	1
137	105	1
137	106	1
137	107	1
137	108	1
138	100	1
138	101	1
138	102	1
138	103	1
138	104	1
138	105	1
138	106	1
139	103	1
68	127	1
69	124	1
69	125	1
69	126	1
69	127	1
69	128	1
69	129	1
69	130	1
70	123	1
70	124	1
70	125	1
70	126	1
70	127	1
70	128	1
70	129	1
70	130	1
70	131	1
71	123	1
71	124	1
71	125	1
71	126	1
71	127	1
71	128	1
71	129	1
71	130	1
71	131	1
72	123	1
72	124	1
72	125	1
72	126	1
72	127	1
72	128	1
72	129	1
72	130	1
72	131	1
73	122	1
73	123	1
73	124	1
73	125	1
73	126	1
73	127	1
73	128	1
73	129	1
73	130	1
73	131	1
73	132	1
74	123	1
74	124	1
74	125	1
74	126	1
74	127	1
74	128	1
74	129	1
74	130	1
74	131	1
75	123	1
75	124	1
75	125	1
75	126	1
75	127	1
75	128	1
75	129	1
75	130	1
75	131	1
76	123	1
76	124	1
76	125	1
76	126	1
76	127	1
76	128	1
76	129	1
76	130	1
76	131	1
77	124	1
77	125	1
77	126	1
77	127	1
77	128	1
77	129	1
77	130	1
78	127	1
56	58	1
57	57	1
57	58	1
57	59	1
58	56	1
58	57	1
58	58	1
58	59	1
58	60	1
59	57	1
59	58	1
59	59	1
60	58	1
128	42	1
129	39	1
129	40	1
129	41	1
129	42	1
129	43	1
129	44	1
129	45	1
130	38	1
130	39	1
130	40	1
130	41	1
130	42	1
130	43	1
130	44	1
130	45	1
130	46	1
131	38	1
131	39	1
131	40	1
131	41	1
131	42	1
131	43	1
131	44	1
131	45	1
131	46	1
132	38	1
132	39	1
132	40	1
132	41	1
132	42	1
132	43	1
132	44	1
132	45	1
132	46	1
133	37	1
133	38	1
133	39	1
133	40	1
133	41	1
133	42	1
133	43	1
133	44	1
133	45	1
133	46	1
133	47	1
134	38	1
134	39	1
134	40	1
134	41	1
134	42	1
134	43	1
134	44	1
134	45	1
134	46	1
135	38	1
135	39	1
135	40	1
135	41	1
135	42	1
135	43	1
135	44	1
135	45	1
135	46	1
136	38	1
136	39	1
136	40	1
136	41	1
136	42	1
136	43	1
136	44	1
136	45	1
136	46	1
137	39	1
137	40	1
137	41	1
137	42	1
137	43	1
137	44	1
137	45	1
138	42	1
