pix_x	pix_y	Flag
85	11	1
86	9	1
86	10	1
86	11	1
86	12	1
86	13	1
87	9	1
87	10	1
87	11	1
87	12	1
87	13	1
88	8	1
88	9	1
88	10	1
88	11	1
88	12	1
88	13	1
88	14	1
89	9	1
89	10	1
89	11	1
89	12	1
89	13	1
90	9	1
90	10	1
90	11	1
90	12	1
90	13	1
91	11	1
104	74	1
105	72	1
105	73	1
105	74	1
105	75	1
105	76	1
106	72	1
106	73	1
106	74	1
106	75	1
106	76	1
107	71	1
107	72	1
107	73	1
107	74	1
107	75	1
107	76	1
107	77	1
108	72	1
108	73	1
108	74	1
108	75	1
108	76	1
109	72	1
109	73	1
109	74	1
109	75	1
109	76	1
110	74	1
66	45	1
67	41	1
67	42	1
67	43	1
67	44	1
67	45	1
67	46	1
67	47	1
67	48	1
67	49	1
68	39	1
68	40	1
68	41	1
68	42	1
68	43	1
68	44	1
68	45	1
68	46	1
68	47	1
68	48	1
68	49	1
68	50	1
68	51	1
69	38	1
69	39	1
69	40	1
69	41	1
69	42	1
69	43	1
69	44	1
69	45	1
69	46	1
69	47	1
69	48	1
69	49	1
69	50	1
69	51	1
69	52	1
70	37	1
70	38	1
70	39	1
70	40	1
70	41	1
70	42	1
70	43	1
70	44	1
70	45	1
70	46	1
70	47	1
70	48	1
70	49	1
70	50	1
70	51	1
70	52	1
70	53	1
71	36	1
71	37	1
71	38	1
71	39	1
71	40	1
71	41	1
71	42	1
71	43	1
71	44	1
71	45	1
71	46	1
71	47	1
71	48	1
71	49	1
71	50	1
71	51	1
71	52	1
71	53	1
71	54	1
72	36	1
72	37	1
72	38	1
72	39	1
72	40	1
72	41	1
72	42	1
72	43	1
72	44	1
72	45	1
72	46	1
72	47	1
72	48	1
72	49	1
72	50	1
72	51	1
72	52	1
72	53	1
72	54	1
73	35	1
73	36	1
73	37	1
73	38	1
73	39	1
73	40	1
73	41	1
73	42	1
73	43	1
73	44	1
73	45	1
73	46	1
73	47	1
73	48	1
73	49	1
73	50	1
73	51	1
73	52	1
73	53	1
73	54	1
73	55	1
74	35	1
74	36	1
74	37	1
74	38	1
74	39	1
74	40	1
74	41	1
74	42	1
74	43	1
74	44	1
74	45	1
74	46	1
74	47	1
74	48	1
74	49	1
74	50	1
74	51	1
74	52	1
74	53	1
74	54	1
74	55	1
75	35	1
75	36	1
75	37	1
75	38	1
75	39	1
75	40	1
75	41	1
75	42	1
75	43	1
75	44	1
75	45	1
75	46	1
75	47	1
75	48	1
75	49	1
75	50	1
75	51	1
75	52	1
75	53	1
75	54	1
75	55	1
76	35	1
76	36	1
76	37	1
76	38	1
76	39	1
76	40	1
76	41	1
76	42	1
76	43	1
76	44	1
76	45	1
76	46	1
76	47	1
76	48	1
76	49	1
76	50	1
76	51	1
76	52	1
76	53	1
76	54	1
76	55	1
77	34	1
77	35	1
77	36	1
77	37	1
77	38	1
77	39	1
77	40	1
77	41	1
77	42	1
77	43	1
77	44	1
77	45	1
77	46	1
77	47	1
77	48	1
77	49	1
77	50	1
77	51	1
77	52	1
77	53	1
77	54	1
77	55	1
77	56	1
78	35	1
78	36	1
78	37	1
78	38	1
78	39	1
78	40	1
78	41	1
78	42	1
78	43	1
78	44	1
78	45	1
78	46	1
78	47	1
78	48	1
78	49	1
78	50	1
78	51	1
78	52	1
78	53	1
78	54	1
78	55	1
79	35	1
79	36	1
79	37	1
79	38	1
79	39	1
79	40	1
79	41	1
79	42	1
79	43	1
79	44	1
79	45	1
79	46	1
79	47	1
79	48	1
79	49	1
79	50	1
79	51	1
79	52	1
79	53	1
79	54	1
79	55	1
80	35	1
80	36	1
80	37	1
80	38	1
80	39	1
80	40	1
80	41	1
80	42	1
80	43	1
80	44	1
80	45	1
80	46	1
80	47	1
80	48	1
80	49	1
80	50	1
80	51	1
80	52	1
80	53	1
80	54	1
80	55	1
81	35	1
81	36	1
81	37	1
81	38	1
81	39	1
81	40	1
81	41	1
81	42	1
81	43	1
81	44	1
81	45	1
81	46	1
81	47	1
81	48	1
81	49	1
81	50	1
81	51	1
81	52	1
81	53	1
81	54	1
81	55	1
82	36	1
82	37	1
82	38	1
82	39	1
82	40	1
82	41	1
82	42	1
82	43	1
82	44	1
82	45	1
82	46	1
82	47	1
82	48	1
82	49	1
82	50	1
82	51	1
82	52	1
82	53	1
82	54	1
83	36	1
83	37	1
83	38	1
83	39	1
83	40	1
83	41	1
83	42	1
83	43	1
83	44	1
83	45	1
83	46	1
83	47	1
83	48	1
83	49	1
83	50	1
83	51	1
83	52	1
83	53	1
83	54	1
84	37	1
84	38	1
84	39	1
84	40	1
84	41	1
84	42	1
84	43	1
84	44	1
84	45	1
84	46	1
84	47	1
84	48	1
84	49	1
84	50	1
84	51	1
84	52	1
84	53	1
85	38	1
85	39	1
85	40	1
85	41	1
85	42	1
85	43	1
85	44	1
85	45	1
85	46	1
85	47	1
85	48	1
85	49	1
85	50	1
85	51	1
85	52	1
86	39	1
86	40	1
86	41	1
86	42	1
86	43	1
86	44	1
86	45	1
86	46	1
86	47	1
86	48	1
86	49	1
86	50	1
86	51	1
87	41	1
87	42	1
87	43	1
87	44	1
87	45	1
87	46	1
87	47	1
87	48	1
87	49	1
88	45	1
43	1	1
44	0	1
44	1	1
44	2	1
44	3	1
44	4	1
44	5	1
44	6	1
44	7	1
45	0	1
45	1	1
45	2	1
45	3	1
45	4	1
45	5	1
45	6	1
45	7	1
45	8	1
45	9	1
45	10	1
46	0	1
46	1	1
46	2	1
46	3	1
46	4	1
46	5	1
46	6	1
46	7	1
46	8	1
46	9	1
46	10	1
46	11	1
46	12	1
47	0	1
47	1	1
47	2	1
47	3	1
47	4	1
47	5	1
47	6	1
47	7	1
47	8	1
47	9	1
47	10	1
47	11	1
47	12	1
47	13	1
48	0	1
48	1	1
48	2	1
48	3	1
48	4	1
48	5	1
48	6	1
48	7	1
48	8	1
48	9	1
48	10	1
48	11	1
48	12	1
48	13	1
48	14	1
48	15	1
49	0	1
49	1	1
49	2	1
49	3	1
49	4	1
49	5	1
49	6	1
49	7	1
49	8	1
49	9	1
49	10	1
49	11	1
49	12	1
49	13	1
49	14	1
49	15	1
49	16	1
50	0	1
50	1	1
50	2	1
50	3	1
50	4	1
50	5	1
50	6	1
50	7	1
50	8	1
50	9	1
50	10	1
50	11	1
50	12	1
50	13	1
50	14	1
50	15	1
50	16	1
50	17	1
51	0	1
51	1	1
51	2	1
51	3	1
51	4	1
51	5	1
51	6	1
51	7	1
51	8	1
51	9	1
51	10	1
51	11	1
51	12	1
51	13	1
51	14	1
51	15	1
51	16	1
51	17	1
51	18	1
52	0	1
52	1	1
52	2	1
52	3	1
52	4	1
52	5	1
52	6	1
52	7	1
52	8	1
52	9	1
52	10	1
52	11	1
52	12	1
52	13	1
52	14	1
52	15	1
52	16	1
52	17	1
52	18	1
52	19	1
53	0	1
53	1	1
53	2	1
53	3	1
53	4	1
53	5	1
53	6	1
53	7	1
53	8	1
53	9	1
53	10	1
53	11	1
53	12	1
53	13	1
53	14	1
53	15	1
53	16	1
53	17	1
53	18	1
53	19	1
54	0	1
54	1	1
54	2	1
54	3	1
54	4	1
54	5	1
54	6	1
54	7	1
54	8	1
54	9	1
54	10	1
54	11	1
54	12	1
54	13	1
54	14	1
54	15	1
54	16	1
54	17	1
54	18	1
54	19	1
54	20	1
55	0	1
55	1	1
55	2	1
55	3	1
55	4	1
55	5	1
55	6	1
55	7	1
55	8	1
55	9	1
55	10	1
55	11	1
55	12	1
55	13	1
55	14	1
55	15	1
55	16	1
55	17	1
55	18	1
55	19	1
55	20	1
55	21	1
56	0	1
56	1	1
56	2	1
56	3	1
56	4	1
56	5	1
56	6	1
56	7	1
56	8	1
56	9	1
56	10	1
56	11	1
56	12	1
56	13	1
56	14	1
56	15	1
56	16	1
56	17	1
56	18	1
56	19	1
56	20	1
56	21	1
57	0	1
57	1	1
57	2	1
57	3	1
57	4	1
57	5	1
57	6	1
57	7	1
57	8	1
57	9	1
57	10	1
57	11	1
57	12	1
57	13	1
57	14	1
57	15	1
57	16	1
57	17	1
57	18	1
57	19	1
57	20	1
57	21	1
57	22	1
58	0	1
58	1	1
58	2	1
58	3	1
58	4	1
58	5	1
58	6	1
58	7	1
58	8	1
58	9	1
58	10	1
58	11	1
58	12	1
58	13	1
58	14	1
58	15	1
58	16	1
58	17	1
58	18	1
58	19	1
58	20	1
58	21	1
58	22	1
59	0	1
59	1	1
59	2	1
59	3	1
59	4	1
59	5	1
59	6	1
59	7	1
59	8	1
59	9	1
59	10	1
59	11	1
59	12	1
59	13	1
59	14	1
59	15	1
59	16	1
59	17	1
59	18	1
59	19	1
59	20	1
59	21	1
59	22	1
60	0	1
60	1	1
60	2	1
60	3	1
60	4	1
60	5	1
60	6	1
60	7	1
60	8	1
60	9	1
60	10	1
60	11	1
60	12	1
60	13	1
60	14	1
60	15	1
60	16	1
60	17	1
60	18	1
60	19	1
60	20	1
60	21	1
60	22	1
60	23	1
61	0	1
61	1	1
61	2	1
61	3	1
61	4	1
61	5	1
61	6	1
61	7	1
61	8	1
61	9	1
61	10	1
61	11	1
61	12	1
61	13	1
61	14	1
61	15	1
61	16	1
61	17	1
61	18	1
61	19	1
61	20	1
61	21	1
61	22	1
61	23	1
62	0	1
62	1	1
62	2	1
62	3	1
62	4	1
62	5	1
62	6	1
62	7	1
62	8	1
62	9	1
62	10	1
62	11	1
62	12	1
62	13	1
62	14	1
62	15	1
62	16	1
62	17	1
62	18	1
62	19	1
62	20	1
62	21	1
62	22	1
62	23	1
63	0	1
63	1	1
63	2	1
63	3	1
63	4	1
63	5	1
63	6	1
63	7	1
63	8	1
63	9	1
63	10	1
63	11	1
63	12	1
63	13	1
63	14	1
63	15	1
63	16	1
63	17	1
63	18	1
63	19	1
63	20	1
63	21	1
63	22	1
63	23	1
64	0	1
64	1	1
64	2	1
64	3	1
64	4	1
64	5	1
64	6	1
64	7	1
64	8	1
64	9	1
64	10	1
64	11	1
64	12	1
64	13	1
64	14	1
64	15	1
64	16	1
64	17	1
64	18	1
64	19	1
64	20	1
64	21	1
64	22	1
64	23	1
65	0	1
65	1	1
65	2	1
65	3	1
65	4	1
65	5	1
65	6	1
65	7	1
65	8	1
65	9	1
65	10	1
65	11	1
65	12	1
65	13	1
65	14	1
65	15	1
65	16	1
65	17	1
65	18	1
65	19	1
65	20	1
65	21	1
65	22	1
65	23	1
66	0	1
66	1	1
66	2	1
66	3	1
66	4	1
66	5	1
66	6	1
66	7	1
66	8	1
66	9	1
66	10	1
66	11	1
66	12	1
66	13	1
66	14	1
66	15	1
66	16	1
66	17	1
66	18	1
66	19	1
66	20	1
66	21	1
66	22	1
66	23	1
66	24	1
67	0	1
67	1	1
67	2	1
67	3	1
67	4	1
67	5	1
67	6	1
67	7	1
67	8	1
67	9	1
67	10	1
67	11	1
67	12	1
67	13	1
67	14	1
67	15	1
67	16	1
67	17	1
67	18	1
67	19	1
67	20	1
67	21	1
67	22	1
67	23	1
68	0	1
68	1	1
68	2	1
68	3	1
68	4	1
68	5	1
68	6	1
68	7	1
68	8	1
68	9	1
68	10	1
68	11	1
68	12	1
68	13	1
68	14	1
68	15	1
68	16	1
68	17	1
68	18	1
68	19	1
68	20	1
68	21	1
68	22	1
68	23	1
69	0	1
69	1	1
69	2	1
69	3	1
69	4	1
69	5	1
69	6	1
69	7	1
69	8	1
69	9	1
69	10	1
69	11	1
69	12	1
69	13	1
69	14	1
69	15	1
69	16	1
69	17	1
69	18	1
69	19	1
69	20	1
69	21	1
69	22	1
69	23	1
70	0	1
70	1	1
70	2	1
70	3	1
70	4	1
70	5	1
70	6	1
70	7	1
70	8	1
70	9	1
70	10	1
70	11	1
70	12	1
70	13	1
70	14	1
70	15	1
70	16	1
70	17	1
70	18	1
70	19	1
70	20	1
70	21	1
70	22	1
70	23	1
71	0	1
71	1	1
71	2	1
71	3	1
71	4	1
71	5	1
71	6	1
71	7	1
71	8	1
71	9	1
71	10	1
71	11	1
71	12	1
71	13	1
71	14	1
71	15	1
71	16	1
71	17	1
71	18	1
71	19	1
71	20	1
71	21	1
71	22	1
71	23	1
72	0	1
72	1	1
72	2	1
72	3	1
72	4	1
72	5	1
72	6	1
72	7	1
72	8	1
72	9	1
72	10	1
72	11	1
72	12	1
72	13	1
72	14	1
72	15	1
72	16	1
72	17	1
72	18	1
72	19	1
72	20	1
72	21	1
72	22	1
72	23	1
73	0	1
73	1	1
73	2	1
73	3	1
73	4	1
73	5	1
73	6	1
73	7	1
73	8	1
73	9	1
73	10	1
73	11	1
73	12	1
73	13	1
73	14	1
73	15	1
73	16	1
73	17	1
73	18	1
73	19	1
73	20	1
73	21	1
73	22	1
74	0	1
74	1	1
74	2	1
74	3	1
74	4	1
74	5	1
74	6	1
74	7	1
74	8	1
74	9	1
74	10	1
74	11	1
74	12	1
74	13	1
74	14	1
74	15	1
74	16	1
74	17	1
74	18	1
74	19	1
74	20	1
74	21	1
74	22	1
75	0	1
75	1	1
75	2	1
75	3	1
75	4	1
75	5	1
75	6	1
75	7	1
75	8	1
75	9	1
75	10	1
75	11	1
75	12	1
75	13	1
75	14	1
75	15	1
75	16	1
75	17	1
75	18	1
75	19	1
75	20	1
75	21	1
75	22	1
76	0	1
76	1	1
76	2	1
76	3	1
76	4	1
76	5	1
76	6	1
76	7	1
76	8	1
76	9	1
76	10	1
76	11	1
76	12	1
76	13	1
76	14	1
76	15	1
76	16	1
76	17	1
76	18	1
76	19	1
76	20	1
76	21	1
77	0	1
77	1	1
77	2	1
77	3	1
77	4	1
77	5	1
77	6	1
77	7	1
77	8	1
77	9	1
77	10	1
77	11	1
77	12	1
77	13	1
77	14	1
77	15	1
77	16	1
77	17	1
77	18	1
77	19	1
77	20	1
77	21	1
78	0	1
78	1	1
78	2	1
78	3	1
78	4	1
78	5	1
78	6	1
78	7	1
78	8	1
78	9	1
78	10	1
78	11	1
78	12	1
78	13	1
78	14	1
78	15	1
78	16	1
78	17	1
78	18	1
78	19	1
78	20	1
79	0	1
79	1	1
79	2	1
79	3	1
79	4	1
79	5	1
79	6	1
79	7	1
79	8	1
79	9	1
79	10	1
79	11	1
79	12	1
79	13	1
79	14	1
79	15	1
79	16	1
79	17	1
79	18	1
79	19	1
80	0	1
80	1	1
80	2	1
80	3	1
80	4	1
80	5	1
80	6	1
80	7	1
80	8	1
80	9	1
80	10	1
80	11	1
80	12	1
80	13	1
80	14	1
80	15	1
80	16	1
80	17	1
80	18	1
80	19	1
81	0	1
81	1	1
81	2	1
81	3	1
81	4	1
81	5	1
81	6	1
81	7	1
81	8	1
81	9	1
81	10	1
81	11	1
81	12	1
81	13	1
81	14	1
81	15	1
81	16	1
81	17	1
81	18	1
82	0	1
82	1	1
82	2	1
82	3	1
82	4	1
82	5	1
82	6	1
82	7	1
82	8	1
82	9	1
82	10	1
82	11	1
82	12	1
82	13	1
82	14	1
82	15	1
82	16	1
82	17	1
83	0	1
83	1	1
83	2	1
83	3	1
83	4	1
83	5	1
83	6	1
83	7	1
83	8	1
83	9	1
83	10	1
83	11	1
83	12	1
83	13	1
83	14	1
83	15	1
83	16	1
84	0	1
84	1	1
84	2	1
84	3	1
84	4	1
84	5	1
84	6	1
84	7	1
84	8	1
84	9	1
84	10	1
84	11	1
84	12	1
84	13	1
84	14	1
84	15	1
85	0	1
85	1	1
85	2	1
85	3	1
85	4	1
85	5	1
85	6	1
85	7	1
85	8	1
85	9	1
85	10	1
85	11	1
85	12	1
85	13	1
86	0	1
86	1	1
86	2	1
86	3	1
86	4	1
86	5	1
86	6	1
86	7	1
86	8	1
86	9	1
86	10	1
86	11	1
86	12	1
87	0	1
87	1	1
87	2	1
87	3	1
87	4	1
87	5	1
87	6	1
87	7	1
87	8	1
87	9	1
87	10	1
88	0	1
88	1	1
88	2	1
88	3	1
88	4	1
88	5	1
88	6	1
88	7	1
89	1	1
