pix_x	pix_y	Flag
0	115	1
0	116	1
0	117	1
0	118	1
0	119	1
0	120	1
0	121	1
0	122	1
0	123	1
0	124	1
0	125	1
0	126	1
0	127	1
0	128	1
0	129	1
0	130	1
0	131	1
0	132	1
0	133	1
0	134	1
0	135	1
0	136	1
0	137	1
0	138	1
0	139	1
0	140	1
0	141	1
0	142	1
0	143	1
0	144	1
0	145	1
0	146	1
0	147	1
0	148	1
0	149	1
0	150	1
0	151	1
0	152	1
0	153	1
0	154	1
0	155	1
0	156	1
0	157	1
0	158	1
0	159	1
0	160	1
0	161	1
1	113	1
1	114	1
1	115	1
1	116	1
1	117	1
1	118	1
1	119	1
1	120	1
1	121	1
1	122	1
1	123	1
1	124	1
1	125	1
1	126	1
1	127	1
1	128	1
1	129	1
1	130	1
1	131	1
1	132	1
1	133	1
1	134	1
1	135	1
1	136	1
1	137	1
1	138	1
1	139	1
1	140	1
1	141	1
1	142	1
1	143	1
1	144	1
1	145	1
1	146	1
1	147	1
1	148	1
1	149	1
1	150	1
1	151	1
1	152	1
1	153	1
1	154	1
1	155	1
1	156	1
1	157	1
1	158	1
1	159	1
1	160	1
1	161	1
2	112	1
2	113	1
2	114	1
2	115	1
2	116	1
2	117	1
2	118	1
2	119	1
2	120	1
2	121	1
2	122	1
2	123	1
2	124	1
2	125	1
2	126	1
2	127	1
2	128	1
2	129	1
2	130	1
2	131	1
2	132	1
2	133	1
2	134	1
2	135	1
2	136	1
2	137	1
2	138	1
2	139	1
2	140	1
2	141	1
2	142	1
2	143	1
2	144	1
2	145	1
2	146	1
2	147	1
2	148	1
2	149	1
2	150	1
2	151	1
2	152	1
2	153	1
2	154	1
2	155	1
2	156	1
2	157	1
2	158	1
2	159	1
2	160	1
2	161	1
3	110	1
3	111	1
3	112	1
3	113	1
3	114	1
3	115	1
3	116	1
3	117	1
3	118	1
3	119	1
3	120	1
3	121	1
3	122	1
3	123	1
3	124	1
3	125	1
3	126	1
3	127	1
3	128	1
3	129	1
3	130	1
3	131	1
3	132	1
3	133	1
3	134	1
3	135	1
3	136	1
3	137	1
3	138	1
3	139	1
3	140	1
3	141	1
3	142	1
3	143	1
3	144	1
3	145	1
3	146	1
3	147	1
3	148	1
3	149	1
3	150	1
3	151	1
3	152	1
3	153	1
3	154	1
3	155	1
3	156	1
3	157	1
3	158	1
3	159	1
3	160	1
3	161	1
4	109	1
4	110	1
4	111	1
4	112	1
4	113	1
4	114	1
4	115	1
4	116	1
4	117	1
4	118	1
4	119	1
4	120	1
4	121	1
4	122	1
4	123	1
4	124	1
4	125	1
4	126	1
4	127	1
4	128	1
4	129	1
4	130	1
4	131	1
4	132	1
4	133	1
4	134	1
4	135	1
4	136	1
4	137	1
4	138	1
4	139	1
4	140	1
4	141	1
4	142	1
4	143	1
4	144	1
4	145	1
4	146	1
4	147	1
4	148	1
4	149	1
4	150	1
4	151	1
4	152	1
4	153	1
4	154	1
4	155	1
4	156	1
4	157	1
4	158	1
4	159	1
4	160	1
4	161	1
5	107	1
5	108	1
5	109	1
5	110	1
5	111	1
5	112	1
5	113	1
5	114	1
5	115	1
5	116	1
5	117	1
5	118	1
5	119	1
5	120	1
5	121	1
5	122	1
5	123	1
5	124	1
5	125	1
5	126	1
5	127	1
5	128	1
5	129	1
5	130	1
5	131	1
5	132	1
5	133	1
5	134	1
5	135	1
5	136	1
5	137	1
5	138	1
5	139	1
5	140	1
5	141	1
5	142	1
5	143	1
5	144	1
5	145	1
5	146	1
5	147	1
5	148	1
5	149	1
5	150	1
5	151	1
5	152	1
5	153	1
5	154	1
5	155	1
5	156	1
5	157	1
5	158	1
5	159	1
5	160	1
5	161	1
6	106	1
6	107	1
6	108	1
6	109	1
6	110	1
6	111	1
6	112	1
6	113	1
6	114	1
6	115	1
6	116	1
6	117	1
6	118	1
6	119	1
6	120	1
6	121	1
6	122	1
6	123	1
6	124	1
6	125	1
6	126	1
6	127	1
6	128	1
6	129	1
6	130	1
6	131	1
6	132	1
6	133	1
6	134	1
6	135	1
6	136	1
6	137	1
6	138	1
6	139	1
6	140	1
6	141	1
6	142	1
6	143	1
6	144	1
6	145	1
6	146	1
6	147	1
6	148	1
6	149	1
6	150	1
6	151	1
6	152	1
6	153	1
6	154	1
6	155	1
6	156	1
6	157	1
6	158	1
6	159	1
6	160	1
6	161	1
7	105	1
7	106	1
7	107	1
7	108	1
7	109	1
7	110	1
7	111	1
7	112	1
7	113	1
7	114	1
7	115	1
7	116	1
7	117	1
7	118	1
7	119	1
7	120	1
7	121	1
7	122	1
7	123	1
7	124	1
7	125	1
7	126	1
7	127	1
7	128	1
7	129	1
7	130	1
7	131	1
7	132	1
7	133	1
7	134	1
7	135	1
7	136	1
7	137	1
7	138	1
7	139	1
7	140	1
7	141	1
7	142	1
7	143	1
7	144	1
7	145	1
7	146	1
7	147	1
7	148	1
7	149	1
7	150	1
7	151	1
7	152	1
7	153	1
7	154	1
7	155	1
7	156	1
7	157	1
7	158	1
7	159	1
7	160	1
7	161	1
8	104	1
8	105	1
8	106	1
8	107	1
8	108	1
8	109	1
8	110	1
8	111	1
8	112	1
8	113	1
8	114	1
8	115	1
8	116	1
8	117	1
8	118	1
8	119	1
8	120	1
8	121	1
8	122	1
8	123	1
8	124	1
8	125	1
8	126	1
8	127	1
8	128	1
8	129	1
8	130	1
8	131	1
8	132	1
8	133	1
8	134	1
8	135	1
8	136	1
8	137	1
8	138	1
8	139	1
8	140	1
8	141	1
8	142	1
8	143	1
8	144	1
8	145	1
8	146	1
8	147	1
8	148	1
8	149	1
8	150	1
8	151	1
8	152	1
8	153	1
8	154	1
8	155	1
8	156	1
8	157	1
8	158	1
8	159	1
8	160	1
8	161	1
9	103	1
9	104	1
9	105	1
9	106	1
9	107	1
9	108	1
9	109	1
9	110	1
9	111	1
9	112	1
9	113	1
9	114	1
9	115	1
9	116	1
9	117	1
9	118	1
9	119	1
9	120	1
9	121	1
9	122	1
9	123	1
9	124	1
9	125	1
9	126	1
9	127	1
9	128	1
9	129	1
9	130	1
9	131	1
9	132	1
9	133	1
9	134	1
9	135	1
9	136	1
9	137	1
9	138	1
9	139	1
9	140	1
9	141	1
9	142	1
9	143	1
9	144	1
9	145	1
9	146	1
9	147	1
9	148	1
9	149	1
9	150	1
9	151	1
9	152	1
9	153	1
9	154	1
9	155	1
9	156	1
9	157	1
9	158	1
9	159	1
9	160	1
9	161	1
10	101	1
10	102	1
10	103	1
10	104	1
10	105	1
10	106	1
10	107	1
10	108	1
10	109	1
10	110	1
10	111	1
10	112	1
10	113	1
10	114	1
10	115	1
10	116	1
10	117	1
10	118	1
10	119	1
10	120	1
10	121	1
10	122	1
10	123	1
10	124	1
10	125	1
10	126	1
10	127	1
10	128	1
10	129	1
10	130	1
10	131	1
10	132	1
10	133	1
10	134	1
10	135	1
10	136	1
10	137	1
10	138	1
10	139	1
10	140	1
10	141	1
10	142	1
10	143	1
10	144	1
10	145	1
10	146	1
10	147	1
10	148	1
10	149	1
10	150	1
10	151	1
10	152	1
10	153	1
10	154	1
10	155	1
10	156	1
10	157	1
10	158	1
10	159	1
10	160	1
10	161	1
11	100	1
11	101	1
11	102	1
11	103	1
11	104	1
11	105	1
11	106	1
11	107	1
11	108	1
11	109	1
11	110	1
11	111	1
11	112	1
11	113	1
11	114	1
11	115	1
11	116	1
11	117	1
11	118	1
11	119	1
11	120	1
11	121	1
11	122	1
11	123	1
11	124	1
11	125	1
11	126	1
11	127	1
11	128	1
11	129	1
11	130	1
11	131	1
11	132	1
11	133	1
11	134	1
11	135	1
11	136	1
11	137	1
11	138	1
11	139	1
11	140	1
11	141	1
11	142	1
11	143	1
11	144	1
11	145	1
11	146	1
11	147	1
11	148	1
11	149	1
11	150	1
11	151	1
11	152	1
11	153	1
11	154	1
11	155	1
11	156	1
11	157	1
11	158	1
11	159	1
11	160	1
11	161	1
12	99	1
12	100	1
12	101	1
12	102	1
12	103	1
12	104	1
12	105	1
12	106	1
12	107	1
12	108	1
12	109	1
12	110	1
12	111	1
12	112	1
12	113	1
12	114	1
12	115	1
12	116	1
12	117	1
12	118	1
12	119	1
12	120	1
12	121	1
12	122	1
12	123	1
12	124	1
12	125	1
12	126	1
12	127	1
12	128	1
12	129	1
12	130	1
12	131	1
12	132	1
12	133	1
12	134	1
12	135	1
12	136	1
12	137	1
12	138	1
12	139	1
12	140	1
12	141	1
12	142	1
12	143	1
12	144	1
12	145	1
12	146	1
12	147	1
12	148	1
12	149	1
12	150	1
12	151	1
12	152	1
12	153	1
12	154	1
12	155	1
12	156	1
12	157	1
12	158	1
12	159	1
12	160	1
12	161	1
13	98	1
13	99	1
13	100	1
13	101	1
13	102	1
13	103	1
13	104	1
13	105	1
13	106	1
13	107	1
13	108	1
13	109	1
13	110	1
13	111	1
13	112	1
13	113	1
13	114	1
13	115	1
13	116	1
13	117	1
13	118	1
13	119	1
13	120	1
13	121	1
13	122	1
13	123	1
13	124	1
13	125	1
13	126	1
13	127	1
13	128	1
13	129	1
13	130	1
13	131	1
13	132	1
13	133	1
13	134	1
13	135	1
13	136	1
13	137	1
13	138	1
13	139	1
13	140	1
13	141	1
13	142	1
13	143	1
13	144	1
13	145	1
13	146	1
13	147	1
13	148	1
13	149	1
13	150	1
13	151	1
13	152	1
13	153	1
13	154	1
13	155	1
13	156	1
13	157	1
13	158	1
13	159	1
13	160	1
13	161	1
14	97	1
14	98	1
14	99	1
14	100	1
14	101	1
14	102	1
14	103	1
14	104	1
14	105	1
14	106	1
14	107	1
14	108	1
14	109	1
14	110	1
14	111	1
14	112	1
14	113	1
14	114	1
14	115	1
14	116	1
14	117	1
14	118	1
14	119	1
14	120	1
14	121	1
14	122	1
14	123	1
14	124	1
14	125	1
14	126	1
14	127	1
14	128	1
14	129	1
14	130	1
14	131	1
14	132	1
14	133	1
14	134	1
14	135	1
14	136	1
14	137	1
14	138	1
14	139	1
14	140	1
14	141	1
14	142	1
14	143	1
14	144	1
14	145	1
14	146	1
14	147	1
14	148	1
14	149	1
14	150	1
14	151	1
14	152	1
14	153	1
14	154	1
14	155	1
14	156	1
14	157	1
14	158	1
14	159	1
14	160	1
14	161	1
15	96	1
15	97	1
15	98	1
15	99	1
15	100	1
15	101	1
15	102	1
15	103	1
15	104	1
15	105	1
15	106	1
15	107	1
15	108	1
15	109	1
15	110	1
15	111	1
15	112	1
15	113	1
15	114	1
15	115	1
15	116	1
15	117	1
15	118	1
15	119	1
15	120	1
15	121	1
15	122	1
15	123	1
15	124	1
15	125	1
15	126	1
15	127	1
15	128	1
15	129	1
15	130	1
15	131	1
15	132	1
15	133	1
15	134	1
15	135	1
15	136	1
15	137	1
15	138	1
15	139	1
15	140	1
15	141	1
15	142	1
15	143	1
15	144	1
15	145	1
15	146	1
15	147	1
15	148	1
15	149	1
15	150	1
15	151	1
15	152	1
15	153	1
15	154	1
15	155	1
15	156	1
15	157	1
15	158	1
15	159	1
15	160	1
15	161	1
16	96	1
16	97	1
16	98	1
16	99	1
16	100	1
16	101	1
16	102	1
16	103	1
16	104	1
16	105	1
16	106	1
16	107	1
16	108	1
16	109	1
16	110	1
16	111	1
16	112	1
16	113	1
16	114	1
16	115	1
16	116	1
16	117	1
16	118	1
16	119	1
16	120	1
16	121	1
16	122	1
16	123	1
16	124	1
16	125	1
16	126	1
16	127	1
16	128	1
16	129	1
16	130	1
16	131	1
16	132	1
16	133	1
16	134	1
16	135	1
16	136	1
16	137	1
16	138	1
16	139	1
16	140	1
16	141	1
16	142	1
16	143	1
16	144	1
16	145	1
16	146	1
16	147	1
16	148	1
16	149	1
16	150	1
16	151	1
16	152	1
16	153	1
16	154	1
16	155	1
16	156	1
16	157	1
16	158	1
16	159	1
16	160	1
16	161	1
17	95	1
17	96	1
17	97	1
17	98	1
17	99	1
17	100	1
17	101	1
17	102	1
17	103	1
17	104	1
17	105	1
17	106	1
17	107	1
17	108	1
17	109	1
17	110	1
17	111	1
17	112	1
17	113	1
17	114	1
17	115	1
17	116	1
17	117	1
17	118	1
17	119	1
17	120	1
17	121	1
17	122	1
17	123	1
17	124	1
17	125	1
17	126	1
17	127	1
17	128	1
17	129	1
17	130	1
17	131	1
17	132	1
17	133	1
17	134	1
17	135	1
17	136	1
17	137	1
17	138	1
17	139	1
17	140	1
17	141	1
17	142	1
17	143	1
17	144	1
17	145	1
17	146	1
17	147	1
17	148	1
17	149	1
17	150	1
17	151	1
17	152	1
17	153	1
17	154	1
17	155	1
17	156	1
17	157	1
17	158	1
17	159	1
17	160	1
17	161	1
18	94	1
18	95	1
18	96	1
18	97	1
18	98	1
18	99	1
18	100	1
18	101	1
18	102	1
18	103	1
18	104	1
18	105	1
18	106	1
18	107	1
18	108	1
18	109	1
18	110	1
18	111	1
18	112	1
18	113	1
18	114	1
18	115	1
18	116	1
18	117	1
18	118	1
18	119	1
18	120	1
18	121	1
18	122	1
18	123	1
18	124	1
18	125	1
18	126	1
18	127	1
18	128	1
18	129	1
18	130	1
18	131	1
18	132	1
18	133	1
18	134	1
18	135	1
18	136	1
18	137	1
18	138	1
18	139	1
18	140	1
18	141	1
18	142	1
18	143	1
18	144	1
18	145	1
18	146	1
18	147	1
18	148	1
18	149	1
18	150	1
18	151	1
18	152	1
18	153	1
18	154	1
18	155	1
18	156	1
18	157	1
18	158	1
18	159	1
18	160	1
18	161	1
19	93	1
19	94	1
19	95	1
19	96	1
19	97	1
19	98	1
19	99	1
19	100	1
19	101	1
19	102	1
19	103	1
19	104	1
19	105	1
19	106	1
19	107	1
19	108	1
19	109	1
19	110	1
19	111	1
19	112	1
19	113	1
19	114	1
19	115	1
19	116	1
19	117	1
19	118	1
19	119	1
19	120	1
19	121	1
19	122	1
19	123	1
19	124	1
19	125	1
19	126	1
19	127	1
19	128	1
19	129	1
19	130	1
19	131	1
19	132	1
19	133	1
19	134	1
19	135	1
19	136	1
19	137	1
19	138	1
19	139	1
19	140	1
19	141	1
19	142	1
19	143	1
19	144	1
19	145	1
19	146	1
19	147	1
19	148	1
19	149	1
19	150	1
19	151	1
19	152	1
19	153	1
19	154	1
19	155	1
19	156	1
19	157	1
19	158	1
19	159	1
19	160	1
19	161	1
20	92	1
20	93	1
20	94	1
20	95	1
20	96	1
20	97	1
20	98	1
20	99	1
20	100	1
20	101	1
20	102	1
20	103	1
20	104	1
20	105	1
20	106	1
20	107	1
20	108	1
20	109	1
20	110	1
20	111	1
20	112	1
20	113	1
20	114	1
20	115	1
20	116	1
20	117	1
20	118	1
20	119	1
20	120	1
20	121	1
20	122	1
20	123	1
20	124	1
20	125	1
20	126	1
20	127	1
20	128	1
20	129	1
20	130	1
20	131	1
20	132	1
20	133	1
20	134	1
20	135	1
20	136	1
20	137	1
20	138	1
20	139	1
20	140	1
20	141	1
20	142	1
20	143	1
20	144	1
20	145	1
20	146	1
20	147	1
20	148	1
20	149	1
20	150	1
20	151	1
20	152	1
20	153	1
20	154	1
20	155	1
20	156	1
20	157	1
20	158	1
20	159	1
20	160	1
20	161	1
21	91	1
21	92	1
21	93	1
21	94	1
21	95	1
21	96	1
21	97	1
21	98	1
21	99	1
21	100	1
21	101	1
21	102	1
21	103	1
21	104	1
21	105	1
21	106	1
21	107	1
21	108	1
21	109	1
21	110	1
21	111	1
21	112	1
21	113	1
21	114	1
21	115	1
21	116	1
21	117	1
21	118	1
21	119	1
21	120	1
21	121	1
21	122	1
21	123	1
21	124	1
21	125	1
21	126	1
21	127	1
21	128	1
21	129	1
21	130	1
21	131	1
21	132	1
21	133	1
21	134	1
21	135	1
21	136	1
21	137	1
21	138	1
21	139	1
21	140	1
21	141	1
21	142	1
21	143	1
21	144	1
21	145	1
21	146	1
21	147	1
21	148	1
21	149	1
21	150	1
21	151	1
21	152	1
21	153	1
21	154	1
21	155	1
21	156	1
21	157	1
21	158	1
21	159	1
21	160	1
21	161	1
22	91	1
22	92	1
22	93	1
22	94	1
22	95	1
22	96	1
22	97	1
22	98	1
22	99	1
22	100	1
22	101	1
22	102	1
22	103	1
22	104	1
22	105	1
22	106	1
22	107	1
22	108	1
22	109	1
22	110	1
22	111	1
22	112	1
22	113	1
22	114	1
22	115	1
22	116	1
22	117	1
22	118	1
22	119	1
22	120	1
22	121	1
22	122	1
22	123	1
22	124	1
22	125	1
22	126	1
22	127	1
22	128	1
22	129	1
22	130	1
22	131	1
22	132	1
22	133	1
22	134	1
22	135	1
22	136	1
22	137	1
22	138	1
22	139	1
22	140	1
22	141	1
22	142	1
22	143	1
22	144	1
22	145	1
22	146	1
22	147	1
22	148	1
22	149	1
22	150	1
22	151	1
22	152	1
22	153	1
22	154	1
22	155	1
22	156	1
22	157	1
22	158	1
22	159	1
22	160	1
22	161	1
23	90	1
23	91	1
23	92	1
23	93	1
23	94	1
23	95	1
23	96	1
23	97	1
23	98	1
23	99	1
23	100	1
23	101	1
23	102	1
23	103	1
23	104	1
23	105	1
23	106	1
23	107	1
23	108	1
23	109	1
23	110	1
23	111	1
23	112	1
23	113	1
23	114	1
23	115	1
23	116	1
23	117	1
23	118	1
23	119	1
23	120	1
23	121	1
23	122	1
23	123	1
23	124	1
23	125	1
23	126	1
23	127	1
23	128	1
23	129	1
23	130	1
23	131	1
23	132	1
23	133	1
23	134	1
23	135	1
23	136	1
23	137	1
23	138	1
23	139	1
23	140	1
23	141	1
23	142	1
23	143	1
23	144	1
23	145	1
23	146	1
23	147	1
23	148	1
23	149	1
23	150	1
23	151	1
23	152	1
23	153	1
23	154	1
23	155	1
23	156	1
23	157	1
23	158	1
23	159	1
23	160	1
23	161	1
24	89	1
24	90	1
24	91	1
24	92	1
24	93	1
24	94	1
24	95	1
24	96	1
24	97	1
24	98	1
24	99	1
24	100	1
24	101	1
24	102	1
24	103	1
24	104	1
24	105	1
24	106	1
24	107	1
24	108	1
24	109	1
24	110	1
24	111	1
24	112	1
24	113	1
24	114	1
24	115	1
24	116	1
24	117	1
24	118	1
24	119	1
24	120	1
24	121	1
24	122	1
24	123	1
24	124	1
24	125	1
24	126	1
24	127	1
24	128	1
24	129	1
24	130	1
24	131	1
24	132	1
24	133	1
24	134	1
24	135	1
24	136	1
24	137	1
24	138	1
24	139	1
24	140	1
24	141	1
24	142	1
24	143	1
24	144	1
24	145	1
24	146	1
24	147	1
24	148	1
24	149	1
24	150	1
24	151	1
24	152	1
24	153	1
24	154	1
24	155	1
24	156	1
24	157	1
24	158	1
24	159	1
24	160	1
24	161	1
25	89	1
25	90	1
25	91	1
25	92	1
25	93	1
25	94	1
25	95	1
25	96	1
25	97	1
25	98	1
25	99	1
25	100	1
25	101	1
25	102	1
25	103	1
25	104	1
25	105	1
25	106	1
25	107	1
25	108	1
25	109	1
25	110	1
25	111	1
25	112	1
25	113	1
25	114	1
25	115	1
25	116	1
25	117	1
25	118	1
25	119	1
25	120	1
25	121	1
25	122	1
25	123	1
25	124	1
25	125	1
25	126	1
25	127	1
25	128	1
25	129	1
25	130	1
25	131	1
25	132	1
25	133	1
25	134	1
25	135	1
25	136	1
25	137	1
25	138	1
25	139	1
25	140	1
25	141	1
25	142	1
25	143	1
25	144	1
25	145	1
25	146	1
25	147	1
25	148	1
25	149	1
25	150	1
25	151	1
25	152	1
25	153	1
25	154	1
25	155	1
25	156	1
25	157	1
25	158	1
25	159	1
25	160	1
25	161	1
26	88	1
26	89	1
26	90	1
26	91	1
26	92	1
26	93	1
26	94	1
26	95	1
26	96	1
26	97	1
26	98	1
26	99	1
26	100	1
26	101	1
26	102	1
26	103	1
26	104	1
26	105	1
26	106	1
26	107	1
26	108	1
26	109	1
26	110	1
26	111	1
26	112	1
26	113	1
26	114	1
26	115	1
26	116	1
26	117	1
26	118	1
26	119	1
26	120	1
26	121	1
26	122	1
26	123	1
26	124	1
26	125	1
26	126	1
26	127	1
26	128	1
26	129	1
26	130	1
26	131	1
26	132	1
26	133	1
26	134	1
26	135	1
26	136	1
26	137	1
26	138	1
26	139	1
26	140	1
26	141	1
26	142	1
26	143	1
26	144	1
26	145	1
26	146	1
26	147	1
26	148	1
26	149	1
26	150	1
26	151	1
26	152	1
26	153	1
26	154	1
26	155	1
26	156	1
26	157	1
26	158	1
26	159	1
26	160	1
26	161	1
27	87	1
27	88	1
27	89	1
27	90	1
27	91	1
27	92	1
27	93	1
27	94	1
27	95	1
27	96	1
27	97	1
27	98	1
27	99	1
27	100	1
27	101	1
27	102	1
27	103	1
27	104	1
27	105	1
27	106	1
27	107	1
27	108	1
27	109	1
27	110	1
27	111	1
27	112	1
27	113	1
27	114	1
27	115	1
27	116	1
27	117	1
27	118	1
27	119	1
27	120	1
27	121	1
27	122	1
27	123	1
27	124	1
27	125	1
27	126	1
27	127	1
27	128	1
27	129	1
27	130	1
27	131	1
27	132	1
27	133	1
27	134	1
27	135	1
27	136	1
27	137	1
27	138	1
27	139	1
27	140	1
27	141	1
27	142	1
27	143	1
27	144	1
27	145	1
27	146	1
27	147	1
27	148	1
27	149	1
27	150	1
27	151	1
27	152	1
27	153	1
27	154	1
27	155	1
27	156	1
27	157	1
27	158	1
27	159	1
27	160	1
27	161	1
28	87	1
28	88	1
28	89	1
28	90	1
28	91	1
28	92	1
28	93	1
28	94	1
28	95	1
28	96	1
28	97	1
28	98	1
28	99	1
28	100	1
28	101	1
28	102	1
28	103	1
28	104	1
28	105	1
28	106	1
28	107	1
28	108	1
28	109	1
28	110	1
28	111	1
28	112	1
28	113	1
28	114	1
28	115	1
28	116	1
28	117	1
28	118	1
28	119	1
28	120	1
28	121	1
28	122	1
28	123	1
28	124	1
28	125	1
28	126	1
28	127	1
28	128	1
28	129	1
28	130	1
28	131	1
28	132	1
28	133	1
28	134	1
28	135	1
28	136	1
28	137	1
28	138	1
28	139	1
28	140	1
28	141	1
28	142	1
28	143	1
28	144	1
28	145	1
28	146	1
28	147	1
28	148	1
28	149	1
28	150	1
28	151	1
28	152	1
28	153	1
28	154	1
28	155	1
28	156	1
28	157	1
28	158	1
28	159	1
28	160	1
28	161	1
29	86	1
29	87	1
29	88	1
29	89	1
29	90	1
29	91	1
29	92	1
29	93	1
29	94	1
29	95	1
29	96	1
29	97	1
29	98	1
29	99	1
29	100	1
29	101	1
29	102	1
29	103	1
29	104	1
29	105	1
29	106	1
29	107	1
29	108	1
29	109	1
29	110	1
29	111	1
29	112	1
29	113	1
29	114	1
29	115	1
29	116	1
29	117	1
29	118	1
29	119	1
29	120	1
29	121	1
29	122	1
29	123	1
29	124	1
29	125	1
29	126	1
29	127	1
29	128	1
29	129	1
29	130	1
29	131	1
29	132	1
29	133	1
29	134	1
29	135	1
29	136	1
29	137	1
29	138	1
29	139	1
29	140	1
29	141	1
29	142	1
29	143	1
29	144	1
29	145	1
29	146	1
29	147	1
29	148	1
29	149	1
29	150	1
29	151	1
29	152	1
29	153	1
29	154	1
29	155	1
29	156	1
29	157	1
29	158	1
29	159	1
29	160	1
29	161	1
30	86	1
30	87	1
30	88	1
30	89	1
30	90	1
30	91	1
30	92	1
30	93	1
30	94	1
30	95	1
30	96	1
30	97	1
30	98	1
30	99	1
30	100	1
30	101	1
30	102	1
30	103	1
30	104	1
30	105	1
30	106	1
30	107	1
30	108	1
30	109	1
30	110	1
30	111	1
30	112	1
30	113	1
30	114	1
30	115	1
30	116	1
30	117	1
30	118	1
30	119	1
30	120	1
30	121	1
30	122	1
30	123	1
30	124	1
30	125	1
30	126	1
30	127	1
30	128	1
30	129	1
30	130	1
30	131	1
30	132	1
30	133	1
30	134	1
30	135	1
30	136	1
30	137	1
30	138	1
30	139	1
30	140	1
30	141	1
30	142	1
30	143	1
30	144	1
30	145	1
30	146	1
30	147	1
30	148	1
30	149	1
30	150	1
30	151	1
30	152	1
30	153	1
30	154	1
30	155	1
30	156	1
30	157	1
30	158	1
30	159	1
30	160	1
30	161	1
31	85	1
31	86	1
31	87	1
31	88	1
31	89	1
31	90	1
31	91	1
31	92	1
31	93	1
31	94	1
31	95	1
31	96	1
31	97	1
31	98	1
31	99	1
31	100	1
31	101	1
31	102	1
31	103	1
31	104	1
31	105	1
31	106	1
31	107	1
31	108	1
31	109	1
31	110	1
31	111	1
31	112	1
31	113	1
31	114	1
31	115	1
31	116	1
31	117	1
31	118	1
31	119	1
31	120	1
31	121	1
31	122	1
31	123	1
31	124	1
31	125	1
31	126	1
31	127	1
31	128	1
31	129	1
31	130	1
31	131	1
31	132	1
31	133	1
31	134	1
31	135	1
31	136	1
31	137	1
31	138	1
31	139	1
31	140	1
31	141	1
31	142	1
31	143	1
31	144	1
31	145	1
31	146	1
31	147	1
31	148	1
31	149	1
31	150	1
31	151	1
31	152	1
31	153	1
31	154	1
31	155	1
31	156	1
31	157	1
31	158	1
31	159	1
31	160	1
31	161	1
32	85	1
32	86	1
32	87	1
32	88	1
32	89	1
32	90	1
32	91	1
32	92	1
32	93	1
32	94	1
32	95	1
32	96	1
32	97	1
32	98	1
32	99	1
32	100	1
32	101	1
32	102	1
32	103	1
32	104	1
32	105	1
32	106	1
32	107	1
32	108	1
32	109	1
32	110	1
32	111	1
32	112	1
32	113	1
32	114	1
32	115	1
32	116	1
32	117	1
32	118	1
32	119	1
32	120	1
32	121	1
32	122	1
32	123	1
32	124	1
32	125	1
32	126	1
32	127	1
32	128	1
32	129	1
32	130	1
32	131	1
32	132	1
32	133	1
32	134	1
32	135	1
32	136	1
32	137	1
32	138	1
32	139	1
32	140	1
32	141	1
32	142	1
32	143	1
32	144	1
32	145	1
32	146	1
32	147	1
32	148	1
32	149	1
32	150	1
32	151	1
32	152	1
32	153	1
32	154	1
32	155	1
32	156	1
32	157	1
32	158	1
32	159	1
32	160	1
32	161	1
33	84	1
33	85	1
33	86	1
33	87	1
33	88	1
33	89	1
33	90	1
33	91	1
33	92	1
33	93	1
33	94	1
33	95	1
33	96	1
33	97	1
33	98	1
33	99	1
33	100	1
33	101	1
33	102	1
33	103	1
33	104	1
33	105	1
33	106	1
33	107	1
33	108	1
33	109	1
33	110	1
33	111	1
33	112	1
33	113	1
33	114	1
33	115	1
33	116	1
33	117	1
33	118	1
33	119	1
33	120	1
33	121	1
33	122	1
33	123	1
33	124	1
33	125	1
33	126	1
33	127	1
33	128	1
33	129	1
33	130	1
33	131	1
33	132	1
33	133	1
33	134	1
33	135	1
33	136	1
33	137	1
33	138	1
33	139	1
33	140	1
33	141	1
33	142	1
33	143	1
33	144	1
33	145	1
33	146	1
33	147	1
33	148	1
33	149	1
33	150	1
33	151	1
33	152	1
33	153	1
33	154	1
33	155	1
33	156	1
33	157	1
33	158	1
33	159	1
33	160	1
33	161	1
34	84	1
34	85	1
34	86	1
34	87	1
34	88	1
34	89	1
34	90	1
34	91	1
34	92	1
34	93	1
34	94	1
34	95	1
34	96	1
34	97	1
34	98	1
34	99	1
34	100	1
34	101	1
34	102	1
34	103	1
34	104	1
34	105	1
34	106	1
34	107	1
34	108	1
34	109	1
34	110	1
34	111	1
34	112	1
34	113	1
34	114	1
34	115	1
34	116	1
34	117	1
34	118	1
34	119	1
34	120	1
34	121	1
34	122	1
34	123	1
34	124	1
34	125	1
34	126	1
34	127	1
34	128	1
34	129	1
34	130	1
34	131	1
34	132	1
34	133	1
34	134	1
34	135	1
34	136	1
34	137	1
34	138	1
34	139	1
34	140	1
34	141	1
34	142	1
34	143	1
34	144	1
34	145	1
34	146	1
34	147	1
34	148	1
34	149	1
34	150	1
34	151	1
34	152	1
34	153	1
34	154	1
34	155	1
34	156	1
34	157	1
34	158	1
34	159	1
34	160	1
34	161	1
35	83	1
35	84	1
35	85	1
35	86	1
35	87	1
35	88	1
35	89	1
35	90	1
35	91	1
35	92	1
35	93	1
35	94	1
35	95	1
35	96	1
35	97	1
35	98	1
35	99	1
35	100	1
35	101	1
35	102	1
35	103	1
35	104	1
35	105	1
35	106	1
35	107	1
35	108	1
35	109	1
35	110	1
35	111	1
35	112	1
35	113	1
35	114	1
35	115	1
35	116	1
35	117	1
35	118	1
35	119	1
35	120	1
35	121	1
35	122	1
35	123	1
35	124	1
35	125	1
35	126	1
35	127	1
35	128	1
35	129	1
35	130	1
35	131	1
35	132	1
35	133	1
35	134	1
35	135	1
35	136	1
35	137	1
35	138	1
35	139	1
35	140	1
35	141	1
35	142	1
35	143	1
35	144	1
35	145	1
35	146	1
35	147	1
35	148	1
35	149	1
35	150	1
35	151	1
35	152	1
35	153	1
35	154	1
35	155	1
35	156	1
35	157	1
35	158	1
35	159	1
35	160	1
35	161	1
36	83	1
36	84	1
36	85	1
36	86	1
36	87	1
36	88	1
36	89	1
36	90	1
36	91	1
36	92	1
36	93	1
36	94	1
36	95	1
36	96	1
36	97	1
36	98	1
36	99	1
36	100	1
36	101	1
36	102	1
36	103	1
36	104	1
36	105	1
36	106	1
36	107	1
36	108	1
36	109	1
36	110	1
36	111	1
36	112	1
36	113	1
36	114	1
36	115	1
36	116	1
36	117	1
36	118	1
36	119	1
36	120	1
36	121	1
36	122	1
36	123	1
36	124	1
36	125	1
36	126	1
36	127	1
36	128	1
36	129	1
36	130	1
36	131	1
36	132	1
36	133	1
36	134	1
36	135	1
36	136	1
36	137	1
36	138	1
36	139	1
36	140	1
36	141	1
36	142	1
36	143	1
36	144	1
36	145	1
36	146	1
36	147	1
36	148	1
36	149	1
36	150	1
36	151	1
36	152	1
36	153	1
36	154	1
36	155	1
36	156	1
36	157	1
36	158	1
36	159	1
36	160	1
36	161	1
37	82	1
37	83	1
37	84	1
37	85	1
37	86	1
37	87	1
37	88	1
37	89	1
37	90	1
37	91	1
37	92	1
37	93	1
37	94	1
37	95	1
37	96	1
37	97	1
37	98	1
37	99	1
37	100	1
37	101	1
37	102	1
37	103	1
37	104	1
37	105	1
37	106	1
37	107	1
37	108	1
37	109	1
37	110	1
37	111	1
37	112	1
37	113	1
37	114	1
37	115	1
37	116	1
37	117	1
37	118	1
37	119	1
37	120	1
37	121	1
37	122	1
37	123	1
37	124	1
37	125	1
37	126	1
37	127	1
37	128	1
37	129	1
37	130	1
37	131	1
37	132	1
37	133	1
37	134	1
37	135	1
37	136	1
37	137	1
37	138	1
37	139	1
37	140	1
37	141	1
37	142	1
37	143	1
37	144	1
37	145	1
37	146	1
37	147	1
37	148	1
37	149	1
37	150	1
37	151	1
37	152	1
37	153	1
37	154	1
37	155	1
37	156	1
37	157	1
37	158	1
37	159	1
37	160	1
37	161	1
38	82	1
38	83	1
38	84	1
38	85	1
38	86	1
38	87	1
38	88	1
38	89	1
38	90	1
38	91	1
38	92	1
38	93	1
38	94	1
38	95	1
38	96	1
38	97	1
38	98	1
38	99	1
38	100	1
38	101	1
38	102	1
38	103	1
38	104	1
38	105	1
38	106	1
38	107	1
38	108	1
38	109	1
38	110	1
38	111	1
38	112	1
38	113	1
38	114	1
38	115	1
38	116	1
38	117	1
38	118	1
38	119	1
38	120	1
38	121	1
38	122	1
38	123	1
38	124	1
38	125	1
38	126	1
38	127	1
38	128	1
38	129	1
38	130	1
38	131	1
38	132	1
38	133	1
38	134	1
38	135	1
38	136	1
38	137	1
38	138	1
38	139	1
38	140	1
38	141	1
38	142	1
38	143	1
38	144	1
38	145	1
38	146	1
38	147	1
38	148	1
38	149	1
38	150	1
38	151	1
38	152	1
38	153	1
38	154	1
38	155	1
38	156	1
38	157	1
38	158	1
38	159	1
38	160	1
38	161	1
39	81	1
39	82	1
39	83	1
39	84	1
39	85	1
39	86	1
39	87	1
39	88	1
39	89	1
39	90	1
39	91	1
39	92	1
39	93	1
39	94	1
39	95	1
39	96	1
39	97	1
39	98	1
39	99	1
39	100	1
39	101	1
39	102	1
39	103	1
39	104	1
39	105	1
39	106	1
39	107	1
39	108	1
39	109	1
39	110	1
39	111	1
39	112	1
39	113	1
39	114	1
39	115	1
39	116	1
39	117	1
39	118	1
39	119	1
39	120	1
39	121	1
39	122	1
39	123	1
39	124	1
39	125	1
39	126	1
39	127	1
39	128	1
39	129	1
39	130	1
39	131	1
39	132	1
39	133	1
39	134	1
39	135	1
39	136	1
39	137	1
39	138	1
39	139	1
39	140	1
39	141	1
39	142	1
39	143	1
39	144	1
39	145	1
39	146	1
39	147	1
39	148	1
39	149	1
39	150	1
39	151	1
39	152	1
39	153	1
39	154	1
39	155	1
39	156	1
39	157	1
39	158	1
39	159	1
39	160	1
39	161	1
40	81	1
40	82	1
40	83	1
40	84	1
40	85	1
40	86	1
40	87	1
40	88	1
40	89	1
40	90	1
40	91	1
40	92	1
40	93	1
40	94	1
40	95	1
40	96	1
40	97	1
40	98	1
40	99	1
40	100	1
40	101	1
40	102	1
40	103	1
40	104	1
40	105	1
40	106	1
40	107	1
40	108	1
40	109	1
40	110	1
40	111	1
40	112	1
40	113	1
40	114	1
40	115	1
40	116	1
40	117	1
40	118	1
40	119	1
40	120	1
40	121	1
40	122	1
40	123	1
40	124	1
40	125	1
40	126	1
40	127	1
40	128	1
40	129	1
40	130	1
40	131	1
40	132	1
40	133	1
40	134	1
40	135	1
40	136	1
40	137	1
40	138	1
40	139	1
40	140	1
40	141	1
40	142	1
40	143	1
40	144	1
40	145	1
40	146	1
40	147	1
40	148	1
40	149	1
40	150	1
40	151	1
40	152	1
40	153	1
40	154	1
40	155	1
40	156	1
40	157	1
40	158	1
40	159	1
40	160	1
40	161	1
41	81	1
41	82	1
41	83	1
41	84	1
41	85	1
41	86	1
41	87	1
41	88	1
41	89	1
41	90	1
41	91	1
41	92	1
41	93	1
41	94	1
41	95	1
41	96	1
41	97	1
41	98	1
41	99	1
41	100	1
41	101	1
41	102	1
41	103	1
41	104	1
41	105	1
41	106	1
41	107	1
41	108	1
41	109	1
41	110	1
41	111	1
41	112	1
41	113	1
41	114	1
41	115	1
41	116	1
41	117	1
41	118	1
41	119	1
41	120	1
41	121	1
41	122	1
41	123	1
41	124	1
41	125	1
41	126	1
41	127	1
41	128	1
41	129	1
41	130	1
41	131	1
41	132	1
41	133	1
41	134	1
41	135	1
41	136	1
41	137	1
41	138	1
41	139	1
41	140	1
41	141	1
41	142	1
41	143	1
41	144	1
41	145	1
41	146	1
41	147	1
41	148	1
41	149	1
41	150	1
41	151	1
41	152	1
41	153	1
41	154	1
41	155	1
41	156	1
41	157	1
41	158	1
41	159	1
41	160	1
41	161	1
42	80	1
42	81	1
42	82	1
42	83	1
42	84	1
42	85	1
42	86	1
42	87	1
42	88	1
42	89	1
42	90	1
42	91	1
42	92	1
42	93	1
42	94	1
42	95	1
42	96	1
42	97	1
42	98	1
42	99	1
42	100	1
42	101	1
42	102	1
42	103	1
42	104	1
42	105	1
42	106	1
42	107	1
42	108	1
42	109	1
42	110	1
42	111	1
42	112	1
42	113	1
42	114	1
42	115	1
42	116	1
42	117	1
42	118	1
42	119	1
42	120	1
42	121	1
42	122	1
42	123	1
42	124	1
42	125	1
42	126	1
42	127	1
42	128	1
42	129	1
42	130	1
42	131	1
42	132	1
42	133	1
42	134	1
42	135	1
42	136	1
42	137	1
42	138	1
42	139	1
42	140	1
42	141	1
42	142	1
42	143	1
42	144	1
42	145	1
42	146	1
42	147	1
42	148	1
42	149	1
42	150	1
42	151	1
42	152	1
42	153	1
42	154	1
42	155	1
42	156	1
42	157	1
42	158	1
42	159	1
42	160	1
42	161	1
43	80	1
43	81	1
43	82	1
43	83	1
43	84	1
43	85	1
43	86	1
43	87	1
43	88	1
43	89	1
43	90	1
43	91	1
43	92	1
43	93	1
43	94	1
43	95	1
43	96	1
43	97	1
43	98	1
43	99	1
43	100	1
43	101	1
43	102	1
43	103	1
43	104	1
43	105	1
43	106	1
43	107	1
43	108	1
43	109	1
43	110	1
43	111	1
43	112	1
43	113	1
43	114	1
43	115	1
43	116	1
43	117	1
43	118	1
43	119	1
43	120	1
43	121	1
43	122	1
43	123	1
43	124	1
43	125	1
43	126	1
43	127	1
43	128	1
43	129	1
43	130	1
43	131	1
43	132	1
43	133	1
43	134	1
43	135	1
43	136	1
43	137	1
43	138	1
43	139	1
43	140	1
43	141	1
43	142	1
43	143	1
43	144	1
43	145	1
43	146	1
43	147	1
43	148	1
43	149	1
43	150	1
43	151	1
43	152	1
43	153	1
43	154	1
43	155	1
43	156	1
43	157	1
43	158	1
43	159	1
43	160	1
43	161	1
44	80	1
44	81	1
44	82	1
44	83	1
44	84	1
44	85	1
44	86	1
44	87	1
44	88	1
44	89	1
44	90	1
44	91	1
44	92	1
44	93	1
44	94	1
44	95	1
44	96	1
44	97	1
44	98	1
44	99	1
44	100	1
44	101	1
44	102	1
44	103	1
44	104	1
44	105	1
44	106	1
44	107	1
44	108	1
44	109	1
44	110	1
44	111	1
44	112	1
44	113	1
44	114	1
44	115	1
44	116	1
44	117	1
44	118	1
44	119	1
44	120	1
44	121	1
44	122	1
44	123	1
44	124	1
44	125	1
44	126	1
44	127	1
44	128	1
44	129	1
44	130	1
44	131	1
44	132	1
44	133	1
44	134	1
44	135	1
44	136	1
44	137	1
44	138	1
44	139	1
44	140	1
44	141	1
44	142	1
44	143	1
44	144	1
44	145	1
44	146	1
44	147	1
44	148	1
44	149	1
44	150	1
44	151	1
44	152	1
44	153	1
44	154	1
44	155	1
44	156	1
44	157	1
44	158	1
44	159	1
44	160	1
44	161	1
45	79	1
45	80	1
45	81	1
45	82	1
45	83	1
45	84	1
45	85	1
45	86	1
45	87	1
45	88	1
45	89	1
45	90	1
45	91	1
45	92	1
45	93	1
45	94	1
45	95	1
45	96	1
45	97	1
45	98	1
45	99	1
45	100	1
45	101	1
45	102	1
45	103	1
45	104	1
45	105	1
45	106	1
45	107	1
45	108	1
45	109	1
45	110	1
45	111	1
45	112	1
45	113	1
45	114	1
45	115	1
45	116	1
45	117	1
45	118	1
45	119	1
45	120	1
45	121	1
45	122	1
45	123	1
45	124	1
45	125	1
45	126	1
45	127	1
45	128	1
45	129	1
45	130	1
45	131	1
45	132	1
45	133	1
45	134	1
45	135	1
45	136	1
45	137	1
45	138	1
45	139	1
45	140	1
45	141	1
45	142	1
45	143	1
45	144	1
45	145	1
45	146	1
45	147	1
45	148	1
45	149	1
45	150	1
45	151	1
45	152	1
45	153	1
45	154	1
45	155	1
45	156	1
45	157	1
45	158	1
45	159	1
45	160	1
45	161	1
46	79	1
46	80	1
46	81	1
46	82	1
46	83	1
46	84	1
46	85	1
46	86	1
46	87	1
46	88	1
46	89	1
46	90	1
46	91	1
46	92	1
46	93	1
46	94	1
46	95	1
46	96	1
46	97	1
46	98	1
46	99	1
46	100	1
46	101	1
46	102	1
46	103	1
46	104	1
46	105	1
46	106	1
46	107	1
46	108	1
46	109	1
46	110	1
46	111	1
46	112	1
46	113	1
46	114	1
46	115	1
46	116	1
46	117	1
46	118	1
46	119	1
46	120	1
46	121	1
46	122	1
46	123	1
46	124	1
46	125	1
46	126	1
46	127	1
46	128	1
46	129	1
46	130	1
46	131	1
46	132	1
46	133	1
46	134	1
46	135	1
46	136	1
46	137	1
46	138	1
46	139	1
46	140	1
46	141	1
46	142	1
46	143	1
46	144	1
46	145	1
46	146	1
46	147	1
46	148	1
46	149	1
46	150	1
46	151	1
46	152	1
46	153	1
46	154	1
46	155	1
46	156	1
46	157	1
46	158	1
46	159	1
46	160	1
46	161	1
47	79	1
47	80	1
47	81	1
47	82	1
47	83	1
47	84	1
47	85	1
47	86	1
47	87	1
47	88	1
47	89	1
47	90	1
47	91	1
47	92	1
47	93	1
47	94	1
47	95	1
47	96	1
47	97	1
47	98	1
47	99	1
47	100	1
47	101	1
47	102	1
47	103	1
47	104	1
47	105	1
47	106	1
47	107	1
47	108	1
47	109	1
47	110	1
47	111	1
47	112	1
47	113	1
47	114	1
47	115	1
47	116	1
47	117	1
47	118	1
47	119	1
47	120	1
47	121	1
47	122	1
47	123	1
47	124	1
47	125	1
47	126	1
47	127	1
47	128	1
47	129	1
47	130	1
47	131	1
47	132	1
47	133	1
47	134	1
47	135	1
47	136	1
47	137	1
47	138	1
47	139	1
47	140	1
47	141	1
47	142	1
47	143	1
47	144	1
47	145	1
47	146	1
47	147	1
47	148	1
47	149	1
47	150	1
47	151	1
47	152	1
47	153	1
47	154	1
47	155	1
47	156	1
47	157	1
47	158	1
47	159	1
47	160	1
47	161	1
48	78	1
48	79	1
48	80	1
48	81	1
48	82	1
48	83	1
48	84	1
48	85	1
48	86	1
48	87	1
48	88	1
48	89	1
48	90	1
48	91	1
48	92	1
48	93	1
48	94	1
48	95	1
48	96	1
48	97	1
48	98	1
48	99	1
48	100	1
48	101	1
48	102	1
48	103	1
48	104	1
48	105	1
48	106	1
48	107	1
48	108	1
48	109	1
48	110	1
48	111	1
48	112	1
48	113	1
48	114	1
48	115	1
48	116	1
48	117	1
48	118	1
48	119	1
48	120	1
48	121	1
48	122	1
48	123	1
48	124	1
48	125	1
48	126	1
48	127	1
48	128	1
48	129	1
48	130	1
48	131	1
48	132	1
48	133	1
48	134	1
48	135	1
48	136	1
48	137	1
48	138	1
48	139	1
48	140	1
48	141	1
48	142	1
48	143	1
48	144	1
48	145	1
48	146	1
48	147	1
48	148	1
48	149	1
48	150	1
48	151	1
48	152	1
48	153	1
48	154	1
48	155	1
48	156	1
48	157	1
48	158	1
48	159	1
48	160	1
48	161	1
49	78	1
49	79	1
49	80	1
49	81	1
49	82	1
49	83	1
49	84	1
49	85	1
49	86	1
49	87	1
49	88	1
49	89	1
49	90	1
49	91	1
49	92	1
49	93	1
49	94	1
49	95	1
49	96	1
49	97	1
49	98	1
49	99	1
49	100	1
49	101	1
49	102	1
49	103	1
49	104	1
49	105	1
49	106	1
49	107	1
49	108	1
49	109	1
49	110	1
49	111	1
49	112	1
49	113	1
49	114	1
49	115	1
49	116	1
49	117	1
49	118	1
49	119	1
49	120	1
49	121	1
49	122	1
49	123	1
49	124	1
49	125	1
49	126	1
49	127	1
49	128	1
49	129	1
49	130	1
49	131	1
49	132	1
49	133	1
49	134	1
49	135	1
49	136	1
49	137	1
49	138	1
49	139	1
49	140	1
49	141	1
49	142	1
49	143	1
49	144	1
49	145	1
49	146	1
49	147	1
49	148	1
49	149	1
49	150	1
49	151	1
49	152	1
49	153	1
49	154	1
49	155	1
49	156	1
49	157	1
49	158	1
49	159	1
49	160	1
49	161	1
50	78	1
50	79	1
50	80	1
50	81	1
50	82	1
50	83	1
50	84	1
50	85	1
50	86	1
50	87	1
50	88	1
50	89	1
50	90	1
50	91	1
50	92	1
50	93	1
50	94	1
50	95	1
50	96	1
50	97	1
50	98	1
50	99	1
50	100	1
50	101	1
50	102	1
50	103	1
50	104	1
50	105	1
50	106	1
50	107	1
50	108	1
50	109	1
50	110	1
50	111	1
50	112	1
50	113	1
50	114	1
50	115	1
50	116	1
50	117	1
50	118	1
50	119	1
50	120	1
50	121	1
50	122	1
50	123	1
50	124	1
50	125	1
50	126	1
50	127	1
50	128	1
50	129	1
50	130	1
50	131	1
50	132	1
50	133	1
50	134	1
50	135	1
50	136	1
50	137	1
50	138	1
50	139	1
50	140	1
50	141	1
50	142	1
50	143	1
50	144	1
50	145	1
50	146	1
50	147	1
50	148	1
50	149	1
50	150	1
50	151	1
50	152	1
50	153	1
50	154	1
50	155	1
50	156	1
50	157	1
50	158	1
50	159	1
50	160	1
50	161	1
51	78	1
51	79	1
51	80	1
51	81	1
51	82	1
51	83	1
51	84	1
51	85	1
51	86	1
51	87	1
51	88	1
51	89	1
51	90	1
51	91	1
51	92	1
51	93	1
51	94	1
51	95	1
51	96	1
51	97	1
51	98	1
51	99	1
51	100	1
51	101	1
51	102	1
51	103	1
51	104	1
51	105	1
51	106	1
51	107	1
51	108	1
51	109	1
51	110	1
51	111	1
51	112	1
51	113	1
51	114	1
51	115	1
51	116	1
51	117	1
51	118	1
51	119	1
51	120	1
51	121	1
51	122	1
51	123	1
51	124	1
51	125	1
51	126	1
51	127	1
51	128	1
51	129	1
51	130	1
51	131	1
51	132	1
51	133	1
51	134	1
51	135	1
51	136	1
51	137	1
51	138	1
51	139	1
51	140	1
51	141	1
51	142	1
51	143	1
51	144	1
51	145	1
51	146	1
51	147	1
51	148	1
51	149	1
51	150	1
51	151	1
51	152	1
51	153	1
51	154	1
51	155	1
51	156	1
51	157	1
51	158	1
51	159	1
51	160	1
51	161	1
52	77	1
52	78	1
52	79	1
52	80	1
52	81	1
52	82	1
52	83	1
52	84	1
52	85	1
52	86	1
52	87	1
52	88	1
52	89	1
52	90	1
52	91	1
52	92	1
52	93	1
52	94	1
52	95	1
52	96	1
52	97	1
52	98	1
52	99	1
52	100	1
52	101	1
52	102	1
52	103	1
52	104	1
52	105	1
52	106	1
52	107	1
52	108	1
52	109	1
52	110	1
52	111	1
52	112	1
52	113	1
52	114	1
52	115	1
52	116	1
52	117	1
52	118	1
52	119	1
52	120	1
52	121	1
52	122	1
52	123	1
52	124	1
52	125	1
52	126	1
52	127	1
52	128	1
52	129	1
52	130	1
52	131	1
52	132	1
52	133	1
52	134	1
52	135	1
52	136	1
52	137	1
52	138	1
52	139	1
52	140	1
52	141	1
52	142	1
52	143	1
52	144	1
52	145	1
52	146	1
52	147	1
52	148	1
52	149	1
52	150	1
52	151	1
52	152	1
52	153	1
52	154	1
52	155	1
52	156	1
52	157	1
52	158	1
52	159	1
52	160	1
52	161	1
53	77	1
53	78	1
53	79	1
53	80	1
53	81	1
53	82	1
53	83	1
53	84	1
53	85	1
53	86	1
53	87	1
53	88	1
53	89	1
53	90	1
53	91	1
53	92	1
53	93	1
53	94	1
53	95	1
53	96	1
53	97	1
53	98	1
53	99	1
53	100	1
53	101	1
53	102	1
53	103	1
53	104	1
53	105	1
53	106	1
53	107	1
53	108	1
53	109	1
53	110	1
53	111	1
53	112	1
53	113	1
53	114	1
53	115	1
53	116	1
53	117	1
53	118	1
53	119	1
53	120	1
53	121	1
53	122	1
53	123	1
53	124	1
53	125	1
53	126	1
53	127	1
53	128	1
53	129	1
53	130	1
53	131	1
53	132	1
53	133	1
53	134	1
53	135	1
53	136	1
53	137	1
53	138	1
53	139	1
53	140	1
53	141	1
53	142	1
53	143	1
53	144	1
53	145	1
53	146	1
53	147	1
53	148	1
53	149	1
53	150	1
53	151	1
53	152	1
53	153	1
53	154	1
53	155	1
53	156	1
53	157	1
53	158	1
53	159	1
53	160	1
53	161	1
54	77	1
54	78	1
54	79	1
54	80	1
54	81	1
54	82	1
54	83	1
54	84	1
54	85	1
54	86	1
54	87	1
54	88	1
54	89	1
54	90	1
54	91	1
54	92	1
54	93	1
54	94	1
54	95	1
54	96	1
54	97	1
54	98	1
54	99	1
54	100	1
54	101	1
54	102	1
54	103	1
54	104	1
54	105	1
54	106	1
54	107	1
54	108	1
54	109	1
54	110	1
54	111	1
54	112	1
54	113	1
54	114	1
54	115	1
54	116	1
54	117	1
54	118	1
54	119	1
54	120	1
54	121	1
54	122	1
54	123	1
54	124	1
54	125	1
54	126	1
54	127	1
54	128	1
54	129	1
54	130	1
54	131	1
54	132	1
54	133	1
54	134	1
54	135	1
54	136	1
54	137	1
54	138	1
54	139	1
54	140	1
54	141	1
54	142	1
54	143	1
54	144	1
54	145	1
54	146	1
54	147	1
54	148	1
54	149	1
54	150	1
54	151	1
54	152	1
54	153	1
54	154	1
54	155	1
54	156	1
54	157	1
54	158	1
54	159	1
54	160	1
54	161	1
55	77	1
55	78	1
55	79	1
55	80	1
55	81	1
55	82	1
55	83	1
55	84	1
55	85	1
55	86	1
55	87	1
55	88	1
55	89	1
55	90	1
55	91	1
55	92	1
55	93	1
55	94	1
55	95	1
55	96	1
55	97	1
55	98	1
55	99	1
55	100	1
55	101	1
55	102	1
55	103	1
55	104	1
55	105	1
55	106	1
55	107	1
55	108	1
55	109	1
55	110	1
55	111	1
55	112	1
55	113	1
55	114	1
55	115	1
55	116	1
55	117	1
55	118	1
55	119	1
55	120	1
55	121	1
55	122	1
55	123	1
55	124	1
55	125	1
55	126	1
55	127	1
55	128	1
55	129	1
55	130	1
55	131	1
55	132	1
55	133	1
55	134	1
55	135	1
55	136	1
55	137	1
55	138	1
55	139	1
55	140	1
55	141	1
55	142	1
55	143	1
55	144	1
55	145	1
55	146	1
55	147	1
55	148	1
55	149	1
55	150	1
55	151	1
55	152	1
55	153	1
55	154	1
55	155	1
55	156	1
55	157	1
55	158	1
55	159	1
55	160	1
55	161	1
56	77	1
56	78	1
56	79	1
56	80	1
56	81	1
56	82	1
56	83	1
56	84	1
56	85	1
56	86	1
56	87	1
56	88	1
56	89	1
56	90	1
56	91	1
56	92	1
56	93	1
56	94	1
56	95	1
56	96	1
56	97	1
56	98	1
56	99	1
56	100	1
56	101	1
56	102	1
56	103	1
56	104	1
56	105	1
56	106	1
56	107	1
56	108	1
56	109	1
56	110	1
56	111	1
56	112	1
56	113	1
56	114	1
56	115	1
56	116	1
56	117	1
56	118	1
56	119	1
56	120	1
56	121	1
56	122	1
56	123	1
56	124	1
56	125	1
56	126	1
56	127	1
56	128	1
56	129	1
56	130	1
56	131	1
56	132	1
56	133	1
56	134	1
56	135	1
56	136	1
56	137	1
56	138	1
56	139	1
56	140	1
56	141	1
56	142	1
56	143	1
56	144	1
56	145	1
56	146	1
56	147	1
56	148	1
56	149	1
56	150	1
56	151	1
56	152	1
56	153	1
56	154	1
56	155	1
56	156	1
56	157	1
56	158	1
56	159	1
56	160	1
56	161	1
57	76	1
57	77	1
57	78	1
57	79	1
57	80	1
57	81	1
57	82	1
57	83	1
57	84	1
57	85	1
57	86	1
57	87	1
57	88	1
57	89	1
57	90	1
57	91	1
57	92	1
57	93	1
57	94	1
57	95	1
57	96	1
57	97	1
57	98	1
57	99	1
57	100	1
57	101	1
57	102	1
57	103	1
57	104	1
57	105	1
57	106	1
57	107	1
57	108	1
57	109	1
57	110	1
57	111	1
57	112	1
57	113	1
57	114	1
57	115	1
57	116	1
57	117	1
57	118	1
57	119	1
57	120	1
57	121	1
57	122	1
57	123	1
57	124	1
57	125	1
57	126	1
57	127	1
57	128	1
57	129	1
57	130	1
57	131	1
57	132	1
57	133	1
57	134	1
57	135	1
57	136	1
57	137	1
57	138	1
57	139	1
57	140	1
57	141	1
57	142	1
57	143	1
57	144	1
57	145	1
57	146	1
57	147	1
57	148	1
57	149	1
57	150	1
57	151	1
57	152	1
57	153	1
57	154	1
57	155	1
57	156	1
57	157	1
57	158	1
57	159	1
57	160	1
57	161	1
58	76	1
58	77	1
58	78	1
58	79	1
58	80	1
58	81	1
58	82	1
58	83	1
58	84	1
58	85	1
58	86	1
58	87	1
58	88	1
58	89	1
58	90	1
58	91	1
58	92	1
58	93	1
58	94	1
58	95	1
58	96	1
58	97	1
58	98	1
58	99	1
58	100	1
58	101	1
58	102	1
58	103	1
58	104	1
58	105	1
58	106	1
58	107	1
58	108	1
58	109	1
58	110	1
58	111	1
58	112	1
58	113	1
58	114	1
58	115	1
58	116	1
58	117	1
58	118	1
58	119	1
58	120	1
58	121	1
58	122	1
58	123	1
58	124	1
58	125	1
58	126	1
58	127	1
58	128	1
58	129	1
58	130	1
58	131	1
58	132	1
58	133	1
58	134	1
58	135	1
58	136	1
58	137	1
58	138	1
58	139	1
58	140	1
58	141	1
58	142	1
58	143	1
58	144	1
58	145	1
58	146	1
58	147	1
58	148	1
58	149	1
58	150	1
58	151	1
58	152	1
58	153	1
58	154	1
58	155	1
58	156	1
58	157	1
58	158	1
58	159	1
58	160	1
58	161	1
59	76	1
59	77	1
59	78	1
59	79	1
59	80	1
59	81	1
59	82	1
59	83	1
59	84	1
59	85	1
59	86	1
59	87	1
59	88	1
59	89	1
59	90	1
59	91	1
59	92	1
59	93	1
59	94	1
59	95	1
59	96	1
59	97	1
59	98	1
59	99	1
59	100	1
59	101	1
59	102	1
59	103	1
59	104	1
59	105	1
59	106	1
59	107	1
59	108	1
59	109	1
59	110	1
59	111	1
59	112	1
59	113	1
59	114	1
59	115	1
59	116	1
59	117	1
59	118	1
59	119	1
59	120	1
59	121	1
59	122	1
59	123	1
59	124	1
59	125	1
59	126	1
59	127	1
59	128	1
59	129	1
59	130	1
59	131	1
59	132	1
59	133	1
59	134	1
59	135	1
59	136	1
59	137	1
59	138	1
59	139	1
59	140	1
59	141	1
59	142	1
59	143	1
59	144	1
59	145	1
59	146	1
59	147	1
59	148	1
59	149	1
59	150	1
59	151	1
59	152	1
59	153	1
59	154	1
59	155	1
59	156	1
59	157	1
59	158	1
59	159	1
59	160	1
59	161	1
60	76	1
60	77	1
60	78	1
60	79	1
60	80	1
60	81	1
60	82	1
60	83	1
60	84	1
60	85	1
60	86	1
60	87	1
60	88	1
60	89	1
60	90	1
60	91	1
60	92	1
60	93	1
60	94	1
60	95	1
60	96	1
60	97	1
60	98	1
60	99	1
60	100	1
60	101	1
60	102	1
60	103	1
60	104	1
60	105	1
60	106	1
60	107	1
60	108	1
60	109	1
60	110	1
60	111	1
60	112	1
60	113	1
60	114	1
60	115	1
60	116	1
60	117	1
60	118	1
60	119	1
60	120	1
60	121	1
60	122	1
60	123	1
60	124	1
60	125	1
60	126	1
60	127	1
60	128	1
60	129	1
60	130	1
60	131	1
60	132	1
60	133	1
60	134	1
60	135	1
60	136	1
60	137	1
60	138	1
60	139	1
60	140	1
60	141	1
60	142	1
60	143	1
60	144	1
60	145	1
60	146	1
60	147	1
60	148	1
60	149	1
60	150	1
60	151	1
60	152	1
60	153	1
60	154	1
60	155	1
60	156	1
60	157	1
60	158	1
60	159	1
60	160	1
60	161	1
61	76	1
61	77	1
61	78	1
61	79	1
61	80	1
61	81	1
61	82	1
61	83	1
61	84	1
61	85	1
61	86	1
61	87	1
61	88	1
61	89	1
61	90	1
61	91	1
61	92	1
61	93	1
61	94	1
61	95	1
61	96	1
61	97	1
61	98	1
61	99	1
61	100	1
61	101	1
61	102	1
61	103	1
61	104	1
61	105	1
61	106	1
61	107	1
61	108	1
61	109	1
61	110	1
61	111	1
61	112	1
61	113	1
61	114	1
61	115	1
61	116	1
61	117	1
61	118	1
61	119	1
61	120	1
61	121	1
61	122	1
61	123	1
61	124	1
61	125	1
61	126	1
61	127	1
61	128	1
61	129	1
61	130	1
61	131	1
61	132	1
61	133	1
61	134	1
61	135	1
61	136	1
61	137	1
61	138	1
61	139	1
61	140	1
61	141	1
61	142	1
61	143	1
61	144	1
61	145	1
61	146	1
61	147	1
61	148	1
61	149	1
61	150	1
61	151	1
61	152	1
61	153	1
61	154	1
61	155	1
61	156	1
61	157	1
61	158	1
61	159	1
61	160	1
61	161	1
62	76	1
62	77	1
62	78	1
62	79	1
62	80	1
62	81	1
62	82	1
62	83	1
62	84	1
62	85	1
62	86	1
62	87	1
62	88	1
62	89	1
62	90	1
62	91	1
62	92	1
62	93	1
62	94	1
62	95	1
62	96	1
62	97	1
62	98	1
62	99	1
62	100	1
62	101	1
62	102	1
62	103	1
62	104	1
62	105	1
62	106	1
62	107	1
62	108	1
62	109	1
62	110	1
62	111	1
62	112	1
62	113	1
62	114	1
62	115	1
62	116	1
62	117	1
62	118	1
62	119	1
62	120	1
62	121	1
62	122	1
62	123	1
62	124	1
62	125	1
62	126	1
62	127	1
62	128	1
62	129	1
62	130	1
62	131	1
62	132	1
62	133	1
62	134	1
62	135	1
62	136	1
62	137	1
62	138	1
62	139	1
62	140	1
62	141	1
62	142	1
62	143	1
62	144	1
62	145	1
62	146	1
62	147	1
62	148	1
62	149	1
62	150	1
62	151	1
62	152	1
62	153	1
62	154	1
62	155	1
62	156	1
62	157	1
62	158	1
62	159	1
62	160	1
62	161	1
63	76	1
63	77	1
63	78	1
63	79	1
63	80	1
63	81	1
63	82	1
63	83	1
63	84	1
63	85	1
63	86	1
63	87	1
63	88	1
63	89	1
63	90	1
63	91	1
63	92	1
63	93	1
63	94	1
63	95	1
63	96	1
63	97	1
63	98	1
63	99	1
63	100	1
63	101	1
63	102	1
63	103	1
63	104	1
63	105	1
63	106	1
63	107	1
63	108	1
63	109	1
63	110	1
63	111	1
63	112	1
63	113	1
63	114	1
63	115	1
63	116	1
63	117	1
63	118	1
63	119	1
63	120	1
63	121	1
63	122	1
63	123	1
63	124	1
63	125	1
63	126	1
63	127	1
63	128	1
63	129	1
63	130	1
63	131	1
63	132	1
63	133	1
63	134	1
63	135	1
63	136	1
63	137	1
63	138	1
63	139	1
63	140	1
63	141	1
63	142	1
63	143	1
63	144	1
63	145	1
63	146	1
63	147	1
63	148	1
63	149	1
63	150	1
63	151	1
63	152	1
63	153	1
63	154	1
63	155	1
63	156	1
63	157	1
63	158	1
63	159	1
63	160	1
63	161	1
64	76	1
64	77	1
64	78	1
64	79	1
64	80	1
64	81	1
64	82	1
64	83	1
64	84	1
64	85	1
64	86	1
64	87	1
64	88	1
64	89	1
64	90	1
64	91	1
64	92	1
64	93	1
64	94	1
64	95	1
64	96	1
64	97	1
64	98	1
64	99	1
64	100	1
64	101	1
64	102	1
64	103	1
64	104	1
64	105	1
64	106	1
64	107	1
64	108	1
64	109	1
64	110	1
64	111	1
64	112	1
64	113	1
64	114	1
64	115	1
64	116	1
64	117	1
64	118	1
64	119	1
64	120	1
64	121	1
64	122	1
64	123	1
64	124	1
64	125	1
64	126	1
64	127	1
64	128	1
64	129	1
64	130	1
64	131	1
64	132	1
64	133	1
64	134	1
64	135	1
64	136	1
64	137	1
64	138	1
64	139	1
64	140	1
64	141	1
64	142	1
64	143	1
64	144	1
64	145	1
64	146	1
64	147	1
64	148	1
64	149	1
64	150	1
64	151	1
64	152	1
64	153	1
64	154	1
64	155	1
64	156	1
64	157	1
64	158	1
64	159	1
64	160	1
64	161	1
65	76	1
65	77	1
65	78	1
65	79	1
65	80	1
65	81	1
65	82	1
65	83	1
65	84	1
65	85	1
65	86	1
65	87	1
65	88	1
65	89	1
65	90	1
65	91	1
65	92	1
65	93	1
65	94	1
65	95	1
65	96	1
65	97	1
65	98	1
65	99	1
65	100	1
65	101	1
65	102	1
65	103	1
65	104	1
65	105	1
65	106	1
65	107	1
65	108	1
65	109	1
65	110	1
65	111	1
65	112	1
65	113	1
65	114	1
65	115	1
65	116	1
65	117	1
65	118	1
65	119	1
65	120	1
65	121	1
65	122	1
65	123	1
65	124	1
65	125	1
65	126	1
65	127	1
65	128	1
65	129	1
65	130	1
65	131	1
65	132	1
65	133	1
65	134	1
65	135	1
65	136	1
65	137	1
65	138	1
65	139	1
65	140	1
65	141	1
65	142	1
65	143	1
65	144	1
65	145	1
65	146	1
65	147	1
65	148	1
65	149	1
65	150	1
65	151	1
65	152	1
65	153	1
65	154	1
65	155	1
65	156	1
65	157	1
65	158	1
65	159	1
65	160	1
65	161	1
66	76	1
66	77	1
66	78	1
66	79	1
66	80	1
66	81	1
66	82	1
66	83	1
66	84	1
66	85	1
66	86	1
66	87	1
66	88	1
66	89	1
66	90	1
66	91	1
66	92	1
66	93	1
66	94	1
66	95	1
66	96	1
66	97	1
66	98	1
66	99	1
66	100	1
66	101	1
66	102	1
66	103	1
66	104	1
66	105	1
66	106	1
66	107	1
66	108	1
66	109	1
66	110	1
66	111	1
66	112	1
66	113	1
66	114	1
66	115	1
66	116	1
66	117	1
66	118	1
66	119	1
66	120	1
66	121	1
66	122	1
66	123	1
66	124	1
66	125	1
66	126	1
66	127	1
66	128	1
66	129	1
66	130	1
66	131	1
66	132	1
66	133	1
66	134	1
66	135	1
66	136	1
66	137	1
66	138	1
66	139	1
66	140	1
66	141	1
66	142	1
66	143	1
66	144	1
66	145	1
66	146	1
66	147	1
66	148	1
66	149	1
66	150	1
66	151	1
66	152	1
66	153	1
66	154	1
66	155	1
66	156	1
66	157	1
66	158	1
66	159	1
66	160	1
66	161	1
67	76	1
67	77	1
67	78	1
67	79	1
67	80	1
67	81	1
67	82	1
67	83	1
67	84	1
67	85	1
67	86	1
67	87	1
67	88	1
67	89	1
67	90	1
67	91	1
67	92	1
67	93	1
67	94	1
67	95	1
67	96	1
67	97	1
67	98	1
67	99	1
67	100	1
67	101	1
67	102	1
67	103	1
67	104	1
67	105	1
67	106	1
67	107	1
67	108	1
67	109	1
67	110	1
67	111	1
67	112	1
67	113	1
67	114	1
67	115	1
67	116	1
67	117	1
67	118	1
67	119	1
67	120	1
67	121	1
67	122	1
67	123	1
67	124	1
67	125	1
67	126	1
67	127	1
67	128	1
67	129	1
67	130	1
67	131	1
67	132	1
67	133	1
67	134	1
67	135	1
67	136	1
67	137	1
67	138	1
67	139	1
67	140	1
67	141	1
67	142	1
67	143	1
67	144	1
67	145	1
67	146	1
67	147	1
67	148	1
67	149	1
67	150	1
67	151	1
67	152	1
67	153	1
67	154	1
67	155	1
67	156	1
67	157	1
67	158	1
67	159	1
67	160	1
67	161	1
68	76	1
68	77	1
68	78	1
68	79	1
68	80	1
68	81	1
68	82	1
68	83	1
68	84	1
68	85	1
68	86	1
68	87	1
68	88	1
68	89	1
68	90	1
68	91	1
68	92	1
68	93	1
68	94	1
68	95	1
68	96	1
68	97	1
68	98	1
68	99	1
68	100	1
68	101	1
68	102	1
68	103	1
68	104	1
68	105	1
68	106	1
68	107	1
68	108	1
68	109	1
68	110	1
68	111	1
68	112	1
68	113	1
68	114	1
68	115	1
68	116	1
68	117	1
68	118	1
68	119	1
68	120	1
68	121	1
68	122	1
68	123	1
68	124	1
68	125	1
68	126	1
68	127	1
68	128	1
68	129	1
68	130	1
68	131	1
68	132	1
68	133	1
68	134	1
68	135	1
68	136	1
68	137	1
68	138	1
68	139	1
68	140	1
68	141	1
68	142	1
68	143	1
68	144	1
68	145	1
68	146	1
68	147	1
68	148	1
68	149	1
68	150	1
68	151	1
68	152	1
68	153	1
68	154	1
68	155	1
68	156	1
68	157	1
68	158	1
68	159	1
68	160	1
68	161	1
69	75	1
69	76	1
69	77	1
69	78	1
69	79	1
69	80	1
69	81	1
69	82	1
69	83	1
69	84	1
69	85	1
69	86	1
69	87	1
69	88	1
69	89	1
69	90	1
69	91	1
69	92	1
69	93	1
69	94	1
69	95	1
69	96	1
69	97	1
69	98	1
69	99	1
69	100	1
69	101	1
69	102	1
69	103	1
69	104	1
69	105	1
69	106	1
69	107	1
69	108	1
69	109	1
69	110	1
69	111	1
69	112	1
69	113	1
69	114	1
69	115	1
69	116	1
69	117	1
69	118	1
69	119	1
69	120	1
69	121	1
69	122	1
69	123	1
69	124	1
69	125	1
69	126	1
69	127	1
69	128	1
69	129	1
69	130	1
69	131	1
69	132	1
69	133	1
69	134	1
69	135	1
69	136	1
69	137	1
69	138	1
69	139	1
69	140	1
69	141	1
69	142	1
69	143	1
69	144	1
69	145	1
69	146	1
69	147	1
69	148	1
69	149	1
69	150	1
69	151	1
69	152	1
69	153	1
69	154	1
69	155	1
69	156	1
69	157	1
69	158	1
69	159	1
69	160	1
69	161	1
70	76	1
70	77	1
70	78	1
70	79	1
70	80	1
70	81	1
70	82	1
70	83	1
70	84	1
70	85	1
70	86	1
70	87	1
70	88	1
70	89	1
70	90	1
70	91	1
70	92	1
70	93	1
70	94	1
70	95	1
70	96	1
70	97	1
70	98	1
70	99	1
70	100	1
70	101	1
70	102	1
70	103	1
70	104	1
70	105	1
70	106	1
70	107	1
70	108	1
70	109	1
70	110	1
70	111	1
70	112	1
70	113	1
70	114	1
70	115	1
70	116	1
70	117	1
70	118	1
70	119	1
70	120	1
70	121	1
70	122	1
70	123	1
70	124	1
70	125	1
70	126	1
70	127	1
70	128	1
70	129	1
70	130	1
70	131	1
70	132	1
70	133	1
70	134	1
70	135	1
70	136	1
70	137	1
70	138	1
70	139	1
70	140	1
70	141	1
70	142	1
70	143	1
70	144	1
70	145	1
70	146	1
70	147	1
70	148	1
70	149	1
70	150	1
70	151	1
70	152	1
70	153	1
70	154	1
70	155	1
70	156	1
70	157	1
70	158	1
70	159	1
70	160	1
70	161	1
71	76	1
71	77	1
71	78	1
71	79	1
71	80	1
71	81	1
71	82	1
71	83	1
71	84	1
71	85	1
71	86	1
71	87	1
71	88	1
71	89	1
71	90	1
71	91	1
71	92	1
71	93	1
71	94	1
71	95	1
71	96	1
71	97	1
71	98	1
71	99	1
71	100	1
71	101	1
71	102	1
71	103	1
71	104	1
71	105	1
71	106	1
71	107	1
71	108	1
71	109	1
71	110	1
71	111	1
71	112	1
71	113	1
71	114	1
71	115	1
71	116	1
71	117	1
71	118	1
71	119	1
71	120	1
71	121	1
71	122	1
71	123	1
71	124	1
71	125	1
71	126	1
71	127	1
71	128	1
71	129	1
71	130	1
71	131	1
71	132	1
71	133	1
71	134	1
71	135	1
71	136	1
71	137	1
71	138	1
71	139	1
71	140	1
71	141	1
71	142	1
71	143	1
71	144	1
71	145	1
71	146	1
71	147	1
71	148	1
71	149	1
71	150	1
71	151	1
71	152	1
71	153	1
71	154	1
71	155	1
71	156	1
71	157	1
71	158	1
71	159	1
71	160	1
71	161	1
72	76	1
72	77	1
72	78	1
72	79	1
72	80	1
72	81	1
72	82	1
72	83	1
72	84	1
72	85	1
72	86	1
72	87	1
72	88	1
72	89	1
72	90	1
72	91	1
72	92	1
72	93	1
72	94	1
72	95	1
72	96	1
72	97	1
72	98	1
72	99	1
72	100	1
72	101	1
72	102	1
72	103	1
72	104	1
72	105	1
72	106	1
72	107	1
72	108	1
72	109	1
72	110	1
72	111	1
72	112	1
72	113	1
72	114	1
72	115	1
72	116	1
72	117	1
72	118	1
72	119	1
72	120	1
72	121	1
72	122	1
72	123	1
72	124	1
72	125	1
72	126	1
72	127	1
72	128	1
72	129	1
72	130	1
72	131	1
72	132	1
72	133	1
72	134	1
72	135	1
72	136	1
72	137	1
72	138	1
72	139	1
72	140	1
72	141	1
72	142	1
72	143	1
72	144	1
72	145	1
72	146	1
72	147	1
72	148	1
72	149	1
72	150	1
72	151	1
72	152	1
72	153	1
72	154	1
72	155	1
72	156	1
72	157	1
72	158	1
72	159	1
72	160	1
72	161	1
73	76	1
73	77	1
73	78	1
73	79	1
73	80	1
73	81	1
73	82	1
73	83	1
73	84	1
73	85	1
73	86	1
73	87	1
73	88	1
73	89	1
73	90	1
73	91	1
73	92	1
73	93	1
73	94	1
73	95	1
73	96	1
73	97	1
73	98	1
73	99	1
73	100	1
73	101	1
73	102	1
73	103	1
73	104	1
73	105	1
73	106	1
73	107	1
73	108	1
73	109	1
73	110	1
73	111	1
73	112	1
73	113	1
73	114	1
73	115	1
73	116	1
73	117	1
73	118	1
73	119	1
73	120	1
73	121	1
73	122	1
73	123	1
73	124	1
73	125	1
73	126	1
73	127	1
73	128	1
73	129	1
73	130	1
73	131	1
73	132	1
73	133	1
73	134	1
73	135	1
73	136	1
73	137	1
73	138	1
73	139	1
73	140	1
73	141	1
73	142	1
73	143	1
73	144	1
73	145	1
73	146	1
73	147	1
73	148	1
73	149	1
73	150	1
73	151	1
73	152	1
73	153	1
73	154	1
73	155	1
73	156	1
73	157	1
73	158	1
73	159	1
73	160	1
73	161	1
74	76	1
74	77	1
74	78	1
74	79	1
74	80	1
74	81	1
74	82	1
74	83	1
74	84	1
74	85	1
74	86	1
74	87	1
74	88	1
74	89	1
74	90	1
74	91	1
74	92	1
74	93	1
74	94	1
74	95	1
74	96	1
74	97	1
74	98	1
74	99	1
74	100	1
74	101	1
74	102	1
74	103	1
74	104	1
74	105	1
74	106	1
74	107	1
74	108	1
74	109	1
74	110	1
74	111	1
74	112	1
74	113	1
74	114	1
74	115	1
74	116	1
74	117	1
74	118	1
74	119	1
74	120	1
74	121	1
74	122	1
74	123	1
74	124	1
74	125	1
74	126	1
74	127	1
74	128	1
74	129	1
74	130	1
74	131	1
74	132	1
74	133	1
74	134	1
74	135	1
74	136	1
74	137	1
74	138	1
74	139	1
74	140	1
74	141	1
74	142	1
74	143	1
74	144	1
74	145	1
74	146	1
74	147	1
74	148	1
74	149	1
74	150	1
74	151	1
74	152	1
74	153	1
74	154	1
74	155	1
74	156	1
74	157	1
74	158	1
74	159	1
74	160	1
74	161	1
75	76	1
75	77	1
75	78	1
75	79	1
75	80	1
75	81	1
75	82	1
75	83	1
75	84	1
75	85	1
75	86	1
75	87	1
75	88	1
75	89	1
75	90	1
75	91	1
75	92	1
75	93	1
75	94	1
75	95	1
75	96	1
75	97	1
75	98	1
75	99	1
75	100	1
75	101	1
75	102	1
75	103	1
75	104	1
75	105	1
75	106	1
75	107	1
75	108	1
75	109	1
75	110	1
75	111	1
75	112	1
75	113	1
75	114	1
75	115	1
75	116	1
75	117	1
75	118	1
75	119	1
75	120	1
75	121	1
75	122	1
75	123	1
75	124	1
75	125	1
75	126	1
75	127	1
75	128	1
75	129	1
75	130	1
75	131	1
75	132	1
75	133	1
75	134	1
75	135	1
75	136	1
75	137	1
75	138	1
75	139	1
75	140	1
75	141	1
75	142	1
75	143	1
75	144	1
75	145	1
75	146	1
75	147	1
75	148	1
75	149	1
75	150	1
75	151	1
75	152	1
75	153	1
75	154	1
75	155	1
75	156	1
75	157	1
75	158	1
75	159	1
75	160	1
75	161	1
76	76	1
76	77	1
76	78	1
76	79	1
76	80	1
76	81	1
76	82	1
76	83	1
76	84	1
76	85	1
76	86	1
76	87	1
76	88	1
76	89	1
76	90	1
76	91	1
76	92	1
76	93	1
76	94	1
76	95	1
76	96	1
76	97	1
76	98	1
76	99	1
76	100	1
76	101	1
76	102	1
76	103	1
76	104	1
76	105	1
76	106	1
76	107	1
76	108	1
76	109	1
76	110	1
76	111	1
76	112	1
76	113	1
76	114	1
76	115	1
76	116	1
76	117	1
76	118	1
76	119	1
76	120	1
76	121	1
76	122	1
76	123	1
76	124	1
76	125	1
76	126	1
76	127	1
76	128	1
76	129	1
76	130	1
76	131	1
76	132	1
76	133	1
76	134	1
76	135	1
76	136	1
76	137	1
76	138	1
76	139	1
76	140	1
76	141	1
76	142	1
76	143	1
76	144	1
76	145	1
76	146	1
76	147	1
76	148	1
76	149	1
76	150	1
76	151	1
76	152	1
76	153	1
76	154	1
76	155	1
76	156	1
76	157	1
76	158	1
76	159	1
76	160	1
76	161	1
77	76	1
77	77	1
77	78	1
77	79	1
77	80	1
77	81	1
77	82	1
77	83	1
77	84	1
77	85	1
77	86	1
77	87	1
77	88	1
77	89	1
77	90	1
77	91	1
77	92	1
77	93	1
77	94	1
77	95	1
77	96	1
77	97	1
77	98	1
77	99	1
77	100	1
77	101	1
77	102	1
77	103	1
77	104	1
77	105	1
77	106	1
77	107	1
77	108	1
77	109	1
77	110	1
77	111	1
77	112	1
77	113	1
77	114	1
77	115	1
77	116	1
77	117	1
77	118	1
77	119	1
77	120	1
77	121	1
77	122	1
77	123	1
77	124	1
77	125	1
77	126	1
77	127	1
77	128	1
77	129	1
77	130	1
77	131	1
77	132	1
77	133	1
77	134	1
77	135	1
77	136	1
77	137	1
77	138	1
77	139	1
77	140	1
77	141	1
77	142	1
77	143	1
77	144	1
77	145	1
77	146	1
77	147	1
77	148	1
77	149	1
77	150	1
77	151	1
77	152	1
77	153	1
77	154	1
77	155	1
77	156	1
77	157	1
77	158	1
77	159	1
77	160	1
77	161	1
78	76	1
78	77	1
78	78	1
78	79	1
78	80	1
78	81	1
78	82	1
78	83	1
78	84	1
78	85	1
78	86	1
78	87	1
78	88	1
78	89	1
78	90	1
78	91	1
78	92	1
78	93	1
78	94	1
78	95	1
78	96	1
78	97	1
78	98	1
78	99	1
78	100	1
78	101	1
78	102	1
78	103	1
78	104	1
78	105	1
78	106	1
78	107	1
78	108	1
78	109	1
78	110	1
78	111	1
78	112	1
78	113	1
78	114	1
78	115	1
78	116	1
78	117	1
78	118	1
78	119	1
78	120	1
78	121	1
78	122	1
78	123	1
78	124	1
78	125	1
78	126	1
78	127	1
78	128	1
78	129	1
78	130	1
78	131	1
78	132	1
78	133	1
78	134	1
78	135	1
78	136	1
78	137	1
78	138	1
78	139	1
78	140	1
78	141	1
78	142	1
78	143	1
78	144	1
78	145	1
78	146	1
78	147	1
78	148	1
78	149	1
78	150	1
78	151	1
78	152	1
78	153	1
78	154	1
78	155	1
78	156	1
78	157	1
78	158	1
78	159	1
78	160	1
78	161	1
79	76	1
79	77	1
79	78	1
79	79	1
79	80	1
79	81	1
79	82	1
79	83	1
79	84	1
79	85	1
79	86	1
79	87	1
79	88	1
79	89	1
79	90	1
79	91	1
79	92	1
79	93	1
79	94	1
79	95	1
79	96	1
79	97	1
79	98	1
79	99	1
79	100	1
79	101	1
79	102	1
79	103	1
79	104	1
79	105	1
79	106	1
79	107	1
79	108	1
79	109	1
79	110	1
79	111	1
79	112	1
79	113	1
79	114	1
79	115	1
79	116	1
79	117	1
79	118	1
79	119	1
79	120	1
79	121	1
79	122	1
79	123	1
79	124	1
79	125	1
79	126	1
79	127	1
79	128	1
79	129	1
79	130	1
79	131	1
79	132	1
79	133	1
79	134	1
79	135	1
79	136	1
79	137	1
79	138	1
79	139	1
79	140	1
79	141	1
79	142	1
79	143	1
79	144	1
79	145	1
79	146	1
79	147	1
79	148	1
79	149	1
79	150	1
79	151	1
79	152	1
79	153	1
79	154	1
79	155	1
79	156	1
79	157	1
79	158	1
79	159	1
79	160	1
79	161	1
80	76	1
80	77	1
80	78	1
80	79	1
80	80	1
80	81	1
80	82	1
80	83	1
80	84	1
80	85	1
80	86	1
80	87	1
80	88	1
80	89	1
80	90	1
80	91	1
80	92	1
80	93	1
80	94	1
80	95	1
80	96	1
80	97	1
80	98	1
80	99	1
80	100	1
80	101	1
80	102	1
80	103	1
80	104	1
80	105	1
80	106	1
80	107	1
80	108	1
80	109	1
80	110	1
80	111	1
80	112	1
80	113	1
80	114	1
80	115	1
80	116	1
80	117	1
80	118	1
80	119	1
80	120	1
80	121	1
80	122	1
80	123	1
80	124	1
80	125	1
80	126	1
80	127	1
80	128	1
80	129	1
80	130	1
80	131	1
80	132	1
80	133	1
80	134	1
80	135	1
80	136	1
80	137	1
80	138	1
80	139	1
80	140	1
80	141	1
80	142	1
80	143	1
80	144	1
80	145	1
80	146	1
80	147	1
80	148	1
80	149	1
80	150	1
80	151	1
80	152	1
80	153	1
80	154	1
80	155	1
80	156	1
80	157	1
80	158	1
80	159	1
80	160	1
80	161	1
81	76	1
81	77	1
81	78	1
81	79	1
81	80	1
81	81	1
81	82	1
81	83	1
81	84	1
81	85	1
81	86	1
81	87	1
81	88	1
81	89	1
81	90	1
81	91	1
81	92	1
81	93	1
81	94	1
81	95	1
81	96	1
81	97	1
81	98	1
81	99	1
81	100	1
81	101	1
81	102	1
81	103	1
81	104	1
81	105	1
81	106	1
81	107	1
81	108	1
81	109	1
81	110	1
81	111	1
81	112	1
81	113	1
81	114	1
81	115	1
81	116	1
81	117	1
81	118	1
81	119	1
81	120	1
81	121	1
81	122	1
81	123	1
81	124	1
81	125	1
81	126	1
81	127	1
81	128	1
81	129	1
81	130	1
81	131	1
81	132	1
81	133	1
81	134	1
81	135	1
81	136	1
81	137	1
81	138	1
81	139	1
81	140	1
81	141	1
81	142	1
81	143	1
81	144	1
81	145	1
81	146	1
81	147	1
81	148	1
81	149	1
81	150	1
81	151	1
81	152	1
81	153	1
81	154	1
81	155	1
81	156	1
81	157	1
81	158	1
81	159	1
81	160	1
81	161	1
82	77	1
82	78	1
82	79	1
82	80	1
82	81	1
82	82	1
82	83	1
82	84	1
82	85	1
82	86	1
82	87	1
82	88	1
82	89	1
82	90	1
82	91	1
82	92	1
82	93	1
82	94	1
82	95	1
82	96	1
82	97	1
82	98	1
82	99	1
82	100	1
82	101	1
82	102	1
82	103	1
82	104	1
82	105	1
82	106	1
82	107	1
82	108	1
82	109	1
82	110	1
82	111	1
82	112	1
82	113	1
82	114	1
82	115	1
82	116	1
82	117	1
82	118	1
82	119	1
82	120	1
82	121	1
82	122	1
82	123	1
82	124	1
82	125	1
82	126	1
82	127	1
82	128	1
82	129	1
82	130	1
82	131	1
82	132	1
82	133	1
82	134	1
82	135	1
82	136	1
82	137	1
82	138	1
82	139	1
82	140	1
82	141	1
82	142	1
82	143	1
82	144	1
82	145	1
82	146	1
82	147	1
82	148	1
82	149	1
82	150	1
82	151	1
82	152	1
82	153	1
82	154	1
82	155	1
82	156	1
82	157	1
82	158	1
82	159	1
82	160	1
82	161	1
83	77	1
83	78	1
83	79	1
83	80	1
83	81	1
83	82	1
83	83	1
83	84	1
83	85	1
83	86	1
83	87	1
83	88	1
83	89	1
83	90	1
83	91	1
83	92	1
83	93	1
83	94	1
83	95	1
83	96	1
83	97	1
83	98	1
83	99	1
83	100	1
83	101	1
83	102	1
83	103	1
83	104	1
83	105	1
83	106	1
83	107	1
83	108	1
83	109	1
83	110	1
83	111	1
83	112	1
83	113	1
83	114	1
83	115	1
83	116	1
83	117	1
83	118	1
83	119	1
83	120	1
83	121	1
83	122	1
83	123	1
83	124	1
83	125	1
83	126	1
83	127	1
83	128	1
83	129	1
83	130	1
83	131	1
83	132	1
83	133	1
83	134	1
83	135	1
83	136	1
83	137	1
83	138	1
83	139	1
83	140	1
83	141	1
83	142	1
83	143	1
83	144	1
83	145	1
83	146	1
83	147	1
83	148	1
83	149	1
83	150	1
83	151	1
83	152	1
83	153	1
83	154	1
83	155	1
83	156	1
83	157	1
83	158	1
83	159	1
83	160	1
83	161	1
84	77	1
84	78	1
84	79	1
84	80	1
84	81	1
84	82	1
84	83	1
84	84	1
84	85	1
84	86	1
84	87	1
84	88	1
84	89	1
84	90	1
84	91	1
84	92	1
84	93	1
84	94	1
84	95	1
84	96	1
84	97	1
84	98	1
84	99	1
84	100	1
84	101	1
84	102	1
84	103	1
84	104	1
84	105	1
84	106	1
84	107	1
84	108	1
84	109	1
84	110	1
84	111	1
84	112	1
84	113	1
84	114	1
84	115	1
84	116	1
84	117	1
84	118	1
84	119	1
84	120	1
84	121	1
84	122	1
84	123	1
84	124	1
84	125	1
84	126	1
84	127	1
84	128	1
84	129	1
84	130	1
84	131	1
84	132	1
84	133	1
84	134	1
84	135	1
84	136	1
84	137	1
84	138	1
84	139	1
84	140	1
84	141	1
84	142	1
84	143	1
84	144	1
84	145	1
84	146	1
84	147	1
84	148	1
84	149	1
84	150	1
84	151	1
84	152	1
84	153	1
84	154	1
84	155	1
84	156	1
84	157	1
84	158	1
84	159	1
84	160	1
84	161	1
85	77	1
85	78	1
85	79	1
85	80	1
85	81	1
85	82	1
85	83	1
85	84	1
85	85	1
85	86	1
85	87	1
85	88	1
85	89	1
85	90	1
85	91	1
85	92	1
85	93	1
85	94	1
85	95	1
85	96	1
85	97	1
85	98	1
85	99	1
85	100	1
85	101	1
85	102	1
85	103	1
85	104	1
85	105	1
85	106	1
85	107	1
85	108	1
85	109	1
85	110	1
85	111	1
85	112	1
85	113	1
85	114	1
85	115	1
85	116	1
85	117	1
85	118	1
85	119	1
85	120	1
85	121	1
85	122	1
85	123	1
85	124	1
85	125	1
85	126	1
85	127	1
85	128	1
85	129	1
85	130	1
85	131	1
85	132	1
85	133	1
85	134	1
85	135	1
85	136	1
85	137	1
85	138	1
85	139	1
85	140	1
85	141	1
85	142	1
85	143	1
85	144	1
85	145	1
85	146	1
85	147	1
85	148	1
85	149	1
85	150	1
85	151	1
85	152	1
85	153	1
85	154	1
85	155	1
85	156	1
85	157	1
85	158	1
85	159	1
85	160	1
85	161	1
86	77	1
86	78	1
86	79	1
86	80	1
86	81	1
86	82	1
86	83	1
86	84	1
86	85	1
86	86	1
86	87	1
86	88	1
86	89	1
86	90	1
86	91	1
86	92	1
86	93	1
86	94	1
86	95	1
86	96	1
86	97	1
86	98	1
86	99	1
86	100	1
86	101	1
86	102	1
86	103	1
86	104	1
86	105	1
86	106	1
86	107	1
86	108	1
86	109	1
86	110	1
86	111	1
86	112	1
86	113	1
86	114	1
86	115	1
86	116	1
86	117	1
86	118	1
86	119	1
86	120	1
86	121	1
86	122	1
86	123	1
86	124	1
86	125	1
86	126	1
86	127	1
86	128	1
86	129	1
86	130	1
86	131	1
86	132	1
86	133	1
86	134	1
86	135	1
86	136	1
86	137	1
86	138	1
86	139	1
86	140	1
86	141	1
86	142	1
86	143	1
86	144	1
86	145	1
86	146	1
86	147	1
86	148	1
86	149	1
86	150	1
86	151	1
86	152	1
86	153	1
86	154	1
86	155	1
86	156	1
86	157	1
86	158	1
86	159	1
86	160	1
86	161	1
87	78	1
87	79	1
87	80	1
87	81	1
87	82	1
87	83	1
87	84	1
87	85	1
87	86	1
87	87	1
87	88	1
87	89	1
87	90	1
87	91	1
87	92	1
87	93	1
87	94	1
87	95	1
87	96	1
87	97	1
87	98	1
87	99	1
87	100	1
87	101	1
87	102	1
87	103	1
87	104	1
87	105	1
87	106	1
87	107	1
87	108	1
87	109	1
87	110	1
87	111	1
87	112	1
87	113	1
87	114	1
87	115	1
87	116	1
87	117	1
87	118	1
87	119	1
87	120	1
87	121	1
87	122	1
87	123	1
87	124	1
87	125	1
87	126	1
87	127	1
87	128	1
87	129	1
87	130	1
87	131	1
87	132	1
87	133	1
87	134	1
87	135	1
87	136	1
87	137	1
87	138	1
87	139	1
87	140	1
87	141	1
87	142	1
87	143	1
87	144	1
87	145	1
87	146	1
87	147	1
87	148	1
87	149	1
87	150	1
87	151	1
87	152	1
87	153	1
87	154	1
87	155	1
87	156	1
87	157	1
87	158	1
87	159	1
87	160	1
87	161	1
88	78	1
88	79	1
88	80	1
88	81	1
88	82	1
88	83	1
88	84	1
88	85	1
88	86	1
88	87	1
88	88	1
88	89	1
88	90	1
88	91	1
88	92	1
88	93	1
88	94	1
88	95	1
88	96	1
88	97	1
88	98	1
88	99	1
88	100	1
88	101	1
88	102	1
88	103	1
88	104	1
88	105	1
88	106	1
88	107	1
88	108	1
88	109	1
88	110	1
88	111	1
88	112	1
88	113	1
88	114	1
88	115	1
88	116	1
88	117	1
88	118	1
88	119	1
88	120	1
88	121	1
88	122	1
88	123	1
88	124	1
88	125	1
88	126	1
88	127	1
88	128	1
88	129	1
88	130	1
88	131	1
88	132	1
88	133	1
88	134	1
88	135	1
88	136	1
88	137	1
88	138	1
88	139	1
88	140	1
88	141	1
88	142	1
88	143	1
88	144	1
88	145	1
88	146	1
88	147	1
88	148	1
88	149	1
88	150	1
88	151	1
88	152	1
88	153	1
88	154	1
88	155	1
88	156	1
88	157	1
88	158	1
88	159	1
88	160	1
88	161	1
89	78	1
89	79	1
89	80	1
89	81	1
89	82	1
89	83	1
89	84	1
89	85	1
89	86	1
89	87	1
89	88	1
89	89	1
89	90	1
89	91	1
89	92	1
89	93	1
89	94	1
89	95	1
89	96	1
89	97	1
89	98	1
89	99	1
89	100	1
89	101	1
89	102	1
89	103	1
89	104	1
89	105	1
89	106	1
89	107	1
89	108	1
89	109	1
89	110	1
89	111	1
89	112	1
89	113	1
89	114	1
89	115	1
89	116	1
89	117	1
89	118	1
89	119	1
89	120	1
89	121	1
89	122	1
89	123	1
89	124	1
89	125	1
89	126	1
89	127	1
89	128	1
89	129	1
89	130	1
89	131	1
89	132	1
89	133	1
89	134	1
89	135	1
89	136	1
89	137	1
89	138	1
89	139	1
89	140	1
89	141	1
89	142	1
89	143	1
89	144	1
89	145	1
89	146	1
89	147	1
89	148	1
89	149	1
89	150	1
89	151	1
89	152	1
89	153	1
89	154	1
89	155	1
89	156	1
89	157	1
89	158	1
89	159	1
89	160	1
89	161	1
90	78	1
90	79	1
90	80	1
90	81	1
90	82	1
90	83	1
90	84	1
90	85	1
90	86	1
90	87	1
90	88	1
90	89	1
90	90	1
90	91	1
90	92	1
90	93	1
90	94	1
90	95	1
90	96	1
90	97	1
90	98	1
90	99	1
90	100	1
90	101	1
90	102	1
90	103	1
90	104	1
90	105	1
90	106	1
90	107	1
90	108	1
90	109	1
90	110	1
90	111	1
90	112	1
90	113	1
90	114	1
90	115	1
90	116	1
90	117	1
90	118	1
90	119	1
90	120	1
90	121	1
90	122	1
90	123	1
90	124	1
90	125	1
90	126	1
90	127	1
90	128	1
90	129	1
90	130	1
90	131	1
90	132	1
90	133	1
90	134	1
90	135	1
90	136	1
90	137	1
90	138	1
90	139	1
90	140	1
90	141	1
90	142	1
90	143	1
90	144	1
90	145	1
90	146	1
90	147	1
90	148	1
90	149	1
90	150	1
90	151	1
90	152	1
90	153	1
90	154	1
90	155	1
90	156	1
90	157	1
90	158	1
90	159	1
90	160	1
90	161	1
91	79	1
91	80	1
91	81	1
91	82	1
91	83	1
91	84	1
91	85	1
91	86	1
91	87	1
91	88	1
91	89	1
91	90	1
91	91	1
91	92	1
91	93	1
91	94	1
91	95	1
91	96	1
91	97	1
91	98	1
91	99	1
91	100	1
91	101	1
91	102	1
91	103	1
91	104	1
91	105	1
91	106	1
91	107	1
91	108	1
91	109	1
91	110	1
91	111	1
91	112	1
91	113	1
91	114	1
91	115	1
91	116	1
91	117	1
91	118	1
91	119	1
91	120	1
91	121	1
91	122	1
91	123	1
91	124	1
91	125	1
91	126	1
91	127	1
91	128	1
91	129	1
91	130	1
91	131	1
91	132	1
91	133	1
91	134	1
91	135	1
91	136	1
91	137	1
91	138	1
91	139	1
91	140	1
91	141	1
91	142	1
91	143	1
91	144	1
91	145	1
91	146	1
91	147	1
91	148	1
91	149	1
91	150	1
91	151	1
91	152	1
91	153	1
91	154	1
91	155	1
91	156	1
91	157	1
91	158	1
91	159	1
91	160	1
91	161	1
92	79	1
92	80	1
92	81	1
92	82	1
92	83	1
92	84	1
92	85	1
92	86	1
92	87	1
92	88	1
92	89	1
92	90	1
92	91	1
92	92	1
92	93	1
92	94	1
92	95	1
92	96	1
92	97	1
92	98	1
92	99	1
92	100	1
92	101	1
92	102	1
92	103	1
92	104	1
92	105	1
92	106	1
92	107	1
92	108	1
92	109	1
92	110	1
92	111	1
92	112	1
92	113	1
92	114	1
92	115	1
92	116	1
92	117	1
92	118	1
92	119	1
92	120	1
92	121	1
92	122	1
92	123	1
92	124	1
92	125	1
92	126	1
92	127	1
92	128	1
92	129	1
92	130	1
92	131	1
92	132	1
92	133	1
92	134	1
92	135	1
92	136	1
92	137	1
92	138	1
92	139	1
92	140	1
92	141	1
92	142	1
92	143	1
92	144	1
92	145	1
92	146	1
92	147	1
92	148	1
92	149	1
92	150	1
92	151	1
92	152	1
92	153	1
92	154	1
92	155	1
92	156	1
92	157	1
92	158	1
92	159	1
92	160	1
92	161	1
93	79	1
93	80	1
93	81	1
93	82	1
93	83	1
93	84	1
93	85	1
93	86	1
93	87	1
93	88	1
93	89	1
93	90	1
93	91	1
93	92	1
93	93	1
93	94	1
93	95	1
93	96	1
93	97	1
93	98	1
93	99	1
93	100	1
93	101	1
93	102	1
93	103	1
93	104	1
93	105	1
93	106	1
93	107	1
93	108	1
93	109	1
93	110	1
93	111	1
93	112	1
93	113	1
93	114	1
93	115	1
93	116	1
93	117	1
93	118	1
93	119	1
93	120	1
93	121	1
93	122	1
93	123	1
93	124	1
93	125	1
93	126	1
93	127	1
93	128	1
93	129	1
93	130	1
93	131	1
93	132	1
93	133	1
93	134	1
93	135	1
93	136	1
93	137	1
93	138	1
93	139	1
93	140	1
93	141	1
93	142	1
93	143	1
93	144	1
93	145	1
93	146	1
93	147	1
93	148	1
93	149	1
93	150	1
93	151	1
93	152	1
93	153	1
93	154	1
93	155	1
93	156	1
93	157	1
93	158	1
93	159	1
93	160	1
93	161	1
94	80	1
94	81	1
94	82	1
94	83	1
94	84	1
94	85	1
94	86	1
94	87	1
94	88	1
94	89	1
94	90	1
94	91	1
94	92	1
94	93	1
94	94	1
94	95	1
94	96	1
94	97	1
94	98	1
94	99	1
94	100	1
94	101	1
94	102	1
94	103	1
94	104	1
94	105	1
94	106	1
94	107	1
94	108	1
94	109	1
94	110	1
94	111	1
94	112	1
94	113	1
94	114	1
94	115	1
94	116	1
94	117	1
94	118	1
94	119	1
94	120	1
94	121	1
94	122	1
94	123	1
94	124	1
94	125	1
94	126	1
94	127	1
94	128	1
94	129	1
94	130	1
94	131	1
94	132	1
94	133	1
94	134	1
94	135	1
94	136	1
94	137	1
94	138	1
94	139	1
94	140	1
94	141	1
94	142	1
94	143	1
94	144	1
94	145	1
94	146	1
94	147	1
94	148	1
94	149	1
94	150	1
94	151	1
94	152	1
94	153	1
94	154	1
94	155	1
94	156	1
94	157	1
94	158	1
94	159	1
94	160	1
94	161	1
95	80	1
95	81	1
95	82	1
95	83	1
95	84	1
95	85	1
95	86	1
95	87	1
95	88	1
95	89	1
95	90	1
95	91	1
95	92	1
95	93	1
95	94	1
95	95	1
95	96	1
95	97	1
95	98	1
95	99	1
95	100	1
95	101	1
95	102	1
95	103	1
95	104	1
95	105	1
95	106	1
95	107	1
95	108	1
95	109	1
95	110	1
95	111	1
95	112	1
95	113	1
95	114	1
95	115	1
95	116	1
95	117	1
95	118	1
95	119	1
95	120	1
95	121	1
95	122	1
95	123	1
95	124	1
95	125	1
95	126	1
95	127	1
95	128	1
95	129	1
95	130	1
95	131	1
95	132	1
95	133	1
95	134	1
95	135	1
95	136	1
95	137	1
95	138	1
95	139	1
95	140	1
95	141	1
95	142	1
95	143	1
95	144	1
95	145	1
95	146	1
95	147	1
95	148	1
95	149	1
95	150	1
95	151	1
95	152	1
95	153	1
95	154	1
95	155	1
95	156	1
95	157	1
95	158	1
95	159	1
95	160	1
95	161	1
96	80	1
96	81	1
96	82	1
96	83	1
96	84	1
96	85	1
96	86	1
96	87	1
96	88	1
96	89	1
96	90	1
96	91	1
96	92	1
96	93	1
96	94	1
96	95	1
96	96	1
96	97	1
96	98	1
96	99	1
96	100	1
96	101	1
96	102	1
96	103	1
96	104	1
96	105	1
96	106	1
96	107	1
96	108	1
96	109	1
96	110	1
96	111	1
96	112	1
96	113	1
96	114	1
96	115	1
96	116	1
96	117	1
96	118	1
96	119	1
96	120	1
96	121	1
96	122	1
96	123	1
96	124	1
96	125	1
96	126	1
96	127	1
96	128	1
96	129	1
96	130	1
96	131	1
96	132	1
96	133	1
96	134	1
96	135	1
96	136	1
96	137	1
96	138	1
96	139	1
96	140	1
96	141	1
96	142	1
96	143	1
96	144	1
96	145	1
96	146	1
96	147	1
96	148	1
96	149	1
96	150	1
96	151	1
96	152	1
96	153	1
96	154	1
96	155	1
96	156	1
96	157	1
96	158	1
96	159	1
96	160	1
96	161	1
97	81	1
97	82	1
97	83	1
97	84	1
97	85	1
97	86	1
97	87	1
97	88	1
97	89	1
97	90	1
97	91	1
97	92	1
97	93	1
97	94	1
97	95	1
97	96	1
97	97	1
97	98	1
97	99	1
97	100	1
97	101	1
97	102	1
97	103	1
97	104	1
97	105	1
97	106	1
97	107	1
97	108	1
97	109	1
97	110	1
97	111	1
97	112	1
97	113	1
97	114	1
97	115	1
97	116	1
97	117	1
97	118	1
97	119	1
97	120	1
97	121	1
97	122	1
97	123	1
97	124	1
97	125	1
97	126	1
97	127	1
97	128	1
97	129	1
97	130	1
97	131	1
97	132	1
97	133	1
97	134	1
97	135	1
97	136	1
97	137	1
97	138	1
97	139	1
97	140	1
97	141	1
97	142	1
97	143	1
97	144	1
97	145	1
97	146	1
97	147	1
97	148	1
97	149	1
97	150	1
97	151	1
97	152	1
97	153	1
97	154	1
97	155	1
97	156	1
97	157	1
97	158	1
97	159	1
97	160	1
97	161	1
98	81	1
98	82	1
98	83	1
98	84	1
98	85	1
98	86	1
98	87	1
98	88	1
98	89	1
98	90	1
98	91	1
98	92	1
98	93	1
98	94	1
98	95	1
98	96	1
98	97	1
98	98	1
98	99	1
98	100	1
98	101	1
98	102	1
98	103	1
98	104	1
98	105	1
98	106	1
98	107	1
98	108	1
98	109	1
98	110	1
98	111	1
98	112	1
98	113	1
98	114	1
98	115	1
98	116	1
98	117	1
98	118	1
98	119	1
98	120	1
98	121	1
98	122	1
98	123	1
98	124	1
98	125	1
98	126	1
98	127	1
98	128	1
98	129	1
98	130	1
98	131	1
98	132	1
98	133	1
98	134	1
98	135	1
98	136	1
98	137	1
98	138	1
98	139	1
98	140	1
98	141	1
98	142	1
98	143	1
98	144	1
98	145	1
98	146	1
98	147	1
98	148	1
98	149	1
98	150	1
98	151	1
98	152	1
98	153	1
98	154	1
98	155	1
98	156	1
98	157	1
98	158	1
98	159	1
98	160	1
98	161	1
99	81	1
99	82	1
99	83	1
99	84	1
99	85	1
99	86	1
99	87	1
99	88	1
99	89	1
99	90	1
99	91	1
99	92	1
99	93	1
99	94	1
99	95	1
99	96	1
99	97	1
99	98	1
99	99	1
99	100	1
99	101	1
99	102	1
99	103	1
99	104	1
99	105	1
99	106	1
99	107	1
99	108	1
99	109	1
99	110	1
99	111	1
99	112	1
99	113	1
99	114	1
99	115	1
99	116	1
99	117	1
99	118	1
99	119	1
99	120	1
99	121	1
99	122	1
99	123	1
99	124	1
99	125	1
99	126	1
99	127	1
99	128	1
99	129	1
99	130	1
99	131	1
99	132	1
99	133	1
99	134	1
99	135	1
99	136	1
99	137	1
99	138	1
99	139	1
99	140	1
99	141	1
99	142	1
99	143	1
99	144	1
99	145	1
99	146	1
99	147	1
99	148	1
99	149	1
99	150	1
99	151	1
99	152	1
99	153	1
99	154	1
99	155	1
99	156	1
99	157	1
99	158	1
99	159	1
99	160	1
99	161	1
100	82	1
100	83	1
100	84	1
100	85	1
100	86	1
100	87	1
100	88	1
100	89	1
100	90	1
100	91	1
100	92	1
100	93	1
100	94	1
100	95	1
100	96	1
100	97	1
100	98	1
100	99	1
100	100	1
100	101	1
100	102	1
100	103	1
100	104	1
100	105	1
100	106	1
100	107	1
100	108	1
100	109	1
100	110	1
100	111	1
100	112	1
100	113	1
100	114	1
100	115	1
100	116	1
100	117	1
100	118	1
100	119	1
100	120	1
100	121	1
100	122	1
100	123	1
100	124	1
100	125	1
100	126	1
100	127	1
100	128	1
100	129	1
100	130	1
100	131	1
100	132	1
100	133	1
100	134	1
100	135	1
100	136	1
100	137	1
100	138	1
100	139	1
100	140	1
100	141	1
100	142	1
100	143	1
100	144	1
100	145	1
100	146	1
100	147	1
100	148	1
100	149	1
100	150	1
100	151	1
100	152	1
100	153	1
100	154	1
100	155	1
100	156	1
100	157	1
100	158	1
100	159	1
100	160	1
100	161	1
101	82	1
101	83	1
101	84	1
101	85	1
101	86	1
101	87	1
101	88	1
101	89	1
101	90	1
101	91	1
101	92	1
101	93	1
101	94	1
101	95	1
101	96	1
101	97	1
101	98	1
101	99	1
101	100	1
101	101	1
101	102	1
101	103	1
101	104	1
101	105	1
101	106	1
101	107	1
101	108	1
101	109	1
101	110	1
101	111	1
101	112	1
101	113	1
101	114	1
101	115	1
101	116	1
101	117	1
101	118	1
101	119	1
101	120	1
101	121	1
101	122	1
101	123	1
101	124	1
101	125	1
101	126	1
101	127	1
101	128	1
101	129	1
101	130	1
101	131	1
101	132	1
101	133	1
101	134	1
101	135	1
101	136	1
101	137	1
101	138	1
101	139	1
101	140	1
101	141	1
101	142	1
101	143	1
101	144	1
101	145	1
101	146	1
101	147	1
101	148	1
101	149	1
101	150	1
101	151	1
101	152	1
101	153	1
101	154	1
101	155	1
101	156	1
101	157	1
101	158	1
101	159	1
101	160	1
101	161	1
102	83	1
102	84	1
102	85	1
102	86	1
102	87	1
102	88	1
102	89	1
102	90	1
102	91	1
102	92	1
102	93	1
102	94	1
102	95	1
102	96	1
102	97	1
102	98	1
102	99	1
102	100	1
102	101	1
102	102	1
102	103	1
102	104	1
102	105	1
102	106	1
102	107	1
102	108	1
102	109	1
102	110	1
102	111	1
102	112	1
102	113	1
102	114	1
102	115	1
102	116	1
102	117	1
102	118	1
102	119	1
102	120	1
102	121	1
102	122	1
102	123	1
102	124	1
102	125	1
102	126	1
102	127	1
102	128	1
102	129	1
102	130	1
102	131	1
102	132	1
102	133	1
102	134	1
102	135	1
102	136	1
102	137	1
102	138	1
102	139	1
102	140	1
102	141	1
102	142	1
102	143	1
102	144	1
102	145	1
102	146	1
102	147	1
102	148	1
102	149	1
102	150	1
102	151	1
102	152	1
102	153	1
102	154	1
102	155	1
102	156	1
102	157	1
102	158	1
102	159	1
102	160	1
102	161	1
103	83	1
103	84	1
103	85	1
103	86	1
103	87	1
103	88	1
103	89	1
103	90	1
103	91	1
103	92	1
103	93	1
103	94	1
103	95	1
103	96	1
103	97	1
103	98	1
103	99	1
103	100	1
103	101	1
103	102	1
103	103	1
103	104	1
103	105	1
103	106	1
103	107	1
103	108	1
103	109	1
103	110	1
103	111	1
103	112	1
103	113	1
103	114	1
103	115	1
103	116	1
103	117	1
103	118	1
103	119	1
103	120	1
103	121	1
103	122	1
103	123	1
103	124	1
103	125	1
103	126	1
103	127	1
103	128	1
103	129	1
103	130	1
103	131	1
103	132	1
103	133	1
103	134	1
103	135	1
103	136	1
103	137	1
103	138	1
103	139	1
103	140	1
103	141	1
103	142	1
103	143	1
103	144	1
103	145	1
103	146	1
103	147	1
103	148	1
103	149	1
103	150	1
103	151	1
103	152	1
103	153	1
103	154	1
103	155	1
103	156	1
103	157	1
103	158	1
103	159	1
103	160	1
103	161	1
104	84	1
104	85	1
104	86	1
104	87	1
104	88	1
104	89	1
104	90	1
104	91	1
104	92	1
104	93	1
104	94	1
104	95	1
104	96	1
104	97	1
104	98	1
104	99	1
104	100	1
104	101	1
104	102	1
104	103	1
104	104	1
104	105	1
104	106	1
104	107	1
104	108	1
104	109	1
104	110	1
104	111	1
104	112	1
104	113	1
104	114	1
104	115	1
104	116	1
104	117	1
104	118	1
104	119	1
104	120	1
104	121	1
104	122	1
104	123	1
104	124	1
104	125	1
104	126	1
104	127	1
104	128	1
104	129	1
104	130	1
104	131	1
104	132	1
104	133	1
104	134	1
104	135	1
104	136	1
104	137	1
104	138	1
104	139	1
104	140	1
104	141	1
104	142	1
104	143	1
104	144	1
104	145	1
104	146	1
104	147	1
104	148	1
104	149	1
104	150	1
104	151	1
104	152	1
104	153	1
104	154	1
104	155	1
104	156	1
104	157	1
104	158	1
104	159	1
104	160	1
104	161	1
105	84	1
105	85	1
105	86	1
105	87	1
105	88	1
105	89	1
105	90	1
105	91	1
105	92	1
105	93	1
105	94	1
105	95	1
105	96	1
105	97	1
105	98	1
105	99	1
105	100	1
105	101	1
105	102	1
105	103	1
105	104	1
105	105	1
105	106	1
105	107	1
105	108	1
105	109	1
105	110	1
105	111	1
105	112	1
105	113	1
105	114	1
105	115	1
105	116	1
105	117	1
105	118	1
105	119	1
105	120	1
105	121	1
105	122	1
105	123	1
105	124	1
105	125	1
105	126	1
105	127	1
105	128	1
105	129	1
105	130	1
105	131	1
105	132	1
105	133	1
105	134	1
105	135	1
105	136	1
105	137	1
105	138	1
105	139	1
105	140	1
105	141	1
105	142	1
105	143	1
105	144	1
105	145	1
105	146	1
105	147	1
105	148	1
105	149	1
105	150	1
105	151	1
105	152	1
105	153	1
105	154	1
105	155	1
105	156	1
105	157	1
105	158	1
105	159	1
105	160	1
105	161	1
106	85	1
106	86	1
106	87	1
106	88	1
106	89	1
106	90	1
106	91	1
106	92	1
106	93	1
106	94	1
106	95	1
106	96	1
106	97	1
106	98	1
106	99	1
106	100	1
106	101	1
106	102	1
106	103	1
106	104	1
106	105	1
106	106	1
106	107	1
106	108	1
106	109	1
106	110	1
106	111	1
106	112	1
106	113	1
106	114	1
106	115	1
106	116	1
106	117	1
106	118	1
106	119	1
106	120	1
106	121	1
106	122	1
106	123	1
106	124	1
106	125	1
106	126	1
106	127	1
106	128	1
106	129	1
106	130	1
106	131	1
106	132	1
106	133	1
106	134	1
106	135	1
106	136	1
106	137	1
106	138	1
106	139	1
106	140	1
106	141	1
106	142	1
106	143	1
106	144	1
106	145	1
106	146	1
106	147	1
106	148	1
106	149	1
106	150	1
106	151	1
106	152	1
106	153	1
106	154	1
106	155	1
106	156	1
106	157	1
106	158	1
106	159	1
106	160	1
106	161	1
107	85	1
107	86	1
107	87	1
107	88	1
107	89	1
107	90	1
107	91	1
107	92	1
107	93	1
107	94	1
107	95	1
107	96	1
107	97	1
107	98	1
107	99	1
107	100	1
107	101	1
107	102	1
107	103	1
107	104	1
107	105	1
107	106	1
107	107	1
107	108	1
107	109	1
107	110	1
107	111	1
107	112	1
107	113	1
107	114	1
107	115	1
107	116	1
107	117	1
107	118	1
107	119	1
107	120	1
107	121	1
107	122	1
107	123	1
107	124	1
107	125	1
107	126	1
107	127	1
107	128	1
107	129	1
107	130	1
107	131	1
107	132	1
107	133	1
107	134	1
107	135	1
107	136	1
107	137	1
107	138	1
107	139	1
107	140	1
107	141	1
107	142	1
107	143	1
107	144	1
107	145	1
107	146	1
107	147	1
107	148	1
107	149	1
107	150	1
107	151	1
107	152	1
107	153	1
107	154	1
107	155	1
107	156	1
107	157	1
107	158	1
107	159	1
107	160	1
107	161	1
108	86	1
108	87	1
108	88	1
108	89	1
108	90	1
108	91	1
108	92	1
108	93	1
108	94	1
108	95	1
108	96	1
108	97	1
108	98	1
108	99	1
108	100	1
108	101	1
108	102	1
108	103	1
108	104	1
108	105	1
108	106	1
108	107	1
108	108	1
108	109	1
108	110	1
108	111	1
108	112	1
108	113	1
108	114	1
108	115	1
108	116	1
108	117	1
108	118	1
108	119	1
108	120	1
108	121	1
108	122	1
108	123	1
108	124	1
108	125	1
108	126	1
108	127	1
108	128	1
108	129	1
108	130	1
108	131	1
108	132	1
108	133	1
108	134	1
108	135	1
108	136	1
108	137	1
108	138	1
108	139	1
108	140	1
108	141	1
108	142	1
108	143	1
108	144	1
108	145	1
108	146	1
108	147	1
108	148	1
108	149	1
108	150	1
108	151	1
108	152	1
108	153	1
108	154	1
108	155	1
108	156	1
108	157	1
108	158	1
108	159	1
108	160	1
108	161	1
109	86	1
109	87	1
109	88	1
109	89	1
109	90	1
109	91	1
109	92	1
109	93	1
109	94	1
109	95	1
109	96	1
109	97	1
109	98	1
109	99	1
109	100	1
109	101	1
109	102	1
109	103	1
109	104	1
109	105	1
109	106	1
109	107	1
109	108	1
109	109	1
109	110	1
109	111	1
109	112	1
109	113	1
109	114	1
109	115	1
109	116	1
109	117	1
109	118	1
109	119	1
109	120	1
109	121	1
109	122	1
109	123	1
109	124	1
109	125	1
109	126	1
109	127	1
109	128	1
109	129	1
109	130	1
109	131	1
109	132	1
109	133	1
109	134	1
109	135	1
109	136	1
109	137	1
109	138	1
109	139	1
109	140	1
109	141	1
109	142	1
109	143	1
109	144	1
109	145	1
109	146	1
109	147	1
109	148	1
109	149	1
109	150	1
109	151	1
109	152	1
109	153	1
109	154	1
109	155	1
109	156	1
109	157	1
109	158	1
109	159	1
109	160	1
109	161	1
110	87	1
110	88	1
110	89	1
110	90	1
110	91	1
110	92	1
110	93	1
110	94	1
110	95	1
110	96	1
110	97	1
110	98	1
110	99	1
110	100	1
110	101	1
110	102	1
110	103	1
110	104	1
110	105	1
110	106	1
110	107	1
110	108	1
110	109	1
110	110	1
110	111	1
110	112	1
110	113	1
110	114	1
110	115	1
110	116	1
110	117	1
110	118	1
110	119	1
110	120	1
110	121	1
110	122	1
110	123	1
110	124	1
110	125	1
110	126	1
110	127	1
110	128	1
110	129	1
110	130	1
110	131	1
110	132	1
110	133	1
110	134	1
110	135	1
110	136	1
110	137	1
110	138	1
110	139	1
110	140	1
110	141	1
110	142	1
110	143	1
110	144	1
110	145	1
110	146	1
110	147	1
110	148	1
110	149	1
110	150	1
110	151	1
110	152	1
110	153	1
110	154	1
110	155	1
110	156	1
110	157	1
110	158	1
110	159	1
110	160	1
110	161	1
111	87	1
111	88	1
111	89	1
111	90	1
111	91	1
111	92	1
111	93	1
111	94	1
111	95	1
111	96	1
111	97	1
111	98	1
111	99	1
111	100	1
111	101	1
111	102	1
111	103	1
111	104	1
111	105	1
111	106	1
111	107	1
111	108	1
111	109	1
111	110	1
111	111	1
111	112	1
111	113	1
111	114	1
111	115	1
111	116	1
111	117	1
111	118	1
111	119	1
111	120	1
111	121	1
111	122	1
111	123	1
111	124	1
111	125	1
111	126	1
111	127	1
111	128	1
111	129	1
111	130	1
111	131	1
111	132	1
111	133	1
111	134	1
111	135	1
111	136	1
111	137	1
111	138	1
111	139	1
111	140	1
111	141	1
111	142	1
111	143	1
111	144	1
111	145	1
111	146	1
111	147	1
111	148	1
111	149	1
111	150	1
111	151	1
111	152	1
111	153	1
111	154	1
111	155	1
111	156	1
111	157	1
111	158	1
111	159	1
111	160	1
111	161	1
112	88	1
112	89	1
112	90	1
112	91	1
112	92	1
112	93	1
112	94	1
112	95	1
112	96	1
112	97	1
112	98	1
112	99	1
112	100	1
112	101	1
112	102	1
112	103	1
112	104	1
112	105	1
112	106	1
112	107	1
112	108	1
112	109	1
112	110	1
112	111	1
112	112	1
112	113	1
112	114	1
112	115	1
112	116	1
112	117	1
112	118	1
112	119	1
112	120	1
112	121	1
112	122	1
112	123	1
112	124	1
112	125	1
112	126	1
112	127	1
112	128	1
112	129	1
112	130	1
112	131	1
112	132	1
112	133	1
112	134	1
112	135	1
112	136	1
112	137	1
112	138	1
112	139	1
112	140	1
112	141	1
112	142	1
112	143	1
112	144	1
112	145	1
112	146	1
112	147	1
112	148	1
112	149	1
112	150	1
112	151	1
112	152	1
112	153	1
112	154	1
112	155	1
112	156	1
112	157	1
112	158	1
112	159	1
112	160	1
112	161	1
113	89	1
113	90	1
113	91	1
113	92	1
113	93	1
113	94	1
113	95	1
113	96	1
113	97	1
113	98	1
113	99	1
113	100	1
113	101	1
113	102	1
113	103	1
113	104	1
113	105	1
113	106	1
113	107	1
113	108	1
113	109	1
113	110	1
113	111	1
113	112	1
113	113	1
113	114	1
113	115	1
113	116	1
113	117	1
113	118	1
113	119	1
113	120	1
113	121	1
113	122	1
113	123	1
113	124	1
113	125	1
113	126	1
113	127	1
113	128	1
113	129	1
113	130	1
113	131	1
113	132	1
113	133	1
113	134	1
113	135	1
113	136	1
113	137	1
113	138	1
113	139	1
113	140	1
113	141	1
113	142	1
113	143	1
113	144	1
113	145	1
113	146	1
113	147	1
113	148	1
113	149	1
113	150	1
113	151	1
113	152	1
113	153	1
113	154	1
113	155	1
113	156	1
113	157	1
113	158	1
113	159	1
113	160	1
113	161	1
114	89	1
114	90	1
114	91	1
114	92	1
114	93	1
114	94	1
114	95	1
114	96	1
114	97	1
114	98	1
114	99	1
114	100	1
114	101	1
114	102	1
114	103	1
114	104	1
114	105	1
114	106	1
114	107	1
114	108	1
114	109	1
114	110	1
114	111	1
114	112	1
114	113	1
114	114	1
114	115	1
114	116	1
114	117	1
114	118	1
114	119	1
114	120	1
114	121	1
114	122	1
114	123	1
114	124	1
114	125	1
114	126	1
114	127	1
114	128	1
114	129	1
114	130	1
114	131	1
114	132	1
114	133	1
114	134	1
114	135	1
114	136	1
114	137	1
114	138	1
114	139	1
114	140	1
114	141	1
114	142	1
114	143	1
114	144	1
114	145	1
114	146	1
114	147	1
114	148	1
114	149	1
114	150	1
114	151	1
114	152	1
114	153	1
114	154	1
114	155	1
114	156	1
114	157	1
114	158	1
114	159	1
114	160	1
114	161	1
115	90	1
115	91	1
115	92	1
115	93	1
115	94	1
115	95	1
115	96	1
115	97	1
115	98	1
115	99	1
115	100	1
115	101	1
115	102	1
115	103	1
115	104	1
115	105	1
115	106	1
115	107	1
115	108	1
115	109	1
115	110	1
115	111	1
115	112	1
115	113	1
115	114	1
115	115	1
115	116	1
115	117	1
115	118	1
115	119	1
115	120	1
115	121	1
115	122	1
115	123	1
115	124	1
115	125	1
115	126	1
115	127	1
115	128	1
115	129	1
115	130	1
115	131	1
115	132	1
115	133	1
115	134	1
115	135	1
115	136	1
115	137	1
115	138	1
115	139	1
115	140	1
115	141	1
115	142	1
115	143	1
115	144	1
115	145	1
115	146	1
115	147	1
115	148	1
115	149	1
115	150	1
115	151	1
115	152	1
115	153	1
115	154	1
115	155	1
115	156	1
115	157	1
115	158	1
115	159	1
115	160	1
115	161	1
116	91	1
116	92	1
116	93	1
116	94	1
116	95	1
116	96	1
116	97	1
116	98	1
116	99	1
116	100	1
116	101	1
116	102	1
116	103	1
116	104	1
116	105	1
116	106	1
116	107	1
116	108	1
116	109	1
116	110	1
116	111	1
116	112	1
116	113	1
116	114	1
116	115	1
116	116	1
116	117	1
116	118	1
116	119	1
116	120	1
116	121	1
116	122	1
116	123	1
116	124	1
116	125	1
116	126	1
116	127	1
116	128	1
116	129	1
116	130	1
116	131	1
116	132	1
116	133	1
116	134	1
116	135	1
116	136	1
116	137	1
116	138	1
116	139	1
116	140	1
116	141	1
116	142	1
116	143	1
116	144	1
116	145	1
116	146	1
116	147	1
116	148	1
116	149	1
116	150	1
116	151	1
116	152	1
116	153	1
116	154	1
116	155	1
116	156	1
116	157	1
116	158	1
116	159	1
116	160	1
116	161	1
117	91	1
117	92	1
117	93	1
117	94	1
117	95	1
117	96	1
117	97	1
117	98	1
117	99	1
117	100	1
117	101	1
117	102	1
117	103	1
117	104	1
117	105	1
117	106	1
117	107	1
117	108	1
117	109	1
117	110	1
117	111	1
117	112	1
117	113	1
117	114	1
117	115	1
117	116	1
117	117	1
117	118	1
117	119	1
117	120	1
117	121	1
117	122	1
117	123	1
117	124	1
117	125	1
117	126	1
117	127	1
117	128	1
117	129	1
117	130	1
117	131	1
117	132	1
117	133	1
117	134	1
117	135	1
117	136	1
117	137	1
117	138	1
117	139	1
117	140	1
117	141	1
117	142	1
117	143	1
117	144	1
117	145	1
117	146	1
117	147	1
117	148	1
117	149	1
117	150	1
117	151	1
117	152	1
117	153	1
117	154	1
117	155	1
117	156	1
117	157	1
117	158	1
117	159	1
117	160	1
117	161	1
118	92	1
118	93	1
118	94	1
118	95	1
118	96	1
118	97	1
118	98	1
118	99	1
118	100	1
118	101	1
118	102	1
118	103	1
118	104	1
118	105	1
118	106	1
118	107	1
118	108	1
118	109	1
118	110	1
118	111	1
118	112	1
118	113	1
118	114	1
118	115	1
118	116	1
118	117	1
118	118	1
118	119	1
118	120	1
118	121	1
118	122	1
118	123	1
118	124	1
118	125	1
118	126	1
118	127	1
118	128	1
118	129	1
118	130	1
118	131	1
118	132	1
118	133	1
118	134	1
118	135	1
118	136	1
118	137	1
118	138	1
118	139	1
118	140	1
118	141	1
118	142	1
118	143	1
118	144	1
118	145	1
118	146	1
118	147	1
118	148	1
118	149	1
118	150	1
118	151	1
118	152	1
118	153	1
118	154	1
118	155	1
118	156	1
118	157	1
118	158	1
118	159	1
118	160	1
118	161	1
119	93	1
119	94	1
119	95	1
119	96	1
119	97	1
119	98	1
119	99	1
119	100	1
119	101	1
119	102	1
119	103	1
119	104	1
119	105	1
119	106	1
119	107	1
119	108	1
119	109	1
119	110	1
119	111	1
119	112	1
119	113	1
119	114	1
119	115	1
119	116	1
119	117	1
119	118	1
119	119	1
119	120	1
119	121	1
119	122	1
119	123	1
119	124	1
119	125	1
119	126	1
119	127	1
119	128	1
119	129	1
119	130	1
119	131	1
119	132	1
119	133	1
119	134	1
119	135	1
119	136	1
119	137	1
119	138	1
119	139	1
119	140	1
119	141	1
119	142	1
119	143	1
119	144	1
119	145	1
119	146	1
119	147	1
119	148	1
119	149	1
119	150	1
119	151	1
119	152	1
119	153	1
119	154	1
119	155	1
119	156	1
119	157	1
119	158	1
119	159	1
119	160	1
119	161	1
120	94	1
120	95	1
120	96	1
120	97	1
120	98	1
120	99	1
120	100	1
120	101	1
120	102	1
120	103	1
120	104	1
120	105	1
120	106	1
120	107	1
120	108	1
120	109	1
120	110	1
120	111	1
120	112	1
120	113	1
120	114	1
120	115	1
120	116	1
120	117	1
120	118	1
120	119	1
120	120	1
120	121	1
120	122	1
120	123	1
120	124	1
120	125	1
120	126	1
120	127	1
120	128	1
120	129	1
120	130	1
120	131	1
120	132	1
120	133	1
120	134	1
120	135	1
120	136	1
120	137	1
120	138	1
120	139	1
120	140	1
120	141	1
120	142	1
120	143	1
120	144	1
120	145	1
120	146	1
120	147	1
120	148	1
120	149	1
120	150	1
120	151	1
120	152	1
120	153	1
120	154	1
120	155	1
120	156	1
120	157	1
120	158	1
120	159	1
120	160	1
120	161	1
121	95	1
121	96	1
121	97	1
121	98	1
121	99	1
121	100	1
121	101	1
121	102	1
121	103	1
121	104	1
121	105	1
121	106	1
121	107	1
121	108	1
121	109	1
121	110	1
121	111	1
121	112	1
121	113	1
121	114	1
121	115	1
121	116	1
121	117	1
121	118	1
121	119	1
121	120	1
121	121	1
121	122	1
121	123	1
121	124	1
121	125	1
121	126	1
121	127	1
121	128	1
121	129	1
121	130	1
121	131	1
121	132	1
121	133	1
121	134	1
121	135	1
121	136	1
121	137	1
121	138	1
121	139	1
121	140	1
121	141	1
121	142	1
121	143	1
121	144	1
121	145	1
121	146	1
121	147	1
121	148	1
121	149	1
121	150	1
121	151	1
121	152	1
121	153	1
121	154	1
121	155	1
121	156	1
121	157	1
121	158	1
121	159	1
121	160	1
121	161	1
122	96	1
122	97	1
122	98	1
122	99	1
122	100	1
122	101	1
122	102	1
122	103	1
122	104	1
122	105	1
122	106	1
122	107	1
122	108	1
122	109	1
122	110	1
122	111	1
122	112	1
122	113	1
122	114	1
122	115	1
122	116	1
122	117	1
122	118	1
122	119	1
122	120	1
122	121	1
122	122	1
122	123	1
122	124	1
122	125	1
122	126	1
122	127	1
122	128	1
122	129	1
122	130	1
122	131	1
122	132	1
122	133	1
122	134	1
122	135	1
122	136	1
122	137	1
122	138	1
122	139	1
122	140	1
122	141	1
122	142	1
122	143	1
122	144	1
122	145	1
122	146	1
122	147	1
122	148	1
122	149	1
122	150	1
122	151	1
122	152	1
122	153	1
122	154	1
122	155	1
122	156	1
122	157	1
122	158	1
122	159	1
122	160	1
122	161	1
123	96	1
123	97	1
123	98	1
123	99	1
123	100	1
123	101	1
123	102	1
123	103	1
123	104	1
123	105	1
123	106	1
123	107	1
123	108	1
123	109	1
123	110	1
123	111	1
123	112	1
123	113	1
123	114	1
123	115	1
123	116	1
123	117	1
123	118	1
123	119	1
123	120	1
123	121	1
123	122	1
123	123	1
123	124	1
123	125	1
123	126	1
123	127	1
123	128	1
123	129	1
123	130	1
123	131	1
123	132	1
123	133	1
123	134	1
123	135	1
123	136	1
123	137	1
123	138	1
123	139	1
123	140	1
123	141	1
123	142	1
123	143	1
123	144	1
123	145	1
123	146	1
123	147	1
123	148	1
123	149	1
123	150	1
123	151	1
123	152	1
123	153	1
123	154	1
123	155	1
123	156	1
123	157	1
123	158	1
123	159	1
123	160	1
123	161	1
124	97	1
124	98	1
124	99	1
124	100	1
124	101	1
124	102	1
124	103	1
124	104	1
124	105	1
124	106	1
124	107	1
124	108	1
124	109	1
124	110	1
124	111	1
124	112	1
124	113	1
124	114	1
124	115	1
124	116	1
124	117	1
124	118	1
124	119	1
124	120	1
124	121	1
124	122	1
124	123	1
124	124	1
124	125	1
124	126	1
124	127	1
124	128	1
124	129	1
124	130	1
124	131	1
124	132	1
124	133	1
124	134	1
124	135	1
124	136	1
124	137	1
124	138	1
124	139	1
124	140	1
124	141	1
124	142	1
124	143	1
124	144	1
124	145	1
124	146	1
124	147	1
124	148	1
124	149	1
124	150	1
124	151	1
124	152	1
124	153	1
124	154	1
124	155	1
124	156	1
124	157	1
124	158	1
124	159	1
124	160	1
124	161	1
125	98	1
125	99	1
125	100	1
125	101	1
125	102	1
125	103	1
125	104	1
125	105	1
125	106	1
125	107	1
125	108	1
125	109	1
125	110	1
125	111	1
125	112	1
125	113	1
125	114	1
125	115	1
125	116	1
125	117	1
125	118	1
125	119	1
125	120	1
125	121	1
125	122	1
125	123	1
125	124	1
125	125	1
125	126	1
125	127	1
125	128	1
125	129	1
125	130	1
125	131	1
125	132	1
125	133	1
125	134	1
125	135	1
125	136	1
125	137	1
125	138	1
125	139	1
125	140	1
125	141	1
125	142	1
125	143	1
125	144	1
125	145	1
125	146	1
125	147	1
125	148	1
125	149	1
125	150	1
125	151	1
125	152	1
125	153	1
125	154	1
125	155	1
125	156	1
125	157	1
125	158	1
125	159	1
125	160	1
125	161	1
126	99	1
126	100	1
126	101	1
126	102	1
126	103	1
126	104	1
126	105	1
126	106	1
126	107	1
126	108	1
126	109	1
126	110	1
126	111	1
126	112	1
126	113	1
126	114	1
126	115	1
126	116	1
126	117	1
126	118	1
126	119	1
126	120	1
126	121	1
126	122	1
126	123	1
126	124	1
126	125	1
126	126	1
126	127	1
126	128	1
126	129	1
126	130	1
126	131	1
126	132	1
126	133	1
126	134	1
126	135	1
126	136	1
126	137	1
126	138	1
126	139	1
126	140	1
126	141	1
126	142	1
126	143	1
126	144	1
126	145	1
126	146	1
126	147	1
126	148	1
126	149	1
126	150	1
126	151	1
126	152	1
126	153	1
126	154	1
126	155	1
126	156	1
126	157	1
126	158	1
126	159	1
126	160	1
126	161	1
127	100	1
127	101	1
127	102	1
127	103	1
127	104	1
127	105	1
127	106	1
127	107	1
127	108	1
127	109	1
127	110	1
127	111	1
127	112	1
127	113	1
127	114	1
127	115	1
127	116	1
127	117	1
127	118	1
127	119	1
127	120	1
127	121	1
127	122	1
127	123	1
127	124	1
127	125	1
127	126	1
127	127	1
127	128	1
127	129	1
127	130	1
127	131	1
127	132	1
127	133	1
127	134	1
127	135	1
127	136	1
127	137	1
127	138	1
127	139	1
127	140	1
127	141	1
127	142	1
127	143	1
127	144	1
127	145	1
127	146	1
127	147	1
127	148	1
127	149	1
127	150	1
127	151	1
127	152	1
127	153	1
127	154	1
127	155	1
127	156	1
127	157	1
127	158	1
127	159	1
127	160	1
127	161	1
128	101	1
128	102	1
128	103	1
128	104	1
128	105	1
128	106	1
128	107	1
128	108	1
128	109	1
128	110	1
128	111	1
128	112	1
128	113	1
128	114	1
128	115	1
128	116	1
128	117	1
128	118	1
128	119	1
128	120	1
128	121	1
128	122	1
128	123	1
128	124	1
128	125	1
128	126	1
128	127	1
128	128	1
128	129	1
128	130	1
128	131	1
128	132	1
128	133	1
128	134	1
128	135	1
128	136	1
128	137	1
128	138	1
128	139	1
128	140	1
128	141	1
128	142	1
128	143	1
128	144	1
128	145	1
128	146	1
128	147	1
128	148	1
128	149	1
128	150	1
128	151	1
128	152	1
128	153	1
128	154	1
128	155	1
128	156	1
128	157	1
128	158	1
128	159	1
128	160	1
128	161	1
129	103	1
129	104	1
129	105	1
129	106	1
129	107	1
129	108	1
129	109	1
129	110	1
129	111	1
129	112	1
129	113	1
129	114	1
129	115	1
129	116	1
129	117	1
129	118	1
129	119	1
129	120	1
129	121	1
129	122	1
129	123	1
129	124	1
129	125	1
129	126	1
129	127	1
129	128	1
129	129	1
129	130	1
129	131	1
129	132	1
129	133	1
129	134	1
129	135	1
129	136	1
129	137	1
129	138	1
129	139	1
129	140	1
129	141	1
129	142	1
129	143	1
129	144	1
129	145	1
129	146	1
129	147	1
129	148	1
129	149	1
129	150	1
129	151	1
129	152	1
129	153	1
129	154	1
129	155	1
129	156	1
129	157	1
129	158	1
129	159	1
129	160	1
129	161	1
130	104	1
130	105	1
130	106	1
130	107	1
130	108	1
130	109	1
130	110	1
130	111	1
130	112	1
130	113	1
130	114	1
130	115	1
130	116	1
130	117	1
130	118	1
130	119	1
130	120	1
130	121	1
130	122	1
130	123	1
130	124	1
130	125	1
130	126	1
130	127	1
130	128	1
130	129	1
130	130	1
130	131	1
130	132	1
130	133	1
130	134	1
130	135	1
130	136	1
130	137	1
130	138	1
130	139	1
130	140	1
130	141	1
130	142	1
130	143	1
130	144	1
130	145	1
130	146	1
130	147	1
130	148	1
130	149	1
130	150	1
130	151	1
130	152	1
130	153	1
130	154	1
130	155	1
130	156	1
130	157	1
130	158	1
130	159	1
130	160	1
130	161	1
131	105	1
131	106	1
131	107	1
131	108	1
131	109	1
131	110	1
131	111	1
131	112	1
131	113	1
131	114	1
131	115	1
131	116	1
131	117	1
131	118	1
131	119	1
131	120	1
131	121	1
131	122	1
131	123	1
131	124	1
131	125	1
131	126	1
131	127	1
131	128	1
131	129	1
131	130	1
131	131	1
131	132	1
131	133	1
131	134	1
131	135	1
131	136	1
131	137	1
131	138	1
131	139	1
131	140	1
131	141	1
131	142	1
131	143	1
131	144	1
131	145	1
131	146	1
131	147	1
131	148	1
131	149	1
131	150	1
131	151	1
131	152	1
131	153	1
131	154	1
131	155	1
131	156	1
131	157	1
131	158	1
131	159	1
131	160	1
131	161	1
132	106	1
132	107	1
132	108	1
132	109	1
132	110	1
132	111	1
132	112	1
132	113	1
132	114	1
132	115	1
132	116	1
132	117	1
132	118	1
132	119	1
132	120	1
132	121	1
132	122	1
132	123	1
132	124	1
132	125	1
132	126	1
132	127	1
132	128	1
132	129	1
132	130	1
132	131	1
132	132	1
132	133	1
132	134	1
132	135	1
132	136	1
132	137	1
132	138	1
132	139	1
132	140	1
132	141	1
132	142	1
132	143	1
132	144	1
132	145	1
132	146	1
132	147	1
132	148	1
132	149	1
132	150	1
132	151	1
132	152	1
132	153	1
132	154	1
132	155	1
132	156	1
132	157	1
132	158	1
132	159	1
132	160	1
132	161	1
133	107	1
133	108	1
133	109	1
133	110	1
133	111	1
133	112	1
133	113	1
133	114	1
133	115	1
133	116	1
133	117	1
133	118	1
133	119	1
133	120	1
133	121	1
133	122	1
133	123	1
133	124	1
133	125	1
133	126	1
133	127	1
133	128	1
133	129	1
133	130	1
133	131	1
133	132	1
133	133	1
133	134	1
133	135	1
133	136	1
133	137	1
133	138	1
133	139	1
133	140	1
133	141	1
133	142	1
133	143	1
133	144	1
133	145	1
133	146	1
133	147	1
133	148	1
133	149	1
133	150	1
133	151	1
133	152	1
133	153	1
133	154	1
133	155	1
133	156	1
133	157	1
133	158	1
133	159	1
133	160	1
133	161	1
134	109	1
134	110	1
134	111	1
134	112	1
134	113	1
134	114	1
134	115	1
134	116	1
134	117	1
134	118	1
134	119	1
134	120	1
134	121	1
134	122	1
134	123	1
134	124	1
134	125	1
134	126	1
134	127	1
134	128	1
134	129	1
134	130	1
134	131	1
134	132	1
134	133	1
134	134	1
134	135	1
134	136	1
134	137	1
134	138	1
134	139	1
134	140	1
134	141	1
134	142	1
134	143	1
134	144	1
134	145	1
134	146	1
134	147	1
134	148	1
134	149	1
134	150	1
134	151	1
134	152	1
134	153	1
134	154	1
134	155	1
134	156	1
134	157	1
134	158	1
134	159	1
134	160	1
134	161	1
135	110	1
135	111	1
135	112	1
135	113	1
135	114	1
135	115	1
135	116	1
135	117	1
135	118	1
135	119	1
135	120	1
135	121	1
135	122	1
135	123	1
135	124	1
135	125	1
135	126	1
135	127	1
135	128	1
135	129	1
135	130	1
135	131	1
135	132	1
135	133	1
135	134	1
135	135	1
135	136	1
135	137	1
135	138	1
135	139	1
135	140	1
135	141	1
135	142	1
135	143	1
135	144	1
135	145	1
135	146	1
135	147	1
135	148	1
135	149	1
135	150	1
135	151	1
135	152	1
135	153	1
135	154	1
135	155	1
135	156	1
135	157	1
135	158	1
135	159	1
135	160	1
135	161	1
136	112	1
136	113	1
136	114	1
136	115	1
136	116	1
136	117	1
136	118	1
136	119	1
136	120	1
136	121	1
136	122	1
136	123	1
136	124	1
136	125	1
136	126	1
136	127	1
136	128	1
136	129	1
136	130	1
136	131	1
136	132	1
136	133	1
136	134	1
136	135	1
136	136	1
136	137	1
136	138	1
136	139	1
136	140	1
136	141	1
136	142	1
136	143	1
136	144	1
136	145	1
136	146	1
136	147	1
136	148	1
136	149	1
136	150	1
136	151	1
136	152	1
136	153	1
136	154	1
136	155	1
136	156	1
136	157	1
136	158	1
136	159	1
136	160	1
136	161	1
137	113	1
137	114	1
137	115	1
137	116	1
137	117	1
137	118	1
137	119	1
137	120	1
137	121	1
137	122	1
137	123	1
137	124	1
137	125	1
137	126	1
137	127	1
137	128	1
137	129	1
137	130	1
137	131	1
137	132	1
137	133	1
137	134	1
137	135	1
137	136	1
137	137	1
137	138	1
137	139	1
137	140	1
137	141	1
137	142	1
137	143	1
137	144	1
137	145	1
137	146	1
137	147	1
137	148	1
137	149	1
137	150	1
137	151	1
137	152	1
137	153	1
137	154	1
137	155	1
137	156	1
137	157	1
137	158	1
137	159	1
137	160	1
137	161	1
138	115	1
138	116	1
138	117	1
138	118	1
138	119	1
138	120	1
138	121	1
138	122	1
138	123	1
138	124	1
138	125	1
138	126	1
138	127	1
138	128	1
138	129	1
138	130	1
138	131	1
138	132	1
138	133	1
138	134	1
138	135	1
138	136	1
138	137	1
138	138	1
138	139	1
138	140	1
138	141	1
138	142	1
138	143	1
138	144	1
138	145	1
138	146	1
138	147	1
138	148	1
138	149	1
138	150	1
138	151	1
138	152	1
138	153	1
138	154	1
138	155	1
138	156	1
138	157	1
138	158	1
138	159	1
138	160	1
138	161	1
139	117	1
139	118	1
139	119	1
139	120	1
139	121	1
139	122	1
139	123	1
139	124	1
139	125	1
139	126	1
139	127	1
139	128	1
139	129	1
139	130	1
139	131	1
139	132	1
139	133	1
139	134	1
139	135	1
139	136	1
139	137	1
139	138	1
139	139	1
139	140	1
139	141	1
139	142	1
139	143	1
139	144	1
139	145	1
139	146	1
139	147	1
139	148	1
139	149	1
139	150	1
139	151	1
139	152	1
139	153	1
139	154	1
139	155	1
139	156	1
139	157	1
139	158	1
139	159	1
139	160	1
139	161	1
140	119	1
140	120	1
140	121	1
140	122	1
140	123	1
140	124	1
140	125	1
140	126	1
140	127	1
140	128	1
140	129	1
140	130	1
140	131	1
140	132	1
140	133	1
140	134	1
140	135	1
140	136	1
140	137	1
140	138	1
140	139	1
140	140	1
140	141	1
140	142	1
140	143	1
140	144	1
140	145	1
140	146	1
140	147	1
140	148	1
140	149	1
140	150	1
140	151	1
140	152	1
140	153	1
140	154	1
140	155	1
140	156	1
140	157	1
140	158	1
140	159	1
140	160	1
140	161	1
141	121	1
141	122	1
141	123	1
141	124	1
141	125	1
141	126	1
141	127	1
141	128	1
141	129	1
141	130	1
141	131	1
141	132	1
141	133	1
141	134	1
141	135	1
141	136	1
141	137	1
141	138	1
141	139	1
141	140	1
141	141	1
141	142	1
141	143	1
141	144	1
141	145	1
141	146	1
141	147	1
141	148	1
141	149	1
141	150	1
141	151	1
141	152	1
141	153	1
141	154	1
141	155	1
141	156	1
141	157	1
141	158	1
141	159	1
141	160	1
141	161	1
142	123	1
142	124	1
142	125	1
142	126	1
142	127	1
142	128	1
142	129	1
142	130	1
142	131	1
142	132	1
142	133	1
142	134	1
142	135	1
142	136	1
142	137	1
142	138	1
142	139	1
142	140	1
142	141	1
142	142	1
142	143	1
142	144	1
142	145	1
142	146	1
142	147	1
142	148	1
142	149	1
142	150	1
142	151	1
142	152	1
142	153	1
142	154	1
142	155	1
142	156	1
142	157	1
142	158	1
142	159	1
142	160	1
142	161	1
143	125	1
143	126	1
143	127	1
143	128	1
143	129	1
143	130	1
143	131	1
143	132	1
143	133	1
143	134	1
143	135	1
143	136	1
143	137	1
143	138	1
143	139	1
143	140	1
143	141	1
143	142	1
143	143	1
143	144	1
143	145	1
143	146	1
143	147	1
143	148	1
143	149	1
143	150	1
143	151	1
143	152	1
143	153	1
143	154	1
143	155	1
143	156	1
143	157	1
143	158	1
143	159	1
143	160	1
143	161	1
144	128	1
144	129	1
144	130	1
144	131	1
144	132	1
144	133	1
144	134	1
144	135	1
144	136	1
144	137	1
144	138	1
144	139	1
144	140	1
144	141	1
144	142	1
144	143	1
144	144	1
144	145	1
144	146	1
144	147	1
144	148	1
144	149	1
144	150	1
144	151	1
144	152	1
144	153	1
144	154	1
144	155	1
144	156	1
144	157	1
144	158	1
144	159	1
144	160	1
144	161	1
145	131	1
145	132	1
145	133	1
145	134	1
145	135	1
145	136	1
145	137	1
145	138	1
145	139	1
145	140	1
145	141	1
145	142	1
145	143	1
145	144	1
145	145	1
145	146	1
145	147	1
145	148	1
145	149	1
145	150	1
145	151	1
145	152	1
145	153	1
145	154	1
145	155	1
145	156	1
145	157	1
145	158	1
145	159	1
145	160	1
145	161	1
146	134	1
146	135	1
146	136	1
146	137	1
146	138	1
146	139	1
146	140	1
146	141	1
146	142	1
146	143	1
146	144	1
146	145	1
146	146	1
146	147	1
146	148	1
146	149	1
146	150	1
146	151	1
146	152	1
146	153	1
146	154	1
146	155	1
146	156	1
146	157	1
146	158	1
146	159	1
146	160	1
146	161	1
147	138	1
147	139	1
147	140	1
147	141	1
147	142	1
147	143	1
147	144	1
147	145	1
147	146	1
147	147	1
147	148	1
147	149	1
147	150	1
147	151	1
147	152	1
147	153	1
147	154	1
147	155	1
147	156	1
147	157	1
147	158	1
147	159	1
147	160	1
147	161	1
148	143	1
148	144	1
148	145	1
148	146	1
148	147	1
148	148	1
148	149	1
148	150	1
148	151	1
148	152	1
148	153	1
148	154	1
148	155	1
148	156	1
148	157	1
148	158	1
148	159	1
148	160	1
148	161	1
149	155	1
