pix_x	pix_y	Flag
30	3	1
31	0	1
31	1	1
31	2	1
31	3	1
31	4	1
31	5	1
31	6	1
31	7	1
31	8	1
31	9	1
31	10	1
31	11	1
31	12	1
31	13	1
32	0	1
32	1	1
32	2	1
32	3	1
32	4	1
32	5	1
32	6	1
32	7	1
32	8	1
32	9	1
32	10	1
32	11	1
32	12	1
32	13	1
32	14	1
32	15	1
32	16	1
32	17	1
32	18	1
33	0	1
33	1	1
33	2	1
33	3	1
33	4	1
33	5	1
33	6	1
33	7	1
33	8	1
33	9	1
33	10	1
33	11	1
33	12	1
33	13	1
33	14	1
33	15	1
33	16	1
33	17	1
33	18	1
33	19	1
33	20	1
33	21	1
34	0	1
34	1	1
34	2	1
34	3	1
34	4	1
34	5	1
34	6	1
34	7	1
34	8	1
34	9	1
34	10	1
34	11	1
34	12	1
34	13	1
34	14	1
34	15	1
34	16	1
34	17	1
34	18	1
34	19	1
34	20	1
34	21	1
34	22	1
34	23	1
34	24	1
35	0	1
35	1	1
35	2	1
35	3	1
35	4	1
35	5	1
35	6	1
35	7	1
35	8	1
35	9	1
35	10	1
35	11	1
35	12	1
35	13	1
35	14	1
35	15	1
35	16	1
35	17	1
35	18	1
35	19	1
35	20	1
35	21	1
35	22	1
35	23	1
35	24	1
35	25	1
35	26	1
36	0	1
36	1	1
36	2	1
36	3	1
36	4	1
36	5	1
36	6	1
36	7	1
36	8	1
36	9	1
36	10	1
36	11	1
36	12	1
36	13	1
36	14	1
36	15	1
36	16	1
36	17	1
36	18	1
36	19	1
36	20	1
36	21	1
36	22	1
36	23	1
36	24	1
36	25	1
36	26	1
36	27	1
36	28	1
37	0	1
37	1	1
37	2	1
37	3	1
37	4	1
37	5	1
37	6	1
37	7	1
37	8	1
37	9	1
37	10	1
37	11	1
37	12	1
37	13	1
37	14	1
37	15	1
37	16	1
37	17	1
37	18	1
37	19	1
37	20	1
37	21	1
37	22	1
37	23	1
37	24	1
37	25	1
37	26	1
37	27	1
37	28	1
37	29	1
37	30	1
38	0	1
38	1	1
38	2	1
38	3	1
38	4	1
38	5	1
38	6	1
38	7	1
38	8	1
38	9	1
38	10	1
38	11	1
38	12	1
38	13	1
38	14	1
38	15	1
38	16	1
38	17	1
38	18	1
38	19	1
38	20	1
38	21	1
38	22	1
38	23	1
38	24	1
38	25	1
38	26	1
38	27	1
38	28	1
38	29	1
38	30	1
38	31	1
38	32	1
39	0	1
39	1	1
39	2	1
39	3	1
39	4	1
39	5	1
39	6	1
39	7	1
39	8	1
39	9	1
39	10	1
39	11	1
39	12	1
39	13	1
39	14	1
39	15	1
39	16	1
39	17	1
39	18	1
39	19	1
39	20	1
39	21	1
39	22	1
39	23	1
39	24	1
39	25	1
39	26	1
39	27	1
39	28	1
39	29	1
39	30	1
39	31	1
39	32	1
39	33	1
39	34	1
40	0	1
40	1	1
40	2	1
40	3	1
40	4	1
40	5	1
40	6	1
40	7	1
40	8	1
40	9	1
40	10	1
40	11	1
40	12	1
40	13	1
40	14	1
40	15	1
40	16	1
40	17	1
40	18	1
40	19	1
40	20	1
40	21	1
40	22	1
40	23	1
40	24	1
40	25	1
40	26	1
40	27	1
40	28	1
40	29	1
40	30	1
40	31	1
40	32	1
40	33	1
40	34	1
40	35	1
41	0	1
41	1	1
41	2	1
41	3	1
41	4	1
41	5	1
41	6	1
41	7	1
41	8	1
41	9	1
41	10	1
41	11	1
41	12	1
41	13	1
41	14	1
41	15	1
41	16	1
41	17	1
41	18	1
41	19	1
41	20	1
41	21	1
41	22	1
41	23	1
41	24	1
41	25	1
41	26	1
41	27	1
41	28	1
41	29	1
41	30	1
41	31	1
41	32	1
41	33	1
41	34	1
41	35	1
41	36	1
41	37	1
42	0	1
42	1	1
42	2	1
42	3	1
42	4	1
42	5	1
42	6	1
42	7	1
42	8	1
42	9	1
42	10	1
42	11	1
42	12	1
42	13	1
42	14	1
42	15	1
42	16	1
42	17	1
42	18	1
42	19	1
42	20	1
42	21	1
42	22	1
42	23	1
42	24	1
42	25	1
42	26	1
42	27	1
42	28	1
42	29	1
42	30	1
42	31	1
42	32	1
42	33	1
42	34	1
42	35	1
42	36	1
42	37	1
42	38	1
43	0	1
43	1	1
43	2	1
43	3	1
43	4	1
43	5	1
43	6	1
43	7	1
43	8	1
43	9	1
43	10	1
43	11	1
43	12	1
43	13	1
43	14	1
43	15	1
43	16	1
43	17	1
43	18	1
43	19	1
43	20	1
43	21	1
43	22	1
43	23	1
43	24	1
43	25	1
43	26	1
43	27	1
43	28	1
43	29	1
43	30	1
43	31	1
43	32	1
43	33	1
43	34	1
43	35	1
43	36	1
43	37	1
43	38	1
43	39	1
44	0	1
44	1	1
44	2	1
44	3	1
44	4	1
44	5	1
44	6	1
44	7	1
44	8	1
44	9	1
44	10	1
44	11	1
44	12	1
44	13	1
44	14	1
44	15	1
44	16	1
44	17	1
44	18	1
44	19	1
44	20	1
44	21	1
44	22	1
44	23	1
44	24	1
44	25	1
44	26	1
44	27	1
44	28	1
44	29	1
44	30	1
44	31	1
44	32	1
44	33	1
44	34	1
44	35	1
44	36	1
44	37	1
44	38	1
44	39	1
44	40	1
44	41	1
45	0	1
45	1	1
45	2	1
45	3	1
45	4	1
45	5	1
45	6	1
45	7	1
45	8	1
45	9	1
45	10	1
45	11	1
45	12	1
45	13	1
45	14	1
45	15	1
45	16	1
45	17	1
45	18	1
45	19	1
45	20	1
45	21	1
45	22	1
45	23	1
45	24	1
45	25	1
45	26	1
45	27	1
45	28	1
45	29	1
45	30	1
45	31	1
45	32	1
45	33	1
45	34	1
45	35	1
45	36	1
45	37	1
45	38	1
45	39	1
45	40	1
45	41	1
45	42	1
46	0	1
46	1	1
46	2	1
46	3	1
46	4	1
46	5	1
46	6	1
46	7	1
46	8	1
46	9	1
46	10	1
46	11	1
46	12	1
46	13	1
46	14	1
46	15	1
46	16	1
46	17	1
46	18	1
46	19	1
46	20	1
46	21	1
46	22	1
46	23	1
46	24	1
46	25	1
46	26	1
46	27	1
46	28	1
46	29	1
46	30	1
46	31	1
46	32	1
46	33	1
46	34	1
46	35	1
46	36	1
46	37	1
46	38	1
46	39	1
46	40	1
46	41	1
46	42	1
46	43	1
47	0	1
47	1	1
47	2	1
47	3	1
47	4	1
47	5	1
47	6	1
47	7	1
47	8	1
47	9	1
47	10	1
47	11	1
47	12	1
47	13	1
47	14	1
47	15	1
47	16	1
47	17	1
47	18	1
47	19	1
47	20	1
47	21	1
47	22	1
47	23	1
47	24	1
47	25	1
47	26	1
47	27	1
47	28	1
47	29	1
47	30	1
47	31	1
47	32	1
47	33	1
47	34	1
47	35	1
47	36	1
47	37	1
47	38	1
47	39	1
47	40	1
47	41	1
47	42	1
47	43	1
47	44	1
48	0	1
48	1	1
48	2	1
48	3	1
48	4	1
48	5	1
48	6	1
48	7	1
48	8	1
48	9	1
48	10	1
48	11	1
48	12	1
48	13	1
48	14	1
48	15	1
48	16	1
48	17	1
48	18	1
48	19	1
48	20	1
48	21	1
48	22	1
48	23	1
48	24	1
48	25	1
48	26	1
48	27	1
48	28	1
48	29	1
48	30	1
48	31	1
48	32	1
48	33	1
48	34	1
48	35	1
48	36	1
48	37	1
48	38	1
48	39	1
48	40	1
48	41	1
48	42	1
48	43	1
48	44	1
48	45	1
49	0	1
49	1	1
49	2	1
49	3	1
49	4	1
49	5	1
49	6	1
49	7	1
49	8	1
49	9	1
49	10	1
49	11	1
49	12	1
49	13	1
49	14	1
49	15	1
49	16	1
49	17	1
49	18	1
49	19	1
49	20	1
49	21	1
49	22	1
49	23	1
49	24	1
49	25	1
49	26	1
49	27	1
49	28	1
49	29	1
49	30	1
49	31	1
49	32	1
49	33	1
49	34	1
49	35	1
49	36	1
49	37	1
49	38	1
49	39	1
49	40	1
49	41	1
49	42	1
49	43	1
49	44	1
49	45	1
49	46	1
50	0	1
50	1	1
50	2	1
50	3	1
50	4	1
50	5	1
50	6	1
50	7	1
50	8	1
50	9	1
50	10	1
50	11	1
50	12	1
50	13	1
50	14	1
50	15	1
50	16	1
50	17	1
50	18	1
50	19	1
50	20	1
50	21	1
50	22	1
50	23	1
50	24	1
50	25	1
50	26	1
50	27	1
50	28	1
50	29	1
50	30	1
50	31	1
50	32	1
50	33	1
50	34	1
50	35	1
50	36	1
50	37	1
50	38	1
50	39	1
50	40	1
50	41	1
50	42	1
50	43	1
50	44	1
50	45	1
50	46	1
50	47	1
51	0	1
51	1	1
51	2	1
51	3	1
51	4	1
51	5	1
51	6	1
51	7	1
51	8	1
51	9	1
51	10	1
51	11	1
51	12	1
51	13	1
51	14	1
51	15	1
51	16	1
51	17	1
51	18	1
51	19	1
51	20	1
51	21	1
51	22	1
51	23	1
51	24	1
51	25	1
51	26	1
51	27	1
51	28	1
51	29	1
51	30	1
51	31	1
51	32	1
51	33	1
51	34	1
51	35	1
51	36	1
51	37	1
51	38	1
51	39	1
51	40	1
51	41	1
51	42	1
51	43	1
51	44	1
51	45	1
51	46	1
51	47	1
51	48	1
52	0	1
52	1	1
52	2	1
52	3	1
52	4	1
52	5	1
52	6	1
52	7	1
52	8	1
52	9	1
52	10	1
52	11	1
52	12	1
52	13	1
52	14	1
52	15	1
52	16	1
52	17	1
52	18	1
52	19	1
52	20	1
52	21	1
52	22	1
52	23	1
52	24	1
52	25	1
52	26	1
52	27	1
52	28	1
52	29	1
52	30	1
52	31	1
52	32	1
52	33	1
52	34	1
52	35	1
52	36	1
52	37	1
52	38	1
52	39	1
52	40	1
52	41	1
52	42	1
52	43	1
52	44	1
52	45	1
52	46	1
52	47	1
52	48	1
53	0	1
53	1	1
53	2	1
53	3	1
53	4	1
53	5	1
53	6	1
53	7	1
53	8	1
53	9	1
53	10	1
53	11	1
53	12	1
53	13	1
53	14	1
53	15	1
53	16	1
53	17	1
53	18	1
53	19	1
53	20	1
53	21	1
53	22	1
53	23	1
53	24	1
53	25	1
53	26	1
53	27	1
53	28	1
53	29	1
53	30	1
53	31	1
53	32	1
53	33	1
53	34	1
53	35	1
53	36	1
53	37	1
53	38	1
53	39	1
53	40	1
53	41	1
53	42	1
53	43	1
53	44	1
53	45	1
53	46	1
53	47	1
53	48	1
53	49	1
54	0	1
54	1	1
54	2	1
54	3	1
54	4	1
54	5	1
54	6	1
54	7	1
54	8	1
54	9	1
54	10	1
54	11	1
54	12	1
54	13	1
54	14	1
54	15	1
54	16	1
54	17	1
54	18	1
54	19	1
54	20	1
54	21	1
54	22	1
54	23	1
54	24	1
54	25	1
54	26	1
54	27	1
54	28	1
54	29	1
54	30	1
54	31	1
54	32	1
54	33	1
54	34	1
54	35	1
54	36	1
54	37	1
54	38	1
54	39	1
54	40	1
54	41	1
54	42	1
54	43	1
54	44	1
54	45	1
54	46	1
54	47	1
54	48	1
54	49	1
54	50	1
55	0	1
55	1	1
55	2	1
55	3	1
55	4	1
55	5	1
55	6	1
55	7	1
55	8	1
55	9	1
55	10	1
55	11	1
55	12	1
55	13	1
55	14	1
55	15	1
55	16	1
55	17	1
55	18	1
55	19	1
55	20	1
55	21	1
55	22	1
55	23	1
55	24	1
55	25	1
55	26	1
55	27	1
55	28	1
55	29	1
55	30	1
55	31	1
55	32	1
55	33	1
55	34	1
55	35	1
55	36	1
55	37	1
55	38	1
55	39	1
55	40	1
55	41	1
55	42	1
55	43	1
55	44	1
55	45	1
55	46	1
55	47	1
55	48	1
55	49	1
55	50	1
55	51	1
56	0	1
56	1	1
56	2	1
56	3	1
56	4	1
56	5	1
56	6	1
56	7	1
56	8	1
56	9	1
56	10	1
56	11	1
56	12	1
56	13	1
56	14	1
56	15	1
56	16	1
56	17	1
56	18	1
56	19	1
56	20	1
56	21	1
56	22	1
56	23	1
56	24	1
56	25	1
56	26	1
56	27	1
56	28	1
56	29	1
56	30	1
56	31	1
56	32	1
56	33	1
56	34	1
56	35	1
56	36	1
56	37	1
56	38	1
56	39	1
56	40	1
56	41	1
56	42	1
56	43	1
56	44	1
56	45	1
56	46	1
56	47	1
56	48	1
56	49	1
56	50	1
56	51	1
57	0	1
57	1	1
57	2	1
57	3	1
57	4	1
57	5	1
57	6	1
57	7	1
57	8	1
57	9	1
57	10	1
57	11	1
57	12	1
57	13	1
57	14	1
57	15	1
57	16	1
57	17	1
57	18	1
57	19	1
57	20	1
57	21	1
57	22	1
57	23	1
57	24	1
57	25	1
57	26	1
57	27	1
57	28	1
57	29	1
57	30	1
57	31	1
57	32	1
57	33	1
57	34	1
57	35	1
57	36	1
57	37	1
57	38	1
57	39	1
57	40	1
57	41	1
57	42	1
57	43	1
57	44	1
57	45	1
57	46	1
57	47	1
57	48	1
57	49	1
57	50	1
57	51	1
57	52	1
58	0	1
58	1	1
58	2	1
58	3	1
58	4	1
58	5	1
58	6	1
58	7	1
58	8	1
58	9	1
58	10	1
58	11	1
58	12	1
58	13	1
58	14	1
58	15	1
58	16	1
58	17	1
58	18	1
58	19	1
58	20	1
58	21	1
58	22	1
58	23	1
58	24	1
58	25	1
58	26	1
58	27	1
58	28	1
58	29	1
58	30	1
58	31	1
58	32	1
58	33	1
58	34	1
58	35	1
58	36	1
58	37	1
58	38	1
58	39	1
58	40	1
58	41	1
58	42	1
58	43	1
58	44	1
58	45	1
58	46	1
58	47	1
58	48	1
58	49	1
58	50	1
58	51	1
58	52	1
58	53	1
59	0	1
59	1	1
59	2	1
59	3	1
59	4	1
59	5	1
59	6	1
59	7	1
59	8	1
59	9	1
59	10	1
59	11	1
59	12	1
59	13	1
59	14	1
59	15	1
59	16	1
59	17	1
59	18	1
59	19	1
59	20	1
59	21	1
59	22	1
59	23	1
59	24	1
59	25	1
59	26	1
59	27	1
59	28	1
59	29	1
59	30	1
59	31	1
59	32	1
59	33	1
59	34	1
59	35	1
59	36	1
59	37	1
59	38	1
59	39	1
59	40	1
59	41	1
59	42	1
59	43	1
59	44	1
59	45	1
59	46	1
59	47	1
59	48	1
59	49	1
59	50	1
59	51	1
59	52	1
59	53	1
60	0	1
60	1	1
60	2	1
60	3	1
60	4	1
60	5	1
60	6	1
60	7	1
60	8	1
60	9	1
60	10	1
60	11	1
60	12	1
60	13	1
60	14	1
60	15	1
60	16	1
60	17	1
60	18	1
60	19	1
60	20	1
60	21	1
60	22	1
60	23	1
60	24	1
60	25	1
60	26	1
60	27	1
60	28	1
60	29	1
60	30	1
60	31	1
60	32	1
60	33	1
60	34	1
60	35	1
60	36	1
60	37	1
60	38	1
60	39	1
60	40	1
60	41	1
60	42	1
60	43	1
60	44	1
60	45	1
60	46	1
60	47	1
60	48	1
60	49	1
60	50	1
60	51	1
60	52	1
60	53	1
60	54	1
61	0	1
61	1	1
61	2	1
61	3	1
61	4	1
61	5	1
61	6	1
61	7	1
61	8	1
61	9	1
61	10	1
61	11	1
61	12	1
61	13	1
61	14	1
61	15	1
61	16	1
61	17	1
61	18	1
61	19	1
61	20	1
61	21	1
61	22	1
61	23	1
61	24	1
61	25	1
61	26	1
61	27	1
61	28	1
61	29	1
61	30	1
61	31	1
61	32	1
61	33	1
61	34	1
61	35	1
61	36	1
61	37	1
61	38	1
61	39	1
61	40	1
61	41	1
61	42	1
61	43	1
61	44	1
61	45	1
61	46	1
61	47	1
61	48	1
61	49	1
61	50	1
61	51	1
61	52	1
61	53	1
61	54	1
62	0	1
62	1	1
62	2	1
62	3	1
62	4	1
62	5	1
62	6	1
62	7	1
62	8	1
62	9	1
62	10	1
62	11	1
62	12	1
62	13	1
62	14	1
62	15	1
62	16	1
62	17	1
62	18	1
62	19	1
62	20	1
62	21	1
62	22	1
62	23	1
62	24	1
62	25	1
62	26	1
62	27	1
62	28	1
62	29	1
62	30	1
62	31	1
62	32	1
62	33	1
62	34	1
62	35	1
62	36	1
62	37	1
62	38	1
62	39	1
62	40	1
62	41	1
62	42	1
62	43	1
62	44	1
62	45	1
62	46	1
62	47	1
62	48	1
62	49	1
62	50	1
62	51	1
62	52	1
62	53	1
62	54	1
62	55	1
63	0	1
63	1	1
63	2	1
63	3	1
63	4	1
63	5	1
63	6	1
63	7	1
63	8	1
63	9	1
63	10	1
63	11	1
63	12	1
63	13	1
63	14	1
63	15	1
63	16	1
63	17	1
63	18	1
63	19	1
63	20	1
63	21	1
63	22	1
63	23	1
63	24	1
63	25	1
63	26	1
63	27	1
63	28	1
63	29	1
63	30	1
63	31	1
63	32	1
63	33	1
63	34	1
63	35	1
63	36	1
63	37	1
63	38	1
63	39	1
63	40	1
63	41	1
63	42	1
63	43	1
63	44	1
63	45	1
63	46	1
63	47	1
63	48	1
63	49	1
63	50	1
63	51	1
63	52	1
63	53	1
63	54	1
63	55	1
64	0	1
64	1	1
64	2	1
64	3	1
64	4	1
64	5	1
64	6	1
64	7	1
64	8	1
64	9	1
64	10	1
64	11	1
64	12	1
64	13	1
64	14	1
64	15	1
64	16	1
64	17	1
64	18	1
64	19	1
64	20	1
64	21	1
64	22	1
64	23	1
64	24	1
64	25	1
64	26	1
64	27	1
64	28	1
64	29	1
64	30	1
64	31	1
64	32	1
64	33	1
64	34	1
64	35	1
64	36	1
64	37	1
64	38	1
64	39	1
64	40	1
64	41	1
64	42	1
64	43	1
64	44	1
64	45	1
64	46	1
64	47	1
64	48	1
64	49	1
64	50	1
64	51	1
64	52	1
64	53	1
64	54	1
64	55	1
64	56	1
65	0	1
65	1	1
65	2	1
65	3	1
65	4	1
65	5	1
65	6	1
65	7	1
65	8	1
65	9	1
65	10	1
65	11	1
65	12	1
65	13	1
65	14	1
65	15	1
65	16	1
65	17	1
65	18	1
65	19	1
65	20	1
65	21	1
65	22	1
65	23	1
65	24	1
65	25	1
65	26	1
65	27	1
65	28	1
65	29	1
65	30	1
65	31	1
65	32	1
65	33	1
65	34	1
65	35	1
65	36	1
65	37	1
65	38	1
65	39	1
65	40	1
65	41	1
65	42	1
65	43	1
65	44	1
65	45	1
65	46	1
65	47	1
65	48	1
65	49	1
65	50	1
65	51	1
65	52	1
65	53	1
65	54	1
65	55	1
65	56	1
66	0	1
66	1	1
66	2	1
66	3	1
66	4	1
66	5	1
66	6	1
66	7	1
66	8	1
66	9	1
66	10	1
66	11	1
66	12	1
66	13	1
66	14	1
66	15	1
66	16	1
66	17	1
66	18	1
66	19	1
66	20	1
66	21	1
66	22	1
66	23	1
66	24	1
66	25	1
66	26	1
66	27	1
66	28	1
66	29	1
66	30	1
66	31	1
66	32	1
66	33	1
66	34	1
66	35	1
66	36	1
66	37	1
66	38	1
66	39	1
66	40	1
66	41	1
66	42	1
66	43	1
66	44	1
66	45	1
66	46	1
66	47	1
66	48	1
66	49	1
66	50	1
66	51	1
66	52	1
66	53	1
66	54	1
66	55	1
66	56	1
66	57	1
67	0	1
67	1	1
67	2	1
67	3	1
67	4	1
67	5	1
67	6	1
67	7	1
67	8	1
67	9	1
67	10	1
67	11	1
67	12	1
67	13	1
67	14	1
67	15	1
67	16	1
67	17	1
67	18	1
67	19	1
67	20	1
67	21	1
67	22	1
67	23	1
67	24	1
67	25	1
67	26	1
67	27	1
67	28	1
67	29	1
67	30	1
67	31	1
67	32	1
67	33	1
67	34	1
67	35	1
67	36	1
67	37	1
67	38	1
67	39	1
67	40	1
67	41	1
67	42	1
67	43	1
67	44	1
67	45	1
67	46	1
67	47	1
67	48	1
67	49	1
67	50	1
67	51	1
67	52	1
67	53	1
67	54	1
67	55	1
67	56	1
67	57	1
68	0	1
68	1	1
68	2	1
68	3	1
68	4	1
68	5	1
68	6	1
68	7	1
68	8	1
68	9	1
68	10	1
68	11	1
68	12	1
68	13	1
68	14	1
68	15	1
68	16	1
68	17	1
68	18	1
68	19	1
68	20	1
68	21	1
68	22	1
68	23	1
68	24	1
68	25	1
68	26	1
68	27	1
68	28	1
68	29	1
68	30	1
68	31	1
68	32	1
68	33	1
68	34	1
68	35	1
68	36	1
68	37	1
68	38	1
68	39	1
68	40	1
68	41	1
68	42	1
68	43	1
68	44	1
68	45	1
68	46	1
68	47	1
68	48	1
68	49	1
68	50	1
68	51	1
68	52	1
68	53	1
68	54	1
68	55	1
68	56	1
68	57	1
68	58	1
69	0	1
69	1	1
69	2	1
69	3	1
69	4	1
69	5	1
69	6	1
69	7	1
69	8	1
69	9	1
69	10	1
69	11	1
69	12	1
69	13	1
69	14	1
69	15	1
69	16	1
69	17	1
69	18	1
69	19	1
69	20	1
69	21	1
69	22	1
69	23	1
69	24	1
69	25	1
69	26	1
69	27	1
69	28	1
69	29	1
69	30	1
69	31	1
69	32	1
69	33	1
69	34	1
69	35	1
69	36	1
69	37	1
69	38	1
69	39	1
69	40	1
69	41	1
69	42	1
69	43	1
69	44	1
69	45	1
69	46	1
69	47	1
69	48	1
69	49	1
69	50	1
69	51	1
69	52	1
69	53	1
69	54	1
69	55	1
69	56	1
69	57	1
69	58	1
70	0	1
70	1	1
70	2	1
70	3	1
70	4	1
70	5	1
70	6	1
70	7	1
70	8	1
70	9	1
70	10	1
70	11	1
70	12	1
70	13	1
70	14	1
70	15	1
70	16	1
70	17	1
70	18	1
70	19	1
70	20	1
70	21	1
70	22	1
70	23	1
70	24	1
70	25	1
70	26	1
70	27	1
70	28	1
70	29	1
70	30	1
70	31	1
70	32	1
70	33	1
70	34	1
70	35	1
70	36	1
70	37	1
70	38	1
70	39	1
70	40	1
70	41	1
70	42	1
70	43	1
70	44	1
70	45	1
70	46	1
70	47	1
70	48	1
70	49	1
70	50	1
70	51	1
70	52	1
70	53	1
70	54	1
70	55	1
70	56	1
70	57	1
70	58	1
71	0	1
71	1	1
71	2	1
71	3	1
71	4	1
71	5	1
71	6	1
71	7	1
71	8	1
71	9	1
71	10	1
71	11	1
71	12	1
71	13	1
71	14	1
71	15	1
71	16	1
71	17	1
71	18	1
71	19	1
71	20	1
71	21	1
71	22	1
71	23	1
71	24	1
71	25	1
71	26	1
71	27	1
71	28	1
71	29	1
71	30	1
71	31	1
71	32	1
71	33	1
71	34	1
71	35	1
71	36	1
71	37	1
71	38	1
71	39	1
71	40	1
71	41	1
71	42	1
71	43	1
71	44	1
71	45	1
71	46	1
71	47	1
71	48	1
71	49	1
71	50	1
71	51	1
71	52	1
71	53	1
71	54	1
71	55	1
71	56	1
71	57	1
71	58	1
71	59	1
72	0	1
72	1	1
72	2	1
72	3	1
72	4	1
72	5	1
72	6	1
72	7	1
72	8	1
72	9	1
72	10	1
72	11	1
72	12	1
72	13	1
72	14	1
72	15	1
72	16	1
72	17	1
72	18	1
72	19	1
72	20	1
72	21	1
72	22	1
72	23	1
72	24	1
72	25	1
72	26	1
72	27	1
72	28	1
72	29	1
72	30	1
72	31	1
72	32	1
72	33	1
72	34	1
72	35	1
72	36	1
72	37	1
72	38	1
72	39	1
72	40	1
72	41	1
72	42	1
72	43	1
72	44	1
72	45	1
72	46	1
72	47	1
72	48	1
72	49	1
72	50	1
72	51	1
72	52	1
72	53	1
72	54	1
72	55	1
72	56	1
72	57	1
72	58	1
72	59	1
73	0	1
73	1	1
73	2	1
73	3	1
73	4	1
73	5	1
73	6	1
73	7	1
73	8	1
73	9	1
73	10	1
73	11	1
73	12	1
73	13	1
73	14	1
73	15	1
73	16	1
73	17	1
73	18	1
73	19	1
73	20	1
73	21	1
73	22	1
73	23	1
73	24	1
73	25	1
73	26	1
73	27	1
73	28	1
73	29	1
73	30	1
73	31	1
73	32	1
73	33	1
73	34	1
73	35	1
73	36	1
73	37	1
73	38	1
73	39	1
73	40	1
73	41	1
73	42	1
73	43	1
73	44	1
73	45	1
73	46	1
73	47	1
73	48	1
73	49	1
73	50	1
73	51	1
73	52	1
73	53	1
73	54	1
73	55	1
73	56	1
73	57	1
73	58	1
73	59	1
74	0	1
74	1	1
74	2	1
74	3	1
74	4	1
74	5	1
74	6	1
74	7	1
74	8	1
74	9	1
74	10	1
74	11	1
74	12	1
74	13	1
74	14	1
74	15	1
74	16	1
74	17	1
74	18	1
74	19	1
74	20	1
74	21	1
74	22	1
74	23	1
74	24	1
74	25	1
74	26	1
74	27	1
74	28	1
74	29	1
74	30	1
74	31	1
74	32	1
74	33	1
74	34	1
74	35	1
74	36	1
74	37	1
74	38	1
74	39	1
74	40	1
74	41	1
74	42	1
74	43	1
74	44	1
74	45	1
74	46	1
74	47	1
74	48	1
74	49	1
74	50	1
74	51	1
74	52	1
74	53	1
74	54	1
74	55	1
74	56	1
74	57	1
74	58	1
74	59	1
74	60	1
75	0	1
75	1	1
75	2	1
75	3	1
75	4	1
75	5	1
75	6	1
75	7	1
75	8	1
75	9	1
75	10	1
75	11	1
75	12	1
75	13	1
75	14	1
75	15	1
75	16	1
75	17	1
75	18	1
75	19	1
75	20	1
75	21	1
75	22	1
75	23	1
75	24	1
75	25	1
75	26	1
75	27	1
75	28	1
75	29	1
75	30	1
75	31	1
75	32	1
75	33	1
75	34	1
75	35	1
75	36	1
75	37	1
75	38	1
75	39	1
75	40	1
75	41	1
75	42	1
75	43	1
75	44	1
75	45	1
75	46	1
75	47	1
75	48	1
75	49	1
75	50	1
75	51	1
75	52	1
75	53	1
75	54	1
75	55	1
75	56	1
75	57	1
75	58	1
75	59	1
75	60	1
76	0	1
76	1	1
76	2	1
76	3	1
76	4	1
76	5	1
76	6	1
76	7	1
76	8	1
76	9	1
76	10	1
76	11	1
76	12	1
76	13	1
76	14	1
76	15	1
76	16	1
76	17	1
76	18	1
76	19	1
76	20	1
76	21	1
76	22	1
76	23	1
76	24	1
76	25	1
76	26	1
76	27	1
76	28	1
76	29	1
76	30	1
76	31	1
76	32	1
76	33	1
76	34	1
76	35	1
76	36	1
76	37	1
76	38	1
76	39	1
76	40	1
76	41	1
76	42	1
76	43	1
76	44	1
76	45	1
76	46	1
76	47	1
76	48	1
76	49	1
76	50	1
76	51	1
76	52	1
76	53	1
76	54	1
76	55	1
76	56	1
76	57	1
76	58	1
76	59	1
76	60	1
77	0	1
77	1	1
77	2	1
77	3	1
77	4	1
77	5	1
77	6	1
77	7	1
77	8	1
77	9	1
77	10	1
77	11	1
77	12	1
77	13	1
77	14	1
77	15	1
77	16	1
77	17	1
77	18	1
77	19	1
77	20	1
77	21	1
77	22	1
77	23	1
77	24	1
77	25	1
77	26	1
77	27	1
77	28	1
77	29	1
77	30	1
77	31	1
77	32	1
77	33	1
77	34	1
77	35	1
77	36	1
77	37	1
77	38	1
77	39	1
77	40	1
77	41	1
77	42	1
77	43	1
77	44	1
77	45	1
77	46	1
77	47	1
77	48	1
77	49	1
77	50	1
77	51	1
77	52	1
77	53	1
77	54	1
77	55	1
77	56	1
77	57	1
77	58	1
77	59	1
77	60	1
78	0	1
78	1	1
78	2	1
78	3	1
78	4	1
78	5	1
78	6	1
78	7	1
78	8	1
78	9	1
78	10	1
78	11	1
78	12	1
78	13	1
78	14	1
78	15	1
78	16	1
78	17	1
78	18	1
78	19	1
78	20	1
78	21	1
78	22	1
78	23	1
78	24	1
78	25	1
78	26	1
78	27	1
78	28	1
78	29	1
78	30	1
78	31	1
78	32	1
78	33	1
78	34	1
78	35	1
78	36	1
78	37	1
78	38	1
78	39	1
78	40	1
78	41	1
78	42	1
78	43	1
78	44	1
78	45	1
78	46	1
78	47	1
78	48	1
78	49	1
78	50	1
78	51	1
78	52	1
78	53	1
78	54	1
78	55	1
78	56	1
78	57	1
78	58	1
78	59	1
78	60	1
79	0	1
79	1	1
79	2	1
79	3	1
79	4	1
79	5	1
79	6	1
79	7	1
79	8	1
79	9	1
79	10	1
79	11	1
79	12	1
79	13	1
79	14	1
79	15	1
79	16	1
79	17	1
79	18	1
79	19	1
79	20	1
79	21	1
79	22	1
79	23	1
79	24	1
79	25	1
79	26	1
79	27	1
79	28	1
79	29	1
79	30	1
79	31	1
79	32	1
79	33	1
79	34	1
79	35	1
79	36	1
79	37	1
79	38	1
79	39	1
79	40	1
79	41	1
79	42	1
79	43	1
79	44	1
79	45	1
79	46	1
79	47	1
79	48	1
79	49	1
79	50	1
79	51	1
79	52	1
79	53	1
79	54	1
79	55	1
79	56	1
79	57	1
79	58	1
79	59	1
79	60	1
79	61	1
80	0	1
80	1	1
80	2	1
80	3	1
80	4	1
80	5	1
80	6	1
80	7	1
80	8	1
80	9	1
80	10	1
80	11	1
80	12	1
80	13	1
80	14	1
80	15	1
80	16	1
80	17	1
80	18	1
80	19	1
80	20	1
80	21	1
80	22	1
80	23	1
80	24	1
80	25	1
80	26	1
80	27	1
80	28	1
80	29	1
80	30	1
80	31	1
80	32	1
80	33	1
80	34	1
80	35	1
80	36	1
80	37	1
80	38	1
80	39	1
80	40	1
80	41	1
80	42	1
80	43	1
80	44	1
80	45	1
80	46	1
80	47	1
80	48	1
80	49	1
80	50	1
80	51	1
80	52	1
80	53	1
80	54	1
80	55	1
80	56	1
80	57	1
80	58	1
80	59	1
80	60	1
80	61	1
81	0	1
81	1	1
81	2	1
81	3	1
81	4	1
81	5	1
81	6	1
81	7	1
81	8	1
81	9	1
81	10	1
81	11	1
81	12	1
81	13	1
81	14	1
81	15	1
81	16	1
81	17	1
81	18	1
81	19	1
81	20	1
81	21	1
81	22	1
81	23	1
81	24	1
81	25	1
81	26	1
81	27	1
81	28	1
81	29	1
81	30	1
81	31	1
81	32	1
81	33	1
81	34	1
81	35	1
81	36	1
81	37	1
81	38	1
81	39	1
81	40	1
81	41	1
81	42	1
81	43	1
81	44	1
81	45	1
81	46	1
81	47	1
81	48	1
81	49	1
81	50	1
81	51	1
81	52	1
81	53	1
81	54	1
81	55	1
81	56	1
81	57	1
81	58	1
81	59	1
81	60	1
81	61	1
82	0	1
82	1	1
82	2	1
82	3	1
82	4	1
82	5	1
82	6	1
82	7	1
82	8	1
82	9	1
82	10	1
82	11	1
82	12	1
82	13	1
82	14	1
82	15	1
82	16	1
82	17	1
82	18	1
82	19	1
82	20	1
82	21	1
82	22	1
82	23	1
82	24	1
82	25	1
82	26	1
82	27	1
82	28	1
82	29	1
82	30	1
82	31	1
82	32	1
82	33	1
82	34	1
82	35	1
82	36	1
82	37	1
82	38	1
82	39	1
82	40	1
82	41	1
82	42	1
82	43	1
82	44	1
82	45	1
82	46	1
82	47	1
82	48	1
82	49	1
82	50	1
82	51	1
82	52	1
82	53	1
82	54	1
82	55	1
82	56	1
82	57	1
82	58	1
82	59	1
82	60	1
82	61	1
83	0	1
83	1	1
83	2	1
83	3	1
83	4	1
83	5	1
83	6	1
83	7	1
83	8	1
83	9	1
83	10	1
83	11	1
83	12	1
83	13	1
83	14	1
83	15	1
83	16	1
83	17	1
83	18	1
83	19	1
83	20	1
83	21	1
83	22	1
83	23	1
83	24	1
83	25	1
83	26	1
83	27	1
83	28	1
83	29	1
83	30	1
83	31	1
83	32	1
83	33	1
83	34	1
83	35	1
83	36	1
83	37	1
83	38	1
83	39	1
83	40	1
83	41	1
83	42	1
83	43	1
83	44	1
83	45	1
83	46	1
83	47	1
83	48	1
83	49	1
83	50	1
83	51	1
83	52	1
83	53	1
83	54	1
83	55	1
83	56	1
83	57	1
83	58	1
83	59	1
83	60	1
83	61	1
84	0	1
84	1	1
84	2	1
84	3	1
84	4	1
84	5	1
84	6	1
84	7	1
84	8	1
84	9	1
84	10	1
84	11	1
84	12	1
84	13	1
84	14	1
84	15	1
84	16	1
84	17	1
84	18	1
84	19	1
84	20	1
84	21	1
84	22	1
84	23	1
84	24	1
84	25	1
84	26	1
84	27	1
84	28	1
84	29	1
84	30	1
84	31	1
84	32	1
84	33	1
84	34	1
84	35	1
84	36	1
84	37	1
84	38	1
84	39	1
84	40	1
84	41	1
84	42	1
84	43	1
84	44	1
84	45	1
84	46	1
84	47	1
84	48	1
84	49	1
84	50	1
84	51	1
84	52	1
84	53	1
84	54	1
84	55	1
84	56	1
84	57	1
84	58	1
84	59	1
84	60	1
84	61	1
85	0	1
85	1	1
85	2	1
85	3	1
85	4	1
85	5	1
85	6	1
85	7	1
85	8	1
85	9	1
85	10	1
85	11	1
85	12	1
85	13	1
85	14	1
85	15	1
85	16	1
85	17	1
85	18	1
85	19	1
85	20	1
85	21	1
85	22	1
85	23	1
85	24	1
85	25	1
85	26	1
85	27	1
85	28	1
85	29	1
85	30	1
85	31	1
85	32	1
85	33	1
85	34	1
85	35	1
85	36	1
85	37	1
85	38	1
85	39	1
85	40	1
85	41	1
85	42	1
85	43	1
85	44	1
85	45	1
85	46	1
85	47	1
85	48	1
85	49	1
85	50	1
85	51	1
85	52	1
85	53	1
85	54	1
85	55	1
85	56	1
85	57	1
85	58	1
85	59	1
85	60	1
85	61	1
86	0	1
86	1	1
86	2	1
86	3	1
86	4	1
86	5	1
86	6	1
86	7	1
86	8	1
86	9	1
86	10	1
86	11	1
86	12	1
86	13	1
86	14	1
86	15	1
86	16	1
86	17	1
86	18	1
86	19	1
86	20	1
86	21	1
86	22	1
86	23	1
86	24	1
86	25	1
86	26	1
86	27	1
86	28	1
86	29	1
86	30	1
86	31	1
86	32	1
86	33	1
86	34	1
86	35	1
86	36	1
86	37	1
86	38	1
86	39	1
86	40	1
86	41	1
86	42	1
86	43	1
86	44	1
86	45	1
86	46	1
86	47	1
86	48	1
86	49	1
86	50	1
86	51	1
86	52	1
86	53	1
86	54	1
86	55	1
86	56	1
86	57	1
86	58	1
86	59	1
86	60	1
86	61	1
87	0	1
87	1	1
87	2	1
87	3	1
87	4	1
87	5	1
87	6	1
87	7	1
87	8	1
87	9	1
87	10	1
87	11	1
87	12	1
87	13	1
87	14	1
87	15	1
87	16	1
87	17	1
87	18	1
87	19	1
87	20	1
87	21	1
87	22	1
87	23	1
87	24	1
87	25	1
87	26	1
87	27	1
87	28	1
87	29	1
87	30	1
87	31	1
87	32	1
87	33	1
87	34	1
87	35	1
87	36	1
87	37	1
87	38	1
87	39	1
87	40	1
87	41	1
87	42	1
87	43	1
87	44	1
87	45	1
87	46	1
87	47	1
87	48	1
87	49	1
87	50	1
87	51	1
87	52	1
87	53	1
87	54	1
87	55	1
87	56	1
87	57	1
87	58	1
87	59	1
87	60	1
87	61	1
88	0	1
88	1	1
88	2	1
88	3	1
88	4	1
88	5	1
88	6	1
88	7	1
88	8	1
88	9	1
88	10	1
88	11	1
88	12	1
88	13	1
88	14	1
88	15	1
88	16	1
88	17	1
88	18	1
88	19	1
88	20	1
88	21	1
88	22	1
88	23	1
88	24	1
88	25	1
88	26	1
88	27	1
88	28	1
88	29	1
88	30	1
88	31	1
88	32	1
88	33	1
88	34	1
88	35	1
88	36	1
88	37	1
88	38	1
88	39	1
88	40	1
88	41	1
88	42	1
88	43	1
88	44	1
88	45	1
88	46	1
88	47	1
88	48	1
88	49	1
88	50	1
88	51	1
88	52	1
88	53	1
88	54	1
88	55	1
88	56	1
88	57	1
88	58	1
88	59	1
88	60	1
88	61	1
89	0	1
89	1	1
89	2	1
89	3	1
89	4	1
89	5	1
89	6	1
89	7	1
89	8	1
89	9	1
89	10	1
89	11	1
89	12	1
89	13	1
89	14	1
89	15	1
89	16	1
89	17	1
89	18	1
89	19	1
89	20	1
89	21	1
89	22	1
89	23	1
89	24	1
89	25	1
89	26	1
89	27	1
89	28	1
89	29	1
89	30	1
89	31	1
89	32	1
89	33	1
89	34	1
89	35	1
89	36	1
89	37	1
89	38	1
89	39	1
89	40	1
89	41	1
89	42	1
89	43	1
89	44	1
89	45	1
89	46	1
89	47	1
89	48	1
89	49	1
89	50	1
89	51	1
89	52	1
89	53	1
89	54	1
89	55	1
89	56	1
89	57	1
89	58	1
89	59	1
89	60	1
89	61	1
89	62	1
90	0	1
90	1	1
90	2	1
90	3	1
90	4	1
90	5	1
90	6	1
90	7	1
90	8	1
90	9	1
90	10	1
90	11	1
90	12	1
90	13	1
90	14	1
90	15	1
90	16	1
90	17	1
90	18	1
90	19	1
90	20	1
90	21	1
90	22	1
90	23	1
90	24	1
90	25	1
90	26	1
90	27	1
90	28	1
90	29	1
90	30	1
90	31	1
90	32	1
90	33	1
90	34	1
90	35	1
90	36	1
90	37	1
90	38	1
90	39	1
90	40	1
90	41	1
90	42	1
90	43	1
90	44	1
90	45	1
90	46	1
90	47	1
90	48	1
90	49	1
90	50	1
90	51	1
90	52	1
90	53	1
90	54	1
90	55	1
90	56	1
90	57	1
90	58	1
90	59	1
90	60	1
90	61	1
91	0	1
91	1	1
91	2	1
91	3	1
91	4	1
91	5	1
91	6	1
91	7	1
91	8	1
91	9	1
91	10	1
91	11	1
91	12	1
91	13	1
91	14	1
91	15	1
91	16	1
91	17	1
91	18	1
91	19	1
91	20	1
91	21	1
91	22	1
91	23	1
91	24	1
91	25	1
91	26	1
91	27	1
91	28	1
91	29	1
91	30	1
91	31	1
91	32	1
91	33	1
91	34	1
91	35	1
91	36	1
91	37	1
91	38	1
91	39	1
91	40	1
91	41	1
91	42	1
91	43	1
91	44	1
91	45	1
91	46	1
91	47	1
91	48	1
91	49	1
91	50	1
91	51	1
91	52	1
91	53	1
91	54	1
91	55	1
91	56	1
91	57	1
91	58	1
91	59	1
91	60	1
91	61	1
92	0	1
92	1	1
92	2	1
92	3	1
92	4	1
92	5	1
92	6	1
92	7	1
92	8	1
92	9	1
92	10	1
92	11	1
92	12	1
92	13	1
92	14	1
92	15	1
92	16	1
92	17	1
92	18	1
92	19	1
92	20	1
92	21	1
92	22	1
92	23	1
92	24	1
92	25	1
92	26	1
92	27	1
92	28	1
92	29	1
92	30	1
92	31	1
92	32	1
92	33	1
92	34	1
92	35	1
92	36	1
92	37	1
92	38	1
92	39	1
92	40	1
92	41	1
92	42	1
92	43	1
92	44	1
92	45	1
92	46	1
92	47	1
92	48	1
92	49	1
92	50	1
92	51	1
92	52	1
92	53	1
92	54	1
92	55	1
92	56	1
92	57	1
92	58	1
92	59	1
92	60	1
92	61	1
93	0	1
93	1	1
93	2	1
93	3	1
93	4	1
93	5	1
93	6	1
93	7	1
93	8	1
93	9	1
93	10	1
93	11	1
93	12	1
93	13	1
93	14	1
93	15	1
93	16	1
93	17	1
93	18	1
93	19	1
93	20	1
93	21	1
93	22	1
93	23	1
93	24	1
93	25	1
93	26	1
93	27	1
93	28	1
93	29	1
93	30	1
93	31	1
93	32	1
93	33	1
93	34	1
93	35	1
93	36	1
93	37	1
93	38	1
93	39	1
93	40	1
93	41	1
93	42	1
93	43	1
93	44	1
93	45	1
93	46	1
93	47	1
93	48	1
93	49	1
93	50	1
93	51	1
93	52	1
93	53	1
93	54	1
93	55	1
93	56	1
93	57	1
93	58	1
93	59	1
93	60	1
93	61	1
94	0	1
94	1	1
94	2	1
94	3	1
94	4	1
94	5	1
94	6	1
94	7	1
94	8	1
94	9	1
94	10	1
94	11	1
94	12	1
94	13	1
94	14	1
94	15	1
94	16	1
94	17	1
94	18	1
94	19	1
94	20	1
94	21	1
94	22	1
94	23	1
94	24	1
94	25	1
94	26	1
94	27	1
94	28	1
94	29	1
94	30	1
94	31	1
94	32	1
94	33	1
94	34	1
94	35	1
94	36	1
94	37	1
94	38	1
94	39	1
94	40	1
94	41	1
94	42	1
94	43	1
94	44	1
94	45	1
94	46	1
94	47	1
94	48	1
94	49	1
94	50	1
94	51	1
94	52	1
94	53	1
94	54	1
94	55	1
94	56	1
94	57	1
94	58	1
94	59	1
94	60	1
94	61	1
95	0	1
95	1	1
95	2	1
95	3	1
95	4	1
95	5	1
95	6	1
95	7	1
95	8	1
95	9	1
95	10	1
95	11	1
95	12	1
95	13	1
95	14	1
95	15	1
95	16	1
95	17	1
95	18	1
95	19	1
95	20	1
95	21	1
95	22	1
95	23	1
95	24	1
95	25	1
95	26	1
95	27	1
95	28	1
95	29	1
95	30	1
95	31	1
95	32	1
95	33	1
95	34	1
95	35	1
95	36	1
95	37	1
95	38	1
95	39	1
95	40	1
95	41	1
95	42	1
95	43	1
95	44	1
95	45	1
95	46	1
95	47	1
95	48	1
95	49	1
95	50	1
95	51	1
95	52	1
95	53	1
95	54	1
95	55	1
95	56	1
95	57	1
95	58	1
95	59	1
95	60	1
95	61	1
96	0	1
96	1	1
96	2	1
96	3	1
96	4	1
96	5	1
96	6	1
96	7	1
96	8	1
96	9	1
96	10	1
96	11	1
96	12	1
96	13	1
96	14	1
96	15	1
96	16	1
96	17	1
96	18	1
96	19	1
96	20	1
96	21	1
96	22	1
96	23	1
96	24	1
96	25	1
96	26	1
96	27	1
96	28	1
96	29	1
96	30	1
96	31	1
96	32	1
96	33	1
96	34	1
96	35	1
96	36	1
96	37	1
96	38	1
96	39	1
96	40	1
96	41	1
96	42	1
96	43	1
96	44	1
96	45	1
96	46	1
96	47	1
96	48	1
96	49	1
96	50	1
96	51	1
96	52	1
96	53	1
96	54	1
96	55	1
96	56	1
96	57	1
96	58	1
96	59	1
96	60	1
96	61	1
97	0	1
97	1	1
97	2	1
97	3	1
97	4	1
97	5	1
97	6	1
97	7	1
97	8	1
97	9	1
97	10	1
97	11	1
97	12	1
97	13	1
97	14	1
97	15	1
97	16	1
97	17	1
97	18	1
97	19	1
97	20	1
97	21	1
97	22	1
97	23	1
97	24	1
97	25	1
97	26	1
97	27	1
97	28	1
97	29	1
97	30	1
97	31	1
97	32	1
97	33	1
97	34	1
97	35	1
97	36	1
97	37	1
97	38	1
97	39	1
97	40	1
97	41	1
97	42	1
97	43	1
97	44	1
97	45	1
97	46	1
97	47	1
97	48	1
97	49	1
97	50	1
97	51	1
97	52	1
97	53	1
97	54	1
97	55	1
97	56	1
97	57	1
97	58	1
97	59	1
97	60	1
97	61	1
98	0	1
98	1	1
98	2	1
98	3	1
98	4	1
98	5	1
98	6	1
98	7	1
98	8	1
98	9	1
98	10	1
98	11	1
98	12	1
98	13	1
98	14	1
98	15	1
98	16	1
98	17	1
98	18	1
98	19	1
98	20	1
98	21	1
98	22	1
98	23	1
98	24	1
98	25	1
98	26	1
98	27	1
98	28	1
98	29	1
98	30	1
98	31	1
98	32	1
98	33	1
98	34	1
98	35	1
98	36	1
98	37	1
98	38	1
98	39	1
98	40	1
98	41	1
98	42	1
98	43	1
98	44	1
98	45	1
98	46	1
98	47	1
98	48	1
98	49	1
98	50	1
98	51	1
98	52	1
98	53	1
98	54	1
98	55	1
98	56	1
98	57	1
98	58	1
98	59	1
98	60	1
98	61	1
99	0	1
99	1	1
99	2	1
99	3	1
99	4	1
99	5	1
99	6	1
99	7	1
99	8	1
99	9	1
99	10	1
99	11	1
99	12	1
99	13	1
99	14	1
99	15	1
99	16	1
99	17	1
99	18	1
99	19	1
99	20	1
99	21	1
99	22	1
99	23	1
99	24	1
99	25	1
99	26	1
99	27	1
99	28	1
99	29	1
99	30	1
99	31	1
99	32	1
99	33	1
99	34	1
99	35	1
99	36	1
99	37	1
99	38	1
99	39	1
99	40	1
99	41	1
99	42	1
99	43	1
99	44	1
99	45	1
99	46	1
99	47	1
99	48	1
99	49	1
99	50	1
99	51	1
99	52	1
99	53	1
99	54	1
99	55	1
99	56	1
99	57	1
99	58	1
99	59	1
99	60	1
99	61	1
100	0	1
100	1	1
100	2	1
100	3	1
100	4	1
100	5	1
100	6	1
100	7	1
100	8	1
100	9	1
100	10	1
100	11	1
100	12	1
100	13	1
100	14	1
100	15	1
100	16	1
100	17	1
100	18	1
100	19	1
100	20	1
100	21	1
100	22	1
100	23	1
100	24	1
100	25	1
100	26	1
100	27	1
100	28	1
100	29	1
100	30	1
100	31	1
100	32	1
100	33	1
100	34	1
100	35	1
100	36	1
100	37	1
100	38	1
100	39	1
100	40	1
100	41	1
100	42	1
100	43	1
100	44	1
100	45	1
100	46	1
100	47	1
100	48	1
100	49	1
100	50	1
100	51	1
100	52	1
100	53	1
100	54	1
100	55	1
100	56	1
100	57	1
100	58	1
100	59	1
100	60	1
101	0	1
101	1	1
101	2	1
101	3	1
101	4	1
101	5	1
101	6	1
101	7	1
101	8	1
101	9	1
101	10	1
101	11	1
101	12	1
101	13	1
101	14	1
101	15	1
101	16	1
101	17	1
101	18	1
101	19	1
101	20	1
101	21	1
101	22	1
101	23	1
101	24	1
101	25	1
101	26	1
101	27	1
101	28	1
101	29	1
101	30	1
101	31	1
101	32	1
101	33	1
101	34	1
101	35	1
101	36	1
101	37	1
101	38	1
101	39	1
101	40	1
101	41	1
101	42	1
101	43	1
101	44	1
101	45	1
101	46	1
101	47	1
101	48	1
101	49	1
101	50	1
101	51	1
101	52	1
101	53	1
101	54	1
101	55	1
101	56	1
101	57	1
101	58	1
101	59	1
101	60	1
102	0	1
102	1	1
102	2	1
102	3	1
102	4	1
102	5	1
102	6	1
102	7	1
102	8	1
102	9	1
102	10	1
102	11	1
102	12	1
102	13	1
102	14	1
102	15	1
102	16	1
102	17	1
102	18	1
102	19	1
102	20	1
102	21	1
102	22	1
102	23	1
102	24	1
102	25	1
102	26	1
102	27	1
102	28	1
102	29	1
102	30	1
102	31	1
102	32	1
102	33	1
102	34	1
102	35	1
102	36	1
102	37	1
102	38	1
102	39	1
102	40	1
102	41	1
102	42	1
102	43	1
102	44	1
102	45	1
102	46	1
102	47	1
102	48	1
102	49	1
102	50	1
102	51	1
102	52	1
102	53	1
102	54	1
102	55	1
102	56	1
102	57	1
102	58	1
102	59	1
102	60	1
103	0	1
103	1	1
103	2	1
103	3	1
103	4	1
103	5	1
103	6	1
103	7	1
103	8	1
103	9	1
103	10	1
103	11	1
103	12	1
103	13	1
103	14	1
103	15	1
103	16	1
103	17	1
103	18	1
103	19	1
103	20	1
103	21	1
103	22	1
103	23	1
103	24	1
103	25	1
103	26	1
103	27	1
103	28	1
103	29	1
103	30	1
103	31	1
103	32	1
103	33	1
103	34	1
103	35	1
103	36	1
103	37	1
103	38	1
103	39	1
103	40	1
103	41	1
103	42	1
103	43	1
103	44	1
103	45	1
103	46	1
103	47	1
103	48	1
103	49	1
103	50	1
103	51	1
103	52	1
103	53	1
103	54	1
103	55	1
103	56	1
103	57	1
103	58	1
103	59	1
103	60	1
104	0	1
104	1	1
104	2	1
104	3	1
104	4	1
104	5	1
104	6	1
104	7	1
104	8	1
104	9	1
104	10	1
104	11	1
104	12	1
104	13	1
104	14	1
104	15	1
104	16	1
104	17	1
104	18	1
104	19	1
104	20	1
104	21	1
104	22	1
104	23	1
104	24	1
104	25	1
104	26	1
104	27	1
104	28	1
104	29	1
104	30	1
104	31	1
104	32	1
104	33	1
104	34	1
104	35	1
104	36	1
104	37	1
104	38	1
104	39	1
104	40	1
104	41	1
104	42	1
104	43	1
104	44	1
104	45	1
104	46	1
104	47	1
104	48	1
104	49	1
104	50	1
104	51	1
104	52	1
104	53	1
104	54	1
104	55	1
104	56	1
104	57	1
104	58	1
104	59	1
104	60	1
105	0	1
105	1	1
105	2	1
105	3	1
105	4	1
105	5	1
105	6	1
105	7	1
105	8	1
105	9	1
105	10	1
105	11	1
105	12	1
105	13	1
105	14	1
105	15	1
105	16	1
105	17	1
105	18	1
105	19	1
105	20	1
105	21	1
105	22	1
105	23	1
105	24	1
105	25	1
105	26	1
105	27	1
105	28	1
105	29	1
105	30	1
105	31	1
105	32	1
105	33	1
105	34	1
105	35	1
105	36	1
105	37	1
105	38	1
105	39	1
105	40	1
105	41	1
105	42	1
105	43	1
105	44	1
105	45	1
105	46	1
105	47	1
105	48	1
105	49	1
105	50	1
105	51	1
105	52	1
105	53	1
105	54	1
105	55	1
105	56	1
105	57	1
105	58	1
105	59	1
106	0	1
106	1	1
106	2	1
106	3	1
106	4	1
106	5	1
106	6	1
106	7	1
106	8	1
106	9	1
106	10	1
106	11	1
106	12	1
106	13	1
106	14	1
106	15	1
106	16	1
106	17	1
106	18	1
106	19	1
106	20	1
106	21	1
106	22	1
106	23	1
106	24	1
106	25	1
106	26	1
106	27	1
106	28	1
106	29	1
106	30	1
106	31	1
106	32	1
106	33	1
106	34	1
106	35	1
106	36	1
106	37	1
106	38	1
106	39	1
106	40	1
106	41	1
106	42	1
106	43	1
106	44	1
106	45	1
106	46	1
106	47	1
106	48	1
106	49	1
106	50	1
106	51	1
106	52	1
106	53	1
106	54	1
106	55	1
106	56	1
106	57	1
106	58	1
106	59	1
107	0	1
107	1	1
107	2	1
107	3	1
107	4	1
107	5	1
107	6	1
107	7	1
107	8	1
107	9	1
107	10	1
107	11	1
107	12	1
107	13	1
107	14	1
107	15	1
107	16	1
107	17	1
107	18	1
107	19	1
107	20	1
107	21	1
107	22	1
107	23	1
107	24	1
107	25	1
107	26	1
107	27	1
107	28	1
107	29	1
107	30	1
107	31	1
107	32	1
107	33	1
107	34	1
107	35	1
107	36	1
107	37	1
107	38	1
107	39	1
107	40	1
107	41	1
107	42	1
107	43	1
107	44	1
107	45	1
107	46	1
107	47	1
107	48	1
107	49	1
107	50	1
107	51	1
107	52	1
107	53	1
107	54	1
107	55	1
107	56	1
107	57	1
107	58	1
107	59	1
108	0	1
108	1	1
108	2	1
108	3	1
108	4	1
108	5	1
108	6	1
108	7	1
108	8	1
108	9	1
108	10	1
108	11	1
108	12	1
108	13	1
108	14	1
108	15	1
108	16	1
108	17	1
108	18	1
108	19	1
108	20	1
108	21	1
108	22	1
108	23	1
108	24	1
108	25	1
108	26	1
108	27	1
108	28	1
108	29	1
108	30	1
108	31	1
108	32	1
108	33	1
108	34	1
108	35	1
108	36	1
108	37	1
108	38	1
108	39	1
108	40	1
108	41	1
108	42	1
108	43	1
108	44	1
108	45	1
108	46	1
108	47	1
108	48	1
108	49	1
108	50	1
108	51	1
108	52	1
108	53	1
108	54	1
108	55	1
108	56	1
108	57	1
108	58	1
109	0	1
109	1	1
109	2	1
109	3	1
109	4	1
109	5	1
109	6	1
109	7	1
109	8	1
109	9	1
109	10	1
109	11	1
109	12	1
109	13	1
109	14	1
109	15	1
109	16	1
109	17	1
109	18	1
109	19	1
109	20	1
109	21	1
109	22	1
109	23	1
109	24	1
109	25	1
109	26	1
109	27	1
109	28	1
109	29	1
109	30	1
109	31	1
109	32	1
109	33	1
109	34	1
109	35	1
109	36	1
109	37	1
109	38	1
109	39	1
109	40	1
109	41	1
109	42	1
109	43	1
109	44	1
109	45	1
109	46	1
109	47	1
109	48	1
109	49	1
109	50	1
109	51	1
109	52	1
109	53	1
109	54	1
109	55	1
109	56	1
109	57	1
109	58	1
110	0	1
110	1	1
110	2	1
110	3	1
110	4	1
110	5	1
110	6	1
110	7	1
110	8	1
110	9	1
110	10	1
110	11	1
110	12	1
110	13	1
110	14	1
110	15	1
110	16	1
110	17	1
110	18	1
110	19	1
110	20	1
110	21	1
110	22	1
110	23	1
110	24	1
110	25	1
110	26	1
110	27	1
110	28	1
110	29	1
110	30	1
110	31	1
110	32	1
110	33	1
110	34	1
110	35	1
110	36	1
110	37	1
110	38	1
110	39	1
110	40	1
110	41	1
110	42	1
110	43	1
110	44	1
110	45	1
110	46	1
110	47	1
110	48	1
110	49	1
110	50	1
110	51	1
110	52	1
110	53	1
110	54	1
110	55	1
110	56	1
110	57	1
110	58	1
111	0	1
111	1	1
111	2	1
111	3	1
111	4	1
111	5	1
111	6	1
111	7	1
111	8	1
111	9	1
111	10	1
111	11	1
111	12	1
111	13	1
111	14	1
111	15	1
111	16	1
111	17	1
111	18	1
111	19	1
111	20	1
111	21	1
111	22	1
111	23	1
111	24	1
111	25	1
111	26	1
111	27	1
111	28	1
111	29	1
111	30	1
111	31	1
111	32	1
111	33	1
111	34	1
111	35	1
111	36	1
111	37	1
111	38	1
111	39	1
111	40	1
111	41	1
111	42	1
111	43	1
111	44	1
111	45	1
111	46	1
111	47	1
111	48	1
111	49	1
111	50	1
111	51	1
111	52	1
111	53	1
111	54	1
111	55	1
111	56	1
111	57	1
112	0	1
112	1	1
112	2	1
112	3	1
112	4	1
112	5	1
112	6	1
112	7	1
112	8	1
112	9	1
112	10	1
112	11	1
112	12	1
112	13	1
112	14	1
112	15	1
112	16	1
112	17	1
112	18	1
112	19	1
112	20	1
112	21	1
112	22	1
112	23	1
112	24	1
112	25	1
112	26	1
112	27	1
112	28	1
112	29	1
112	30	1
112	31	1
112	32	1
112	33	1
112	34	1
112	35	1
112	36	1
112	37	1
112	38	1
112	39	1
112	40	1
112	41	1
112	42	1
112	43	1
112	44	1
112	45	1
112	46	1
112	47	1
112	48	1
112	49	1
112	50	1
112	51	1
112	52	1
112	53	1
112	54	1
112	55	1
112	56	1
112	57	1
113	0	1
113	1	1
113	2	1
113	3	1
113	4	1
113	5	1
113	6	1
113	7	1
113	8	1
113	9	1
113	10	1
113	11	1
113	12	1
113	13	1
113	14	1
113	15	1
113	16	1
113	17	1
113	18	1
113	19	1
113	20	1
113	21	1
113	22	1
113	23	1
113	24	1
113	25	1
113	26	1
113	27	1
113	28	1
113	29	1
113	30	1
113	31	1
113	32	1
113	33	1
113	34	1
113	35	1
113	36	1
113	37	1
113	38	1
113	39	1
113	40	1
113	41	1
113	42	1
113	43	1
113	44	1
113	45	1
113	46	1
113	47	1
113	48	1
113	49	1
113	50	1
113	51	1
113	52	1
113	53	1
113	54	1
113	55	1
113	56	1
114	0	1
114	1	1
114	2	1
114	3	1
114	4	1
114	5	1
114	6	1
114	7	1
114	8	1
114	9	1
114	10	1
114	11	1
114	12	1
114	13	1
114	14	1
114	15	1
114	16	1
114	17	1
114	18	1
114	19	1
114	20	1
114	21	1
114	22	1
114	23	1
114	24	1
114	25	1
114	26	1
114	27	1
114	28	1
114	29	1
114	30	1
114	31	1
114	32	1
114	33	1
114	34	1
114	35	1
114	36	1
114	37	1
114	38	1
114	39	1
114	40	1
114	41	1
114	42	1
114	43	1
114	44	1
114	45	1
114	46	1
114	47	1
114	48	1
114	49	1
114	50	1
114	51	1
114	52	1
114	53	1
114	54	1
114	55	1
114	56	1
115	0	1
115	1	1
115	2	1
115	3	1
115	4	1
115	5	1
115	6	1
115	7	1
115	8	1
115	9	1
115	10	1
115	11	1
115	12	1
115	13	1
115	14	1
115	15	1
115	16	1
115	17	1
115	18	1
115	19	1
115	20	1
115	21	1
115	22	1
115	23	1
115	24	1
115	25	1
115	26	1
115	27	1
115	28	1
115	29	1
115	30	1
115	31	1
115	32	1
115	33	1
115	34	1
115	35	1
115	36	1
115	37	1
115	38	1
115	39	1
115	40	1
115	41	1
115	42	1
115	43	1
115	44	1
115	45	1
115	46	1
115	47	1
115	48	1
115	49	1
115	50	1
115	51	1
115	52	1
115	53	1
115	54	1
115	55	1
116	0	1
116	1	1
116	2	1
116	3	1
116	4	1
116	5	1
116	6	1
116	7	1
116	8	1
116	9	1
116	10	1
116	11	1
116	12	1
116	13	1
116	14	1
116	15	1
116	16	1
116	17	1
116	18	1
116	19	1
116	20	1
116	21	1
116	22	1
116	23	1
116	24	1
116	25	1
116	26	1
116	27	1
116	28	1
116	29	1
116	30	1
116	31	1
116	32	1
116	33	1
116	34	1
116	35	1
116	36	1
116	37	1
116	38	1
116	39	1
116	40	1
116	41	1
116	42	1
116	43	1
116	44	1
116	45	1
116	46	1
116	47	1
116	48	1
116	49	1
116	50	1
116	51	1
116	52	1
116	53	1
116	54	1
116	55	1
117	0	1
117	1	1
117	2	1
117	3	1
117	4	1
117	5	1
117	6	1
117	7	1
117	8	1
117	9	1
117	10	1
117	11	1
117	12	1
117	13	1
117	14	1
117	15	1
117	16	1
117	17	1
117	18	1
117	19	1
117	20	1
117	21	1
117	22	1
117	23	1
117	24	1
117	25	1
117	26	1
117	27	1
117	28	1
117	29	1
117	30	1
117	31	1
117	32	1
117	33	1
117	34	1
117	35	1
117	36	1
117	37	1
117	38	1
117	39	1
117	40	1
117	41	1
117	42	1
117	43	1
117	44	1
117	45	1
117	46	1
117	47	1
117	48	1
117	49	1
117	50	1
117	51	1
117	52	1
117	53	1
117	54	1
118	0	1
118	1	1
118	2	1
118	3	1
118	4	1
118	5	1
118	6	1
118	7	1
118	8	1
118	9	1
118	10	1
118	11	1
118	12	1
118	13	1
118	14	1
118	15	1
118	16	1
118	17	1
118	18	1
118	19	1
118	20	1
118	21	1
118	22	1
118	23	1
118	24	1
118	25	1
118	26	1
118	27	1
118	28	1
118	29	1
118	30	1
118	31	1
118	32	1
118	33	1
118	34	1
118	35	1
118	36	1
118	37	1
118	38	1
118	39	1
118	40	1
118	41	1
118	42	1
118	43	1
118	44	1
118	45	1
118	46	1
118	47	1
118	48	1
118	49	1
118	50	1
118	51	1
118	52	1
118	53	1
118	54	1
119	0	1
119	1	1
119	2	1
119	3	1
119	4	1
119	5	1
119	6	1
119	7	1
119	8	1
119	9	1
119	10	1
119	11	1
119	12	1
119	13	1
119	14	1
119	15	1
119	16	1
119	17	1
119	18	1
119	19	1
119	20	1
119	21	1
119	22	1
119	23	1
119	24	1
119	25	1
119	26	1
119	27	1
119	28	1
119	29	1
119	30	1
119	31	1
119	32	1
119	33	1
119	34	1
119	35	1
119	36	1
119	37	1
119	38	1
119	39	1
119	40	1
119	41	1
119	42	1
119	43	1
119	44	1
119	45	1
119	46	1
119	47	1
119	48	1
119	49	1
119	50	1
119	51	1
119	52	1
119	53	1
120	0	1
120	1	1
120	2	1
120	3	1
120	4	1
120	5	1
120	6	1
120	7	1
120	8	1
120	9	1
120	10	1
120	11	1
120	12	1
120	13	1
120	14	1
120	15	1
120	16	1
120	17	1
120	18	1
120	19	1
120	20	1
120	21	1
120	22	1
120	23	1
120	24	1
120	25	1
120	26	1
120	27	1
120	28	1
120	29	1
120	30	1
120	31	1
120	32	1
120	33	1
120	34	1
120	35	1
120	36	1
120	37	1
120	38	1
120	39	1
120	40	1
120	41	1
120	42	1
120	43	1
120	44	1
120	45	1
120	46	1
120	47	1
120	48	1
120	49	1
120	50	1
120	51	1
120	52	1
120	53	1
121	0	1
121	1	1
121	2	1
121	3	1
121	4	1
121	5	1
121	6	1
121	7	1
121	8	1
121	9	1
121	10	1
121	11	1
121	12	1
121	13	1
121	14	1
121	15	1
121	16	1
121	17	1
121	18	1
121	19	1
121	20	1
121	21	1
121	22	1
121	23	1
121	24	1
121	25	1
121	26	1
121	27	1
121	28	1
121	29	1
121	30	1
121	31	1
121	32	1
121	33	1
121	34	1
121	35	1
121	36	1
121	37	1
121	38	1
121	39	1
121	40	1
121	41	1
121	42	1
121	43	1
121	44	1
121	45	1
121	46	1
121	47	1
121	48	1
121	49	1
121	50	1
121	51	1
121	52	1
122	0	1
122	1	1
122	2	1
122	3	1
122	4	1
122	5	1
122	6	1
122	7	1
122	8	1
122	9	1
122	10	1
122	11	1
122	12	1
122	13	1
122	14	1
122	15	1
122	16	1
122	17	1
122	18	1
122	19	1
122	20	1
122	21	1
122	22	1
122	23	1
122	24	1
122	25	1
122	26	1
122	27	1
122	28	1
122	29	1
122	30	1
122	31	1
122	32	1
122	33	1
122	34	1
122	35	1
122	36	1
122	37	1
122	38	1
122	39	1
122	40	1
122	41	1
122	42	1
122	43	1
122	44	1
122	45	1
122	46	1
122	47	1
122	48	1
122	49	1
122	50	1
122	51	1
123	0	1
123	1	1
123	2	1
123	3	1
123	4	1
123	5	1
123	6	1
123	7	1
123	8	1
123	9	1
123	10	1
123	11	1
123	12	1
123	13	1
123	14	1
123	15	1
123	16	1
123	17	1
123	18	1
123	19	1
123	20	1
123	21	1
123	22	1
123	23	1
123	24	1
123	25	1
123	26	1
123	27	1
123	28	1
123	29	1
123	30	1
123	31	1
123	32	1
123	33	1
123	34	1
123	35	1
123	36	1
123	37	1
123	38	1
123	39	1
123	40	1
123	41	1
123	42	1
123	43	1
123	44	1
123	45	1
123	46	1
123	47	1
123	48	1
123	49	1
123	50	1
123	51	1
124	0	1
124	1	1
124	2	1
124	3	1
124	4	1
124	5	1
124	6	1
124	7	1
124	8	1
124	9	1
124	10	1
124	11	1
124	12	1
124	13	1
124	14	1
124	15	1
124	16	1
124	17	1
124	18	1
124	19	1
124	20	1
124	21	1
124	22	1
124	23	1
124	24	1
124	25	1
124	26	1
124	27	1
124	28	1
124	29	1
124	30	1
124	31	1
124	32	1
124	33	1
124	34	1
124	35	1
124	36	1
124	37	1
124	38	1
124	39	1
124	40	1
124	41	1
124	42	1
124	43	1
124	44	1
124	45	1
124	46	1
124	47	1
124	48	1
124	49	1
124	50	1
125	0	1
125	1	1
125	2	1
125	3	1
125	4	1
125	5	1
125	6	1
125	7	1
125	8	1
125	9	1
125	10	1
125	11	1
125	12	1
125	13	1
125	14	1
125	15	1
125	16	1
125	17	1
125	18	1
125	19	1
125	20	1
125	21	1
125	22	1
125	23	1
125	24	1
125	25	1
125	26	1
125	27	1
125	28	1
125	29	1
125	30	1
125	31	1
125	32	1
125	33	1
125	34	1
125	35	1
125	36	1
125	37	1
125	38	1
125	39	1
125	40	1
125	41	1
125	42	1
125	43	1
125	44	1
125	45	1
125	46	1
125	47	1
125	48	1
125	49	1
126	0	1
126	1	1
126	2	1
126	3	1
126	4	1
126	5	1
126	6	1
126	7	1
126	8	1
126	9	1
126	10	1
126	11	1
126	12	1
126	13	1
126	14	1
126	15	1
126	16	1
126	17	1
126	18	1
126	19	1
126	20	1
126	21	1
126	22	1
126	23	1
126	24	1
126	25	1
126	26	1
126	27	1
126	28	1
126	29	1
126	30	1
126	31	1
126	32	1
126	33	1
126	34	1
126	35	1
126	36	1
126	37	1
126	38	1
126	39	1
126	40	1
126	41	1
126	42	1
126	43	1
126	44	1
126	45	1
126	46	1
126	47	1
126	48	1
127	0	1
127	1	1
127	2	1
127	3	1
127	4	1
127	5	1
127	6	1
127	7	1
127	8	1
127	9	1
127	10	1
127	11	1
127	12	1
127	13	1
127	14	1
127	15	1
127	16	1
127	17	1
127	18	1
127	19	1
127	20	1
127	21	1
127	22	1
127	23	1
127	24	1
127	25	1
127	26	1
127	27	1
127	28	1
127	29	1
127	30	1
127	31	1
127	32	1
127	33	1
127	34	1
127	35	1
127	36	1
127	37	1
127	38	1
127	39	1
127	40	1
127	41	1
127	42	1
127	43	1
127	44	1
127	45	1
127	46	1
127	47	1
127	48	1
128	0	1
128	1	1
128	2	1
128	3	1
128	4	1
128	5	1
128	6	1
128	7	1
128	8	1
128	9	1
128	10	1
128	11	1
128	12	1
128	13	1
128	14	1
128	15	1
128	16	1
128	17	1
128	18	1
128	19	1
128	20	1
128	21	1
128	22	1
128	23	1
128	24	1
128	25	1
128	26	1
128	27	1
128	28	1
128	29	1
128	30	1
128	31	1
128	32	1
128	33	1
128	34	1
128	35	1
128	36	1
128	37	1
128	38	1
128	39	1
128	40	1
128	41	1
128	42	1
128	43	1
128	44	1
128	45	1
128	46	1
128	47	1
129	0	1
129	1	1
129	2	1
129	3	1
129	4	1
129	5	1
129	6	1
129	7	1
129	8	1
129	9	1
129	10	1
129	11	1
129	12	1
129	13	1
129	14	1
129	15	1
129	16	1
129	17	1
129	18	1
129	19	1
129	20	1
129	21	1
129	22	1
129	23	1
129	24	1
129	25	1
129	26	1
129	27	1
129	28	1
129	29	1
129	30	1
129	31	1
129	32	1
129	33	1
129	34	1
129	35	1
129	36	1
129	37	1
129	38	1
129	39	1
129	40	1
129	41	1
129	42	1
129	43	1
129	44	1
129	45	1
129	46	1
130	0	1
130	1	1
130	2	1
130	3	1
130	4	1
130	5	1
130	6	1
130	7	1
130	8	1
130	9	1
130	10	1
130	11	1
130	12	1
130	13	1
130	14	1
130	15	1
130	16	1
130	17	1
130	18	1
130	19	1
130	20	1
130	21	1
130	22	1
130	23	1
130	24	1
130	25	1
130	26	1
130	27	1
130	28	1
130	29	1
130	30	1
130	31	1
130	32	1
130	33	1
130	34	1
130	35	1
130	36	1
130	37	1
130	38	1
130	39	1
130	40	1
130	41	1
130	42	1
130	43	1
130	44	1
130	45	1
131	0	1
131	1	1
131	2	1
131	3	1
131	4	1
131	5	1
131	6	1
131	7	1
131	8	1
131	9	1
131	10	1
131	11	1
131	12	1
131	13	1
131	14	1
131	15	1
131	16	1
131	17	1
131	18	1
131	19	1
131	20	1
131	21	1
131	22	1
131	23	1
131	24	1
131	25	1
131	26	1
131	27	1
131	28	1
131	29	1
131	30	1
131	31	1
131	32	1
131	33	1
131	34	1
131	35	1
131	36	1
131	37	1
131	38	1
131	39	1
131	40	1
131	41	1
131	42	1
131	43	1
131	44	1
132	0	1
132	1	1
132	2	1
132	3	1
132	4	1
132	5	1
132	6	1
132	7	1
132	8	1
132	9	1
132	10	1
132	11	1
132	12	1
132	13	1
132	14	1
132	15	1
132	16	1
132	17	1
132	18	1
132	19	1
132	20	1
132	21	1
132	22	1
132	23	1
132	24	1
132	25	1
132	26	1
132	27	1
132	28	1
132	29	1
132	30	1
132	31	1
132	32	1
132	33	1
132	34	1
132	35	1
132	36	1
132	37	1
132	38	1
132	39	1
132	40	1
132	41	1
132	42	1
132	43	1
133	0	1
133	1	1
133	2	1
133	3	1
133	4	1
133	5	1
133	6	1
133	7	1
133	8	1
133	9	1
133	10	1
133	11	1
133	12	1
133	13	1
133	14	1
133	15	1
133	16	1
133	17	1
133	18	1
133	19	1
133	20	1
133	21	1
133	22	1
133	23	1
133	24	1
133	25	1
133	26	1
133	27	1
133	28	1
133	29	1
133	30	1
133	31	1
133	32	1
133	33	1
133	34	1
133	35	1
133	36	1
133	37	1
133	38	1
133	39	1
133	40	1
133	41	1
133	42	1
134	0	1
134	1	1
134	2	1
134	3	1
134	4	1
134	5	1
134	6	1
134	7	1
134	8	1
134	9	1
134	10	1
134	11	1
134	12	1
134	13	1
134	14	1
134	15	1
134	16	1
134	17	1
134	18	1
134	19	1
134	20	1
134	21	1
134	22	1
134	23	1
134	24	1
134	25	1
134	26	1
134	27	1
134	28	1
134	29	1
134	30	1
134	31	1
134	32	1
134	33	1
134	34	1
134	35	1
134	36	1
134	37	1
134	38	1
134	39	1
134	40	1
134	41	1
135	0	1
135	1	1
135	2	1
135	3	1
135	4	1
135	5	1
135	6	1
135	7	1
135	8	1
135	9	1
135	10	1
135	11	1
135	12	1
135	13	1
135	14	1
135	15	1
135	16	1
135	17	1
135	18	1
135	19	1
135	20	1
135	21	1
135	22	1
135	23	1
135	24	1
135	25	1
135	26	1
135	27	1
135	28	1
135	29	1
135	30	1
135	31	1
135	32	1
135	33	1
135	34	1
135	35	1
135	36	1
135	37	1
135	38	1
135	39	1
136	0	1
136	1	1
136	2	1
136	3	1
136	4	1
136	5	1
136	6	1
136	7	1
136	8	1
136	9	1
136	10	1
136	11	1
136	12	1
136	13	1
136	14	1
136	15	1
136	16	1
136	17	1
136	18	1
136	19	1
136	20	1
136	21	1
136	22	1
136	23	1
136	24	1
136	25	1
136	26	1
136	27	1
136	28	1
136	29	1
136	30	1
136	31	1
136	32	1
136	33	1
136	34	1
136	35	1
136	36	1
136	37	1
136	38	1
137	0	1
137	1	1
137	2	1
137	3	1
137	4	1
137	5	1
137	6	1
137	7	1
137	8	1
137	9	1
137	10	1
137	11	1
137	12	1
137	13	1
137	14	1
137	15	1
137	16	1
137	17	1
137	18	1
137	19	1
137	20	1
137	21	1
137	22	1
137	23	1
137	24	1
137	25	1
137	26	1
137	27	1
137	28	1
137	29	1
137	30	1
137	31	1
137	32	1
137	33	1
137	34	1
137	35	1
137	36	1
137	37	1
138	0	1
138	1	1
138	2	1
138	3	1
138	4	1
138	5	1
138	6	1
138	7	1
138	8	1
138	9	1
138	10	1
138	11	1
138	12	1
138	13	1
138	14	1
138	15	1
138	16	1
138	17	1
138	18	1
138	19	1
138	20	1
138	21	1
138	22	1
138	23	1
138	24	1
138	25	1
138	26	1
138	27	1
138	28	1
138	29	1
138	30	1
138	31	1
138	32	1
138	33	1
138	34	1
138	35	1
139	0	1
139	1	1
139	2	1
139	3	1
139	4	1
139	5	1
139	6	1
139	7	1
139	8	1
139	9	1
139	10	1
139	11	1
139	12	1
139	13	1
139	14	1
139	15	1
139	16	1
139	17	1
139	18	1
139	19	1
139	20	1
139	21	1
139	22	1
139	23	1
139	24	1
139	25	1
139	26	1
139	27	1
139	28	1
139	29	1
139	30	1
139	31	1
139	32	1
139	33	1
139	34	1
140	0	1
140	1	1
140	2	1
140	3	1
140	4	1
140	5	1
140	6	1
140	7	1
140	8	1
140	9	1
140	10	1
140	11	1
140	12	1
140	13	1
140	14	1
140	15	1
140	16	1
140	17	1
140	18	1
140	19	1
140	20	1
140	21	1
140	22	1
140	23	1
140	24	1
140	25	1
140	26	1
140	27	1
140	28	1
140	29	1
140	30	1
140	31	1
140	32	1
141	0	1
141	1	1
141	2	1
141	3	1
141	4	1
141	5	1
141	6	1
141	7	1
141	8	1
141	9	1
141	10	1
141	11	1
141	12	1
141	13	1
141	14	1
141	15	1
141	16	1
141	17	1
141	18	1
141	19	1
141	20	1
141	21	1
141	22	1
141	23	1
141	24	1
141	25	1
141	26	1
141	27	1
141	28	1
141	29	1
141	30	1
142	0	1
142	1	1
142	2	1
142	3	1
142	4	1
142	5	1
142	6	1
142	7	1
142	8	1
142	9	1
142	10	1
142	11	1
142	12	1
142	13	1
142	14	1
142	15	1
142	16	1
142	17	1
142	18	1
142	19	1
142	20	1
142	21	1
142	22	1
142	23	1
142	24	1
142	25	1
142	26	1
142	27	1
142	28	1
143	0	1
143	1	1
143	2	1
143	3	1
143	4	1
143	5	1
143	6	1
143	7	1
143	8	1
143	9	1
143	10	1
143	11	1
143	12	1
143	13	1
143	14	1
143	15	1
143	16	1
143	17	1
143	18	1
143	19	1
143	20	1
143	21	1
143	22	1
143	23	1
143	24	1
143	25	1
143	26	1
144	0	1
144	1	1
144	2	1
144	3	1
144	4	1
144	5	1
144	6	1
144	7	1
144	8	1
144	9	1
144	10	1
144	11	1
144	12	1
144	13	1
144	14	1
144	15	1
144	16	1
144	17	1
144	18	1
144	19	1
144	20	1
144	21	1
144	22	1
144	23	1
144	24	1
145	0	1
145	1	1
145	2	1
145	3	1
145	4	1
145	5	1
145	6	1
145	7	1
145	8	1
145	9	1
145	10	1
145	11	1
145	12	1
145	13	1
145	14	1
145	15	1
145	16	1
145	17	1
145	18	1
145	19	1
145	20	1
145	21	1
146	0	1
146	1	1
146	2	1
146	3	1
146	4	1
146	5	1
146	6	1
146	7	1
146	8	1
146	9	1
146	10	1
146	11	1
146	12	1
146	13	1
146	14	1
146	15	1
146	16	1
146	17	1
146	18	1
147	0	1
147	1	1
147	2	1
147	3	1
147	4	1
147	5	1
147	6	1
147	7	1
147	8	1
147	9	1
147	10	1
147	11	1
147	12	1
147	13	1
148	3	1
30	3	1
31	0	1
31	1	1
31	2	1
31	3	1
31	4	1
31	5	1
31	6	1
31	7	1
31	8	1
31	9	1
31	10	1
31	11	1
31	12	1
31	13	1
32	0	1
32	1	1
32	2	1
32	3	1
32	4	1
32	5	1
32	6	1
32	7	1
32	8	1
32	9	1
32	10	1
32	11	1
32	12	1
32	13	1
32	14	1
32	15	1
32	16	1
32	17	1
32	18	1
33	0	1
33	1	1
33	2	1
33	3	1
33	4	1
33	5	1
33	6	1
33	7	1
33	8	1
33	9	1
33	10	1
33	11	1
33	12	1
33	13	1
33	14	1
33	15	1
33	16	1
33	17	1
33	18	1
33	19	1
33	20	1
33	21	1
34	0	1
34	1	1
34	2	1
34	3	1
34	4	1
34	5	1
34	6	1
34	7	1
34	8	1
34	9	1
34	10	1
34	11	1
34	12	1
34	13	1
34	14	1
34	15	1
34	16	1
34	17	1
34	18	1
34	19	1
34	20	1
34	21	1
34	22	1
34	23	1
34	24	1
35	0	1
35	1	1
35	2	1
35	3	1
35	4	1
35	5	1
35	6	1
35	7	1
35	8	1
35	9	1
35	10	1
35	11	1
35	12	1
35	13	1
35	14	1
35	15	1
35	16	1
35	17	1
35	18	1
35	19	1
35	20	1
35	21	1
35	22	1
35	23	1
35	24	1
35	25	1
35	26	1
36	0	1
36	1	1
36	2	1
36	3	1
36	4	1
36	5	1
36	6	1
36	7	1
36	8	1
36	9	1
36	10	1
36	11	1
36	12	1
36	13	1
36	14	1
36	15	1
36	16	1
36	17	1
36	18	1
36	19	1
36	20	1
36	21	1
36	22	1
36	23	1
36	24	1
36	25	1
36	26	1
36	27	1
36	28	1
37	0	1
37	1	1
37	2	1
37	3	1
37	4	1
37	5	1
37	6	1
37	7	1
37	8	1
37	9	1
37	10	1
37	11	1
37	12	1
37	13	1
37	14	1
37	15	1
37	16	1
37	17	1
37	18	1
37	19	1
37	20	1
37	21	1
37	22	1
37	23	1
37	24	1
37	25	1
37	26	1
37	27	1
37	28	1
37	29	1
37	30	1
38	0	1
38	1	1
38	2	1
38	3	1
38	4	1
38	5	1
38	6	1
38	7	1
38	8	1
38	9	1
38	10	1
38	11	1
38	12	1
38	13	1
38	14	1
38	15	1
38	16	1
38	17	1
38	18	1
38	19	1
38	20	1
38	21	1
38	22	1
38	23	1
38	24	1
38	25	1
38	26	1
38	27	1
38	28	1
38	29	1
38	30	1
38	31	1
38	32	1
39	0	1
39	1	1
39	2	1
39	3	1
39	4	1
39	5	1
39	6	1
39	7	1
39	8	1
39	9	1
39	10	1
39	11	1
39	12	1
39	13	1
39	14	1
39	15	1
39	16	1
39	17	1
39	18	1
39	19	1
39	20	1
39	21	1
39	22	1
39	23	1
39	24	1
39	25	1
39	26	1
39	27	1
39	28	1
39	29	1
39	30	1
39	31	1
39	32	1
39	33	1
39	34	1
40	0	1
40	1	1
40	2	1
40	3	1
40	4	1
40	5	1
40	6	1
40	7	1
40	8	1
40	9	1
40	10	1
40	11	1
40	12	1
40	13	1
40	14	1
40	15	1
40	16	1
40	17	1
40	18	1
40	19	1
40	20	1
40	21	1
40	22	1
40	23	1
40	24	1
40	25	1
40	26	1
40	27	1
40	28	1
40	29	1
40	30	1
40	31	1
40	32	1
40	33	1
40	34	1
40	35	1
41	0	1
41	1	1
41	2	1
41	3	1
41	4	1
41	5	1
41	6	1
41	7	1
41	8	1
41	9	1
41	10	1
41	11	1
41	12	1
41	13	1
41	14	1
41	15	1
41	16	1
41	17	1
41	18	1
41	19	1
41	20	1
41	21	1
41	22	1
41	23	1
41	24	1
41	25	1
41	26	1
41	27	1
41	28	1
41	29	1
41	30	1
41	31	1
41	32	1
41	33	1
41	34	1
41	35	1
41	36	1
41	37	1
42	0	1
42	1	1
42	2	1
42	3	1
42	4	1
42	5	1
42	6	1
42	7	1
42	8	1
42	9	1
42	10	1
42	11	1
42	12	1
42	13	1
42	14	1
42	15	1
42	16	1
42	17	1
42	18	1
42	19	1
42	20	1
42	21	1
42	22	1
42	23	1
42	24	1
42	25	1
42	26	1
42	27	1
42	28	1
42	29	1
42	30	1
42	31	1
42	32	1
42	33	1
42	34	1
42	35	1
42	36	1
42	37	1
42	38	1
43	0	1
43	1	1
43	2	1
43	3	1
43	4	1
43	5	1
43	6	1
43	7	1
43	8	1
43	9	1
43	10	1
43	11	1
43	12	1
43	13	1
43	14	1
43	15	1
43	16	1
43	17	1
43	18	1
43	19	1
43	20	1
43	21	1
43	22	1
43	23	1
43	24	1
43	25	1
43	26	1
43	27	1
43	28	1
43	29	1
43	30	1
43	31	1
43	32	1
43	33	1
43	34	1
43	35	1
43	36	1
43	37	1
43	38	1
43	39	1
44	0	1
44	1	1
44	2	1
44	3	1
44	4	1
44	5	1
44	6	1
44	7	1
44	8	1
44	9	1
44	10	1
44	11	1
44	12	1
44	13	1
44	14	1
44	15	1
44	16	1
44	17	1
44	18	1
44	19	1
44	20	1
44	21	1
44	22	1
44	23	1
44	24	1
44	25	1
44	26	1
44	27	1
44	28	1
44	29	1
44	30	1
44	31	1
44	32	1
44	33	1
44	34	1
44	35	1
44	36	1
44	37	1
44	38	1
44	39	1
44	40	1
44	41	1
45	0	1
45	1	1
45	2	1
45	3	1
45	4	1
45	5	1
45	6	1
45	7	1
45	8	1
45	9	1
45	10	1
45	11	1
45	12	1
45	13	1
45	14	1
45	15	1
45	16	1
45	17	1
45	18	1
45	19	1
45	20	1
45	21	1
45	22	1
45	23	1
45	24	1
45	25	1
45	26	1
45	27	1
45	28	1
45	29	1
45	30	1
45	31	1
45	32	1
45	33	1
45	34	1
45	35	1
45	36	1
45	37	1
45	38	1
45	39	1
45	40	1
45	41	1
45	42	1
46	0	1
46	1	1
46	2	1
46	3	1
46	4	1
46	5	1
46	6	1
46	7	1
46	8	1
46	9	1
46	10	1
46	11	1
46	12	1
46	13	1
46	14	1
46	15	1
46	16	1
46	17	1
46	18	1
46	19	1
46	20	1
46	21	1
46	22	1
46	23	1
46	24	1
46	25	1
46	26	1
46	27	1
46	28	1
46	29	1
46	30	1
46	31	1
46	32	1
46	33	1
46	34	1
46	35	1
46	36	1
46	37	1
46	38	1
46	39	1
46	40	1
46	41	1
46	42	1
46	43	1
47	0	1
47	1	1
47	2	1
47	3	1
47	4	1
47	5	1
47	6	1
47	7	1
47	8	1
47	9	1
47	10	1
47	11	1
47	12	1
47	13	1
47	14	1
47	15	1
47	16	1
47	17	1
47	18	1
47	19	1
47	20	1
47	21	1
47	22	1
47	23	1
47	24	1
47	25	1
47	26	1
47	27	1
47	28	1
47	29	1
47	30	1
47	31	1
47	32	1
47	33	1
47	34	1
47	35	1
47	36	1
47	37	1
47	38	1
47	39	1
47	40	1
47	41	1
47	42	1
47	43	1
47	44	1
48	0	1
48	1	1
48	2	1
48	3	1
48	4	1
48	5	1
48	6	1
48	7	1
48	8	1
48	9	1
48	10	1
48	11	1
48	12	1
48	13	1
48	14	1
48	15	1
48	16	1
48	17	1
48	18	1
48	19	1
48	20	1
48	21	1
48	22	1
48	23	1
48	24	1
48	25	1
48	26	1
48	27	1
48	28	1
48	29	1
48	30	1
48	31	1
48	32	1
48	33	1
48	34	1
48	35	1
48	36	1
48	37	1
48	38	1
48	39	1
48	40	1
48	41	1
48	42	1
48	43	1
48	44	1
48	45	1
49	0	1
49	1	1
49	2	1
49	3	1
49	4	1
49	5	1
49	6	1
49	7	1
49	8	1
49	9	1
49	10	1
49	11	1
49	12	1
49	13	1
49	14	1
49	15	1
49	16	1
49	17	1
49	18	1
49	19	1
49	20	1
49	21	1
49	22	1
49	23	1
49	24	1
49	25	1
49	26	1
49	27	1
49	28	1
49	29	1
49	30	1
49	31	1
49	32	1
49	33	1
49	34	1
49	35	1
49	36	1
49	37	1
49	38	1
49	39	1
49	40	1
49	41	1
49	42	1
49	43	1
49	44	1
49	45	1
49	46	1
50	0	1
50	1	1
50	2	1
50	3	1
50	4	1
50	5	1
50	6	1
50	7	1
50	8	1
50	9	1
50	10	1
50	11	1
50	12	1
50	13	1
50	14	1
50	15	1
50	16	1
50	17	1
50	18	1
50	19	1
50	20	1
50	21	1
50	22	1
50	23	1
50	24	1
50	25	1
50	26	1
50	27	1
50	28	1
50	29	1
50	30	1
50	31	1
50	32	1
50	33	1
50	34	1
50	35	1
50	36	1
50	37	1
50	38	1
50	39	1
50	40	1
50	41	1
50	42	1
50	43	1
50	44	1
50	45	1
50	46	1
50	47	1
51	0	1
51	1	1
51	2	1
51	3	1
51	4	1
51	5	1
51	6	1
51	7	1
51	8	1
51	9	1
51	10	1
51	11	1
51	12	1
51	13	1
51	14	1
51	15	1
51	16	1
51	17	1
51	18	1
51	19	1
51	20	1
51	21	1
51	22	1
51	23	1
51	24	1
51	25	1
51	26	1
51	27	1
51	28	1
51	29	1
51	30	1
51	31	1
51	32	1
51	33	1
51	34	1
51	35	1
51	36	1
51	37	1
51	38	1
51	39	1
51	40	1
51	41	1
51	42	1
51	43	1
51	44	1
51	45	1
51	46	1
51	47	1
51	48	1
52	0	1
52	1	1
52	2	1
52	3	1
52	4	1
52	5	1
52	6	1
52	7	1
52	8	1
52	9	1
52	10	1
52	11	1
52	12	1
52	13	1
52	14	1
52	15	1
52	16	1
52	17	1
52	18	1
52	19	1
52	20	1
52	21	1
52	22	1
52	23	1
52	24	1
52	25	1
52	26	1
52	27	1
52	28	1
52	29	1
52	30	1
52	31	1
52	32	1
52	33	1
52	34	1
52	35	1
52	36	1
52	37	1
52	38	1
52	39	1
52	40	1
52	41	1
52	42	1
52	43	1
52	44	1
52	45	1
52	46	1
52	47	1
52	48	1
53	0	1
53	1	1
53	2	1
53	3	1
53	4	1
53	5	1
53	6	1
53	7	1
53	8	1
53	9	1
53	10	1
53	11	1
53	12	1
53	13	1
53	14	1
53	15	1
53	16	1
53	17	1
53	18	1
53	19	1
53	20	1
53	21	1
53	22	1
53	23	1
53	24	1
53	25	1
53	26	1
53	27	1
53	28	1
53	29	1
53	30	1
53	31	1
53	32	1
53	33	1
53	34	1
53	35	1
53	36	1
53	37	1
53	38	1
53	39	1
53	40	1
53	41	1
53	42	1
53	43	1
53	44	1
53	45	1
53	46	1
53	47	1
53	48	1
53	49	1
54	0	1
54	1	1
54	2	1
54	3	1
54	4	1
54	5	1
54	6	1
54	7	1
54	8	1
54	9	1
54	10	1
54	11	1
54	12	1
54	13	1
54	14	1
54	15	1
54	16	1
54	17	1
54	18	1
54	19	1
54	20	1
54	21	1
54	22	1
54	23	1
54	24	1
54	25	1
54	26	1
54	27	1
54	28	1
54	29	1
54	30	1
54	31	1
54	32	1
54	33	1
54	34	1
54	35	1
54	36	1
54	37	1
54	38	1
54	39	1
54	40	1
54	41	1
54	42	1
54	43	1
54	44	1
54	45	1
54	46	1
54	47	1
54	48	1
54	49	1
54	50	1
55	0	1
55	1	1
55	2	1
55	3	1
55	4	1
55	5	1
55	6	1
55	7	1
55	8	1
55	9	1
55	10	1
55	11	1
55	12	1
55	13	1
55	14	1
55	15	1
55	16	1
55	17	1
55	18	1
55	19	1
55	20	1
55	21	1
55	22	1
55	23	1
55	24	1
55	25	1
55	26	1
55	27	1
55	28	1
55	29	1
55	30	1
55	31	1
55	32	1
55	33	1
55	34	1
55	35	1
55	36	1
55	37	1
55	38	1
55	39	1
55	40	1
55	41	1
55	42	1
55	43	1
55	44	1
55	45	1
55	46	1
55	47	1
55	48	1
55	49	1
55	50	1
55	51	1
56	0	1
56	1	1
56	2	1
56	3	1
56	4	1
56	5	1
56	6	1
56	7	1
56	8	1
56	9	1
56	10	1
56	11	1
56	12	1
56	13	1
56	14	1
56	15	1
56	16	1
56	17	1
56	18	1
56	19	1
56	20	1
56	21	1
56	22	1
56	23	1
56	24	1
56	25	1
56	26	1
56	27	1
56	28	1
56	29	1
56	30	1
56	31	1
56	32	1
56	33	1
56	34	1
56	35	1
56	36	1
56	37	1
56	38	1
56	39	1
56	40	1
56	41	1
56	42	1
56	43	1
56	44	1
56	45	1
56	46	1
56	47	1
56	48	1
56	49	1
56	50	1
56	51	1
57	0	1
57	1	1
57	2	1
57	3	1
57	4	1
57	5	1
57	6	1
57	7	1
57	8	1
57	9	1
57	10	1
57	11	1
57	12	1
57	13	1
57	14	1
57	15	1
57	16	1
57	17	1
57	18	1
57	19	1
57	20	1
57	21	1
57	22	1
57	23	1
57	24	1
57	25	1
57	26	1
57	27	1
57	28	1
57	29	1
57	30	1
57	31	1
57	32	1
57	33	1
57	34	1
57	35	1
57	36	1
57	37	1
57	38	1
57	39	1
57	40	1
57	41	1
57	42	1
57	43	1
57	44	1
57	45	1
57	46	1
57	47	1
57	48	1
57	49	1
57	50	1
57	51	1
57	52	1
58	0	1
58	1	1
58	2	1
58	3	1
58	4	1
58	5	1
58	6	1
58	7	1
58	8	1
58	9	1
58	10	1
58	11	1
58	12	1
58	13	1
58	14	1
58	15	1
58	16	1
58	17	1
58	18	1
58	19	1
58	20	1
58	21	1
58	22	1
58	23	1
58	24	1
58	25	1
58	26	1
58	27	1
58	28	1
58	29	1
58	30	1
58	31	1
58	32	1
58	33	1
58	34	1
58	35	1
58	36	1
58	37	1
58	38	1
58	39	1
58	40	1
58	41	1
58	42	1
58	43	1
58	44	1
58	45	1
58	46	1
58	47	1
58	48	1
58	49	1
58	50	1
58	51	1
58	52	1
58	53	1
59	0	1
59	1	1
59	2	1
59	3	1
59	4	1
59	5	1
59	6	1
59	7	1
59	8	1
59	9	1
59	10	1
59	11	1
59	12	1
59	13	1
59	14	1
59	15	1
59	16	1
59	17	1
59	18	1
59	19	1
59	20	1
59	21	1
59	22	1
59	23	1
59	24	1
59	25	1
59	26	1
59	27	1
59	28	1
59	29	1
59	30	1
59	31	1
59	32	1
59	33	1
59	34	1
59	35	1
59	36	1
59	37	1
59	38	1
59	39	1
59	40	1
59	41	1
59	42	1
59	43	1
59	44	1
59	45	1
59	46	1
59	47	1
59	48	1
59	49	1
59	50	1
59	51	1
59	52	1
59	53	1
60	0	1
60	1	1
60	2	1
60	3	1
60	4	1
60	5	1
60	6	1
60	7	1
60	8	1
60	9	1
60	10	1
60	11	1
60	12	1
60	13	1
60	14	1
60	15	1
60	16	1
60	17	1
60	18	1
60	19	1
60	20	1
60	21	1
60	22	1
60	23	1
60	24	1
60	25	1
60	26	1
60	27	1
60	28	1
60	29	1
60	30	1
60	31	1
60	32	1
60	33	1
60	34	1
60	35	1
60	36	1
60	37	1
60	38	1
60	39	1
60	40	1
60	41	1
60	42	1
60	43	1
60	44	1
60	45	1
60	46	1
60	47	1
60	48	1
60	49	1
60	50	1
60	51	1
60	52	1
60	53	1
60	54	1
61	0	1
61	1	1
61	2	1
61	3	1
61	4	1
61	5	1
61	6	1
61	7	1
61	8	1
61	9	1
61	10	1
61	11	1
61	12	1
61	13	1
61	14	1
61	15	1
61	16	1
61	17	1
61	18	1
61	19	1
61	20	1
61	21	1
61	22	1
61	23	1
61	24	1
61	25	1
61	26	1
61	27	1
61	28	1
61	29	1
61	30	1
61	31	1
61	32	1
61	33	1
61	34	1
61	35	1
61	36	1
61	37	1
61	38	1
61	39	1
61	40	1
61	41	1
61	42	1
61	43	1
61	44	1
61	45	1
61	46	1
61	47	1
61	48	1
61	49	1
61	50	1
61	51	1
61	52	1
61	53	1
61	54	1
62	0	1
62	1	1
62	2	1
62	3	1
62	4	1
62	5	1
62	6	1
62	7	1
62	8	1
62	9	1
62	10	1
62	11	1
62	12	1
62	13	1
62	14	1
62	15	1
62	16	1
62	17	1
62	18	1
62	19	1
62	20	1
62	21	1
62	22	1
62	23	1
62	24	1
62	25	1
62	26	1
62	27	1
62	28	1
62	29	1
62	30	1
62	31	1
62	32	1
62	33	1
62	34	1
62	35	1
62	36	1
62	37	1
62	38	1
62	39	1
62	40	1
62	41	1
62	42	1
62	43	1
62	44	1
62	45	1
62	46	1
62	47	1
62	48	1
62	49	1
62	50	1
62	51	1
62	52	1
62	53	1
62	54	1
62	55	1
63	0	1
63	1	1
63	2	1
63	3	1
63	4	1
63	5	1
63	6	1
63	7	1
63	8	1
63	9	1
63	10	1
63	11	1
63	12	1
63	13	1
63	14	1
63	15	1
63	16	1
63	17	1
63	18	1
63	19	1
63	20	1
63	21	1
63	22	1
63	23	1
63	24	1
63	25	1
63	26	1
63	27	1
63	28	1
63	29	1
63	30	1
63	31	1
63	32	1
63	33	1
63	34	1
63	35	1
63	36	1
63	37	1
63	38	1
63	39	1
63	40	1
63	41	1
63	42	1
63	43	1
63	44	1
63	45	1
63	46	1
63	47	1
63	48	1
63	49	1
63	50	1
63	51	1
63	52	1
63	53	1
63	54	1
63	55	1
64	0	1
64	1	1
64	2	1
64	3	1
64	4	1
64	5	1
64	6	1
64	7	1
64	8	1
64	9	1
64	10	1
64	11	1
64	12	1
64	13	1
64	14	1
64	15	1
64	16	1
64	17	1
64	18	1
64	19	1
64	20	1
64	21	1
64	22	1
64	23	1
64	24	1
64	25	1
64	26	1
64	27	1
64	28	1
64	29	1
64	30	1
64	31	1
64	32	1
64	33	1
64	34	1
64	35	1
64	36	1
64	37	1
64	38	1
64	39	1
64	40	1
64	41	1
64	42	1
64	43	1
64	44	1
64	45	1
64	46	1
64	47	1
64	48	1
64	49	1
64	50	1
64	51	1
64	52	1
64	53	1
64	54	1
64	55	1
64	56	1
65	0	1
65	1	1
65	2	1
65	3	1
65	4	1
65	5	1
65	6	1
65	7	1
65	8	1
65	9	1
65	10	1
65	11	1
65	12	1
65	13	1
65	14	1
65	15	1
65	16	1
65	17	1
65	18	1
65	19	1
65	20	1
65	21	1
65	22	1
65	23	1
65	24	1
65	25	1
65	26	1
65	27	1
65	28	1
65	29	1
65	30	1
65	31	1
65	32	1
65	33	1
65	34	1
65	35	1
65	36	1
65	37	1
65	38	1
65	39	1
65	40	1
65	41	1
65	42	1
65	43	1
65	44	1
65	45	1
65	46	1
65	47	1
65	48	1
65	49	1
65	50	1
65	51	1
65	52	1
65	53	1
65	54	1
65	55	1
65	56	1
66	0	1
66	1	1
66	2	1
66	3	1
66	4	1
66	5	1
66	6	1
66	7	1
66	8	1
66	9	1
66	10	1
66	11	1
66	12	1
66	13	1
66	14	1
66	15	1
66	16	1
66	17	1
66	18	1
66	19	1
66	20	1
66	21	1
66	22	1
66	23	1
66	24	1
66	25	1
66	26	1
66	27	1
66	28	1
66	29	1
66	30	1
66	31	1
66	32	1
66	33	1
66	34	1
66	35	1
66	36	1
66	37	1
66	38	1
66	39	1
66	40	1
66	41	1
66	42	1
66	43	1
66	44	1
66	45	1
66	46	1
66	47	1
66	48	1
66	49	1
66	50	1
66	51	1
66	52	1
66	53	1
66	54	1
66	55	1
66	56	1
66	57	1
67	0	1
67	1	1
67	2	1
67	3	1
67	4	1
67	5	1
67	6	1
67	7	1
67	8	1
67	9	1
67	10	1
67	11	1
67	12	1
67	13	1
67	14	1
67	15	1
67	16	1
67	17	1
67	18	1
67	19	1
67	20	1
67	21	1
67	22	1
67	23	1
67	24	1
67	25	1
67	26	1
67	27	1
67	28	1
67	29	1
67	30	1
67	31	1
67	32	1
67	33	1
67	34	1
67	35	1
67	36	1
67	37	1
67	38	1
67	39	1
67	40	1
67	41	1
67	42	1
67	43	1
67	44	1
67	45	1
67	46	1
67	47	1
67	48	1
67	49	1
67	50	1
67	51	1
67	52	1
67	53	1
67	54	1
67	55	1
67	56	1
67	57	1
68	0	1
68	1	1
68	2	1
68	3	1
68	4	1
68	5	1
68	6	1
68	7	1
68	8	1
68	9	1
68	10	1
68	11	1
68	12	1
68	13	1
68	14	1
68	15	1
68	16	1
68	17	1
68	18	1
68	19	1
68	20	1
68	21	1
68	22	1
68	23	1
68	24	1
68	25	1
68	26	1
68	27	1
68	28	1
68	29	1
68	30	1
68	31	1
68	32	1
68	33	1
68	34	1
68	35	1
68	36	1
68	37	1
68	38	1
68	39	1
68	40	1
68	41	1
68	42	1
68	43	1
68	44	1
68	45	1
68	46	1
68	47	1
68	48	1
68	49	1
68	50	1
68	51	1
68	52	1
68	53	1
68	54	1
68	55	1
68	56	1
68	57	1
68	58	1
69	0	1
69	1	1
69	2	1
69	3	1
69	4	1
69	5	1
69	6	1
69	7	1
69	8	1
69	9	1
69	10	1
69	11	1
69	12	1
69	13	1
69	14	1
69	15	1
69	16	1
69	17	1
69	18	1
69	19	1
69	20	1
69	21	1
69	22	1
69	23	1
69	24	1
69	25	1
69	26	1
69	27	1
69	28	1
69	29	1
69	30	1
69	31	1
69	32	1
69	33	1
69	34	1
69	35	1
69	36	1
69	37	1
69	38	1
69	39	1
69	40	1
69	41	1
69	42	1
69	43	1
69	44	1
69	45	1
69	46	1
69	47	1
69	48	1
69	49	1
69	50	1
69	51	1
69	52	1
69	53	1
69	54	1
69	55	1
69	56	1
69	57	1
69	58	1
70	0	1
70	1	1
70	2	1
70	3	1
70	4	1
70	5	1
70	6	1
70	7	1
70	8	1
70	9	1
70	10	1
70	11	1
70	12	1
70	13	1
70	14	1
70	15	1
70	16	1
70	17	1
70	18	1
70	19	1
70	20	1
70	21	1
70	22	1
70	23	1
70	24	1
70	25	1
70	26	1
70	27	1
70	28	1
70	29	1
70	30	1
70	31	1
70	32	1
70	33	1
70	34	1
70	35	1
70	36	1
70	37	1
70	38	1
70	39	1
70	40	1
70	41	1
70	42	1
70	43	1
70	44	1
70	45	1
70	46	1
70	47	1
70	48	1
70	49	1
70	50	1
70	51	1
70	52	1
70	53	1
70	54	1
70	55	1
70	56	1
70	57	1
70	58	1
71	0	1
71	1	1
71	2	1
71	3	1
71	4	1
71	5	1
71	6	1
71	7	1
71	8	1
71	9	1
71	10	1
71	11	1
71	12	1
71	13	1
71	14	1
71	15	1
71	16	1
71	17	1
71	18	1
71	19	1
71	20	1
71	21	1
71	22	1
71	23	1
71	24	1
71	25	1
71	26	1
71	27	1
71	28	1
71	29	1
71	30	1
71	31	1
71	32	1
71	33	1
71	34	1
71	35	1
71	36	1
71	37	1
71	38	1
71	39	1
71	40	1
71	41	1
71	42	1
71	43	1
71	44	1
71	45	1
71	46	1
71	47	1
71	48	1
71	49	1
71	50	1
71	51	1
71	52	1
71	53	1
71	54	1
71	55	1
71	56	1
71	57	1
71	58	1
71	59	1
72	0	1
72	1	1
72	2	1
72	3	1
72	4	1
72	5	1
72	6	1
72	7	1
72	8	1
72	9	1
72	10	1
72	11	1
72	12	1
72	13	1
72	14	1
72	15	1
72	16	1
72	17	1
72	18	1
72	19	1
72	20	1
72	21	1
72	22	1
72	23	1
72	24	1
72	25	1
72	26	1
72	27	1
72	28	1
72	29	1
72	30	1
72	31	1
72	32	1
72	33	1
72	34	1
72	35	1
72	36	1
72	37	1
72	38	1
72	39	1
72	40	1
72	41	1
72	42	1
72	43	1
72	44	1
72	45	1
72	46	1
72	47	1
72	48	1
72	49	1
72	50	1
72	51	1
72	52	1
72	53	1
72	54	1
72	55	1
72	56	1
72	57	1
72	58	1
72	59	1
73	0	1
73	1	1
73	2	1
73	3	1
73	4	1
73	5	1
73	6	1
73	7	1
73	8	1
73	9	1
73	10	1
73	11	1
73	12	1
73	13	1
73	14	1
73	15	1
73	16	1
73	17	1
73	18	1
73	19	1
73	20	1
73	21	1
73	22	1
73	23	1
73	24	1
73	25	1
73	26	1
73	27	1
73	28	1
73	29	1
73	30	1
73	31	1
73	32	1
73	33	1
73	34	1
73	35	1
73	36	1
73	37	1
73	38	1
73	39	1
73	40	1
73	41	1
73	42	1
73	43	1
73	44	1
73	45	1
73	46	1
73	47	1
73	48	1
73	49	1
73	50	1
73	51	1
73	52	1
73	53	1
73	54	1
73	55	1
73	56	1
73	57	1
73	58	1
73	59	1
74	0	1
74	1	1
74	2	1
74	3	1
74	4	1
74	5	1
74	6	1
74	7	1
74	8	1
74	9	1
74	10	1
74	11	1
74	12	1
74	13	1
74	14	1
74	15	1
74	16	1
74	17	1
74	18	1
74	19	1
74	20	1
74	21	1
74	22	1
74	23	1
74	24	1
74	25	1
74	26	1
74	27	1
74	28	1
74	29	1
74	30	1
74	31	1
74	32	1
74	33	1
74	34	1
74	35	1
74	36	1
74	37	1
74	38	1
74	39	1
74	40	1
74	41	1
74	42	1
74	43	1
74	44	1
74	45	1
74	46	1
74	47	1
74	48	1
74	49	1
74	50	1
74	51	1
74	52	1
74	53	1
74	54	1
74	55	1
74	56	1
74	57	1
74	58	1
74	59	1
74	60	1
75	0	1
75	1	1
75	2	1
75	3	1
75	4	1
75	5	1
75	6	1
75	7	1
75	8	1
75	9	1
75	10	1
75	11	1
75	12	1
75	13	1
75	14	1
75	15	1
75	16	1
75	17	1
75	18	1
75	19	1
75	20	1
75	21	1
75	22	1
75	23	1
75	24	1
75	25	1
75	26	1
75	27	1
75	28	1
75	29	1
75	30	1
75	31	1
75	32	1
75	33	1
75	34	1
75	35	1
75	36	1
75	37	1
75	38	1
75	39	1
75	40	1
75	41	1
75	42	1
75	43	1
75	44	1
75	45	1
75	46	1
75	47	1
75	48	1
75	49	1
75	50	1
75	51	1
75	52	1
75	53	1
75	54	1
75	55	1
75	56	1
75	57	1
75	58	1
75	59	1
75	60	1
76	0	1
76	1	1
76	2	1
76	3	1
76	4	1
76	5	1
76	6	1
76	7	1
76	8	1
76	9	1
76	10	1
76	11	1
76	12	1
76	13	1
76	14	1
76	15	1
76	16	1
76	17	1
76	18	1
76	19	1
76	20	1
76	21	1
76	22	1
76	23	1
76	24	1
76	25	1
76	26	1
76	27	1
76	28	1
76	29	1
76	30	1
76	31	1
76	32	1
76	33	1
76	34	1
76	35	1
76	36	1
76	37	1
76	38	1
76	39	1
76	40	1
76	41	1
76	42	1
76	43	1
76	44	1
76	45	1
76	46	1
76	47	1
76	48	1
76	49	1
76	50	1
76	51	1
76	52	1
76	53	1
76	54	1
76	55	1
76	56	1
76	57	1
76	58	1
76	59	1
76	60	1
77	0	1
77	1	1
77	2	1
77	3	1
77	4	1
77	5	1
77	6	1
77	7	1
77	8	1
77	9	1
77	10	1
77	11	1
77	12	1
77	13	1
77	14	1
77	15	1
77	16	1
77	17	1
77	18	1
77	19	1
77	20	1
77	21	1
77	22	1
77	23	1
77	24	1
77	25	1
77	26	1
77	27	1
77	28	1
77	29	1
77	30	1
77	31	1
77	32	1
77	33	1
77	34	1
77	35	1
77	36	1
77	37	1
77	38	1
77	39	1
77	40	1
77	41	1
77	42	1
77	43	1
77	44	1
77	45	1
77	46	1
77	47	1
77	48	1
77	49	1
77	50	1
77	51	1
77	52	1
77	53	1
77	54	1
77	55	1
77	56	1
77	57	1
77	58	1
77	59	1
77	60	1
78	0	1
78	1	1
78	2	1
78	3	1
78	4	1
78	5	1
78	6	1
78	7	1
78	8	1
78	9	1
78	10	1
78	11	1
78	12	1
78	13	1
78	14	1
78	15	1
78	16	1
78	17	1
78	18	1
78	19	1
78	20	1
78	21	1
78	22	1
78	23	1
78	24	1
78	25	1
78	26	1
78	27	1
78	28	1
78	29	1
78	30	1
78	31	1
78	32	1
78	33	1
78	34	1
78	35	1
78	36	1
78	37	1
78	38	1
78	39	1
78	40	1
78	41	1
78	42	1
78	43	1
78	44	1
78	45	1
78	46	1
78	47	1
78	48	1
78	49	1
78	50	1
78	51	1
78	52	1
78	53	1
78	54	1
78	55	1
78	56	1
78	57	1
78	58	1
78	59	1
78	60	1
79	0	1
79	1	1
79	2	1
79	3	1
79	4	1
79	5	1
79	6	1
79	7	1
79	8	1
79	9	1
79	10	1
79	11	1
79	12	1
79	13	1
79	14	1
79	15	1
79	16	1
79	17	1
79	18	1
79	19	1
79	20	1
79	21	1
79	22	1
79	23	1
79	24	1
79	25	1
79	26	1
79	27	1
79	28	1
79	29	1
79	30	1
79	31	1
79	32	1
79	33	1
79	34	1
79	35	1
79	36	1
79	37	1
79	38	1
79	39	1
79	40	1
79	41	1
79	42	1
79	43	1
79	44	1
79	45	1
79	46	1
79	47	1
79	48	1
79	49	1
79	50	1
79	51	1
79	52	1
79	53	1
79	54	1
79	55	1
79	56	1
79	57	1
79	58	1
79	59	1
79	60	1
79	61	1
80	0	1
80	1	1
80	2	1
80	3	1
80	4	1
80	5	1
80	6	1
80	7	1
80	8	1
80	9	1
80	10	1
80	11	1
80	12	1
80	13	1
80	14	1
80	15	1
80	16	1
80	17	1
80	18	1
80	19	1
80	20	1
80	21	1
80	22	1
80	23	1
80	24	1
80	25	1
80	26	1
80	27	1
80	28	1
80	29	1
80	30	1
80	31	1
80	32	1
80	33	1
80	34	1
80	35	1
80	36	1
80	37	1
80	38	1
80	39	1
80	40	1
80	41	1
80	42	1
80	43	1
80	44	1
80	45	1
80	46	1
80	47	1
80	48	1
80	49	1
80	50	1
80	51	1
80	52	1
80	53	1
80	54	1
80	55	1
80	56	1
80	57	1
80	58	1
80	59	1
80	60	1
80	61	1
81	0	1
81	1	1
81	2	1
81	3	1
81	4	1
81	5	1
81	6	1
81	7	1
81	8	1
81	9	1
81	10	1
81	11	1
81	12	1
81	13	1
81	14	1
81	15	1
81	16	1
81	17	1
81	18	1
81	19	1
81	20	1
81	21	1
81	22	1
81	23	1
81	24	1
81	25	1
81	26	1
81	27	1
81	28	1
81	29	1
81	30	1
81	31	1
81	32	1
81	33	1
81	34	1
81	35	1
81	36	1
81	37	1
81	38	1
81	39	1
81	40	1
81	41	1
81	42	1
81	43	1
81	44	1
81	45	1
81	46	1
81	47	1
81	48	1
81	49	1
81	50	1
81	51	1
81	52	1
81	53	1
81	54	1
81	55	1
81	56	1
81	57	1
81	58	1
81	59	1
81	60	1
81	61	1
82	0	1
82	1	1
82	2	1
82	3	1
82	4	1
82	5	1
82	6	1
82	7	1
82	8	1
82	9	1
82	10	1
82	11	1
82	12	1
82	13	1
82	14	1
82	15	1
82	16	1
82	17	1
82	18	1
82	19	1
82	20	1
82	21	1
82	22	1
82	23	1
82	24	1
82	25	1
82	26	1
82	27	1
82	28	1
82	29	1
82	30	1
82	31	1
82	32	1
82	33	1
82	34	1
82	35	1
82	36	1
82	37	1
82	38	1
82	39	1
82	40	1
82	41	1
82	42	1
82	43	1
82	44	1
82	45	1
82	46	1
82	47	1
82	48	1
82	49	1
82	50	1
82	51	1
82	52	1
82	53	1
82	54	1
82	55	1
82	56	1
82	57	1
82	58	1
82	59	1
82	60	1
82	61	1
83	0	1
83	1	1
83	2	1
83	3	1
83	4	1
83	5	1
83	6	1
83	7	1
83	8	1
83	9	1
83	10	1
83	11	1
83	12	1
83	13	1
83	14	1
83	15	1
83	16	1
83	17	1
83	18	1
83	19	1
83	20	1
83	21	1
83	22	1
83	23	1
83	24	1
83	25	1
83	26	1
83	27	1
83	28	1
83	29	1
83	30	1
83	31	1
83	32	1
83	33	1
83	34	1
83	35	1
83	36	1
83	37	1
83	38	1
83	39	1
83	40	1
83	41	1
83	42	1
83	43	1
83	44	1
83	45	1
83	46	1
83	47	1
83	48	1
83	49	1
83	50	1
83	51	1
83	52	1
83	53	1
83	54	1
83	55	1
83	56	1
83	57	1
83	58	1
83	59	1
83	60	1
83	61	1
84	0	1
84	1	1
84	2	1
84	3	1
84	4	1
84	5	1
84	6	1
84	7	1
84	8	1
84	9	1
84	10	1
84	11	1
84	12	1
84	13	1
84	14	1
84	15	1
84	16	1
84	17	1
84	18	1
84	19	1
84	20	1
84	21	1
84	22	1
84	23	1
84	24	1
84	25	1
84	26	1
84	27	1
84	28	1
84	29	1
84	30	1
84	31	1
84	32	1
84	33	1
84	34	1
84	35	1
84	36	1
84	37	1
84	38	1
84	39	1
84	40	1
84	41	1
84	42	1
84	43	1
84	44	1
84	45	1
84	46	1
84	47	1
84	48	1
84	49	1
84	50	1
84	51	1
84	52	1
84	53	1
84	54	1
84	55	1
84	56	1
84	57	1
84	58	1
84	59	1
84	60	1
84	61	1
85	0	1
85	1	1
85	2	1
85	3	1
85	4	1
85	5	1
85	6	1
85	7	1
85	8	1
85	9	1
85	10	1
85	11	1
85	12	1
85	13	1
85	14	1
85	15	1
85	16	1
85	17	1
85	18	1
85	19	1
85	20	1
85	21	1
85	22	1
85	23	1
85	24	1
85	25	1
85	26	1
85	27	1
85	28	1
85	29	1
85	30	1
85	31	1
85	32	1
85	33	1
85	34	1
85	35	1
85	36	1
85	37	1
85	38	1
85	39	1
85	40	1
85	41	1
85	42	1
85	43	1
85	44	1
85	45	1
85	46	1
85	47	1
85	48	1
85	49	1
85	50	1
85	51	1
85	52	1
85	53	1
85	54	1
85	55	1
85	56	1
85	57	1
85	58	1
85	59	1
85	60	1
85	61	1
86	0	1
86	1	1
86	2	1
86	3	1
86	4	1
86	5	1
86	6	1
86	7	1
86	8	1
86	9	1
86	10	1
86	11	1
86	12	1
86	13	1
86	14	1
86	15	1
86	16	1
86	17	1
86	18	1
86	19	1
86	20	1
86	21	1
86	22	1
86	23	1
86	24	1
86	25	1
86	26	1
86	27	1
86	28	1
86	29	1
86	30	1
86	31	1
86	32	1
86	33	1
86	34	1
86	35	1
86	36	1
86	37	1
86	38	1
86	39	1
86	40	1
86	41	1
86	42	1
86	43	1
86	44	1
86	45	1
86	46	1
86	47	1
86	48	1
86	49	1
86	50	1
86	51	1
86	52	1
86	53	1
86	54	1
86	55	1
86	56	1
86	57	1
86	58	1
86	59	1
86	60	1
86	61	1
87	0	1
87	1	1
87	2	1
87	3	1
87	4	1
87	5	1
87	6	1
87	7	1
87	8	1
87	9	1
87	10	1
87	11	1
87	12	1
87	13	1
87	14	1
87	15	1
87	16	1
87	17	1
87	18	1
87	19	1
87	20	1
87	21	1
87	22	1
87	23	1
87	24	1
87	25	1
87	26	1
87	27	1
87	28	1
87	29	1
87	30	1
87	31	1
87	32	1
87	33	1
87	34	1
87	35	1
87	36	1
87	37	1
87	38	1
87	39	1
87	40	1
87	41	1
87	42	1
87	43	1
87	44	1
87	45	1
87	46	1
87	47	1
87	48	1
87	49	1
87	50	1
87	51	1
87	52	1
87	53	1
87	54	1
87	55	1
87	56	1
87	57	1
87	58	1
87	59	1
87	60	1
87	61	1
88	0	1
88	1	1
88	2	1
88	3	1
88	4	1
88	5	1
88	6	1
88	7	1
88	8	1
88	9	1
88	10	1
88	11	1
88	12	1
88	13	1
88	14	1
88	15	1
88	16	1
88	17	1
88	18	1
88	19	1
88	20	1
88	21	1
88	22	1
88	23	1
88	24	1
88	25	1
88	26	1
88	27	1
88	28	1
88	29	1
88	30	1
88	31	1
88	32	1
88	33	1
88	34	1
88	35	1
88	36	1
88	37	1
88	38	1
88	39	1
88	40	1
88	41	1
88	42	1
88	43	1
88	44	1
88	45	1
88	46	1
88	47	1
88	48	1
88	49	1
88	50	1
88	51	1
88	52	1
88	53	1
88	54	1
88	55	1
88	56	1
88	57	1
88	58	1
88	59	1
88	60	1
88	61	1
89	0	1
89	1	1
89	2	1
89	3	1
89	4	1
89	5	1
89	6	1
89	7	1
89	8	1
89	9	1
89	10	1
89	11	1
89	12	1
89	13	1
89	14	1
89	15	1
89	16	1
89	17	1
89	18	1
89	19	1
89	20	1
89	21	1
89	22	1
89	23	1
89	24	1
89	25	1
89	26	1
89	27	1
89	28	1
89	29	1
89	30	1
89	31	1
89	32	1
89	33	1
89	34	1
89	35	1
89	36	1
89	37	1
89	38	1
89	39	1
89	40	1
89	41	1
89	42	1
89	43	1
89	44	1
89	45	1
89	46	1
89	47	1
89	48	1
89	49	1
89	50	1
89	51	1
89	52	1
89	53	1
89	54	1
89	55	1
89	56	1
89	57	1
89	58	1
89	59	1
89	60	1
89	61	1
89	62	1
90	0	1
90	1	1
90	2	1
90	3	1
90	4	1
90	5	1
90	6	1
90	7	1
90	8	1
90	9	1
90	10	1
90	11	1
90	12	1
90	13	1
90	14	1
90	15	1
90	16	1
90	17	1
90	18	1
90	19	1
90	20	1
90	21	1
90	22	1
90	23	1
90	24	1
90	25	1
90	26	1
90	27	1
90	28	1
90	29	1
90	30	1
90	31	1
90	32	1
90	33	1
90	34	1
90	35	1
90	36	1
90	37	1
90	38	1
90	39	1
90	40	1
90	41	1
90	42	1
90	43	1
90	44	1
90	45	1
90	46	1
90	47	1
90	48	1
90	49	1
90	50	1
90	51	1
90	52	1
90	53	1
90	54	1
90	55	1
90	56	1
90	57	1
90	58	1
90	59	1
90	60	1
90	61	1
91	0	1
91	1	1
91	2	1
91	3	1
91	4	1
91	5	1
91	6	1
91	7	1
91	8	1
91	9	1
91	10	1
91	11	1
91	12	1
91	13	1
91	14	1
91	15	1
91	16	1
91	17	1
91	18	1
91	19	1
91	20	1
91	21	1
91	22	1
91	23	1
91	24	1
91	25	1
91	26	1
91	27	1
91	28	1
91	29	1
91	30	1
91	31	1
91	32	1
91	33	1
91	34	1
91	35	1
91	36	1
91	37	1
91	38	1
91	39	1
91	40	1
91	41	1
91	42	1
91	43	1
91	44	1
91	45	1
91	46	1
91	47	1
91	48	1
91	49	1
91	50	1
91	51	1
91	52	1
91	53	1
91	54	1
91	55	1
91	56	1
91	57	1
91	58	1
91	59	1
91	60	1
91	61	1
92	0	1
92	1	1
92	2	1
92	3	1
92	4	1
92	5	1
92	6	1
92	7	1
92	8	1
92	9	1
92	10	1
92	11	1
92	12	1
92	13	1
92	14	1
92	15	1
92	16	1
92	17	1
92	18	1
92	19	1
92	20	1
92	21	1
92	22	1
92	23	1
92	24	1
92	25	1
92	26	1
92	27	1
92	28	1
92	29	1
92	30	1
92	31	1
92	32	1
92	33	1
92	34	1
92	35	1
92	36	1
92	37	1
92	38	1
92	39	1
92	40	1
92	41	1
92	42	1
92	43	1
92	44	1
92	45	1
92	46	1
92	47	1
92	48	1
92	49	1
92	50	1
92	51	1
92	52	1
92	53	1
92	54	1
92	55	1
92	56	1
92	57	1
92	58	1
92	59	1
92	60	1
92	61	1
93	0	1
93	1	1
93	2	1
93	3	1
93	4	1
93	5	1
93	6	1
93	7	1
93	8	1
93	9	1
93	10	1
93	11	1
93	12	1
93	13	1
93	14	1
93	15	1
93	16	1
93	17	1
93	18	1
93	19	1
93	20	1
93	21	1
93	22	1
93	23	1
93	24	1
93	25	1
93	26	1
93	27	1
93	28	1
93	29	1
93	30	1
93	31	1
93	32	1
93	33	1
93	34	1
93	35	1
93	36	1
93	37	1
93	38	1
93	39	1
93	40	1
93	41	1
93	42	1
93	43	1
93	44	1
93	45	1
93	46	1
93	47	1
93	48	1
93	49	1
93	50	1
93	51	1
93	52	1
93	53	1
93	54	1
93	55	1
93	56	1
93	57	1
93	58	1
93	59	1
93	60	1
93	61	1
94	0	1
94	1	1
94	2	1
94	3	1
94	4	1
94	5	1
94	6	1
94	7	1
94	8	1
94	9	1
94	10	1
94	11	1
94	12	1
94	13	1
94	14	1
94	15	1
94	16	1
94	17	1
94	18	1
94	19	1
94	20	1
94	21	1
94	22	1
94	23	1
94	24	1
94	25	1
94	26	1
94	27	1
94	28	1
94	29	1
94	30	1
94	31	1
94	32	1
94	33	1
94	34	1
94	35	1
94	36	1
94	37	1
94	38	1
94	39	1
94	40	1
94	41	1
94	42	1
94	43	1
94	44	1
94	45	1
94	46	1
94	47	1
94	48	1
94	49	1
94	50	1
94	51	1
94	52	1
94	53	1
94	54	1
94	55	1
94	56	1
94	57	1
94	58	1
94	59	1
94	60	1
94	61	1
95	0	1
95	1	1
95	2	1
95	3	1
95	4	1
95	5	1
95	6	1
95	7	1
95	8	1
95	9	1
95	10	1
95	11	1
95	12	1
95	13	1
95	14	1
95	15	1
95	16	1
95	17	1
95	18	1
95	19	1
95	20	1
95	21	1
95	22	1
95	23	1
95	24	1
95	25	1
95	26	1
95	27	1
95	28	1
95	29	1
95	30	1
95	31	1
95	32	1
95	33	1
95	34	1
95	35	1
95	36	1
95	37	1
95	38	1
95	39	1
95	40	1
95	41	1
95	42	1
95	43	1
95	44	1
95	45	1
95	46	1
95	47	1
95	48	1
95	49	1
95	50	1
95	51	1
95	52	1
95	53	1
95	54	1
95	55	1
95	56	1
95	57	1
95	58	1
95	59	1
95	60	1
95	61	1
96	0	1
96	1	1
96	2	1
96	3	1
96	4	1
96	5	1
96	6	1
96	7	1
96	8	1
96	9	1
96	10	1
96	11	1
96	12	1
96	13	1
96	14	1
96	15	1
96	16	1
96	17	1
96	18	1
96	19	1
96	20	1
96	21	1
96	22	1
96	23	1
96	24	1
96	25	1
96	26	1
96	27	1
96	28	1
96	29	1
96	30	1
96	31	1
96	32	1
96	33	1
96	34	1
96	35	1
96	36	1
96	37	1
96	38	1
96	39	1
96	40	1
96	41	1
96	42	1
96	43	1
96	44	1
96	45	1
96	46	1
96	47	1
96	48	1
96	49	1
96	50	1
96	51	1
96	52	1
96	53	1
96	54	1
96	55	1
96	56	1
96	57	1
96	58	1
96	59	1
96	60	1
96	61	1
97	0	1
97	1	1
97	2	1
97	3	1
97	4	1
97	5	1
97	6	1
97	7	1
97	8	1
97	9	1
97	10	1
97	11	1
97	12	1
97	13	1
97	14	1
97	15	1
97	16	1
97	17	1
97	18	1
97	19	1
97	20	1
97	21	1
97	22	1
97	23	1
97	24	1
97	25	1
97	26	1
97	27	1
97	28	1
97	29	1
97	30	1
97	31	1
97	32	1
97	33	1
97	34	1
97	35	1
97	36	1
97	37	1
97	38	1
97	39	1
97	40	1
97	41	1
97	42	1
97	43	1
97	44	1
97	45	1
97	46	1
97	47	1
97	48	1
97	49	1
97	50	1
97	51	1
97	52	1
97	53	1
97	54	1
97	55	1
97	56	1
97	57	1
97	58	1
97	59	1
97	60	1
97	61	1
98	0	1
98	1	1
98	2	1
98	3	1
98	4	1
98	5	1
98	6	1
98	7	1
98	8	1
98	9	1
98	10	1
98	11	1
98	12	1
98	13	1
98	14	1
98	15	1
98	16	1
98	17	1
98	18	1
98	19	1
98	20	1
98	21	1
98	22	1
98	23	1
98	24	1
98	25	1
98	26	1
98	27	1
98	28	1
98	29	1
98	30	1
98	31	1
98	32	1
98	33	1
98	34	1
98	35	1
98	36	1
98	37	1
98	38	1
98	39	1
98	40	1
98	41	1
98	42	1
98	43	1
98	44	1
98	45	1
98	46	1
98	47	1
98	48	1
98	49	1
98	50	1
98	51	1
98	52	1
98	53	1
98	54	1
98	55	1
98	56	1
98	57	1
98	58	1
98	59	1
98	60	1
98	61	1
99	0	1
99	1	1
99	2	1
99	3	1
99	4	1
99	5	1
99	6	1
99	7	1
99	8	1
99	9	1
99	10	1
99	11	1
99	12	1
99	13	1
99	14	1
99	15	1
99	16	1
99	17	1
99	18	1
99	19	1
99	20	1
99	21	1
99	22	1
99	23	1
99	24	1
99	25	1
99	26	1
99	27	1
99	28	1
99	29	1
99	30	1
99	31	1
99	32	1
99	33	1
99	34	1
99	35	1
99	36	1
99	37	1
99	38	1
99	39	1
99	40	1
99	41	1
99	42	1
99	43	1
99	44	1
99	45	1
99	46	1
99	47	1
99	48	1
99	49	1
99	50	1
99	51	1
99	52	1
99	53	1
99	54	1
99	55	1
99	56	1
99	57	1
99	58	1
99	59	1
99	60	1
99	61	1
100	0	1
100	1	1
100	2	1
100	3	1
100	4	1
100	5	1
100	6	1
100	7	1
100	8	1
100	9	1
100	10	1
100	11	1
100	12	1
100	13	1
100	14	1
100	15	1
100	16	1
100	17	1
100	18	1
100	19	1
100	20	1
100	21	1
100	22	1
100	23	1
100	24	1
100	25	1
100	26	1
100	27	1
100	28	1
100	29	1
100	30	1
100	31	1
100	32	1
100	33	1
100	34	1
100	35	1
100	36	1
100	37	1
100	38	1
100	39	1
100	40	1
100	41	1
100	42	1
100	43	1
100	44	1
100	45	1
100	46	1
100	47	1
100	48	1
100	49	1
100	50	1
100	51	1
100	52	1
100	53	1
100	54	1
100	55	1
100	56	1
100	57	1
100	58	1
100	59	1
100	60	1
101	0	1
101	1	1
101	2	1
101	3	1
101	4	1
101	5	1
101	6	1
101	7	1
101	8	1
101	9	1
101	10	1
101	11	1
101	12	1
101	13	1
101	14	1
101	15	1
101	16	1
101	17	1
101	18	1
101	19	1
101	20	1
101	21	1
101	22	1
101	23	1
101	24	1
101	25	1
101	26	1
101	27	1
101	28	1
101	29	1
101	30	1
101	31	1
101	32	1
101	33	1
101	34	1
101	35	1
101	36	1
101	37	1
101	38	1
101	39	1
101	40	1
101	41	1
101	42	1
101	43	1
101	44	1
101	45	1
101	46	1
101	47	1
101	48	1
101	49	1
101	50	1
101	51	1
101	52	1
101	53	1
101	54	1
101	55	1
101	56	1
101	57	1
101	58	1
101	59	1
101	60	1
102	0	1
102	1	1
102	2	1
102	3	1
102	4	1
102	5	1
102	6	1
102	7	1
102	8	1
102	9	1
102	10	1
102	11	1
102	12	1
102	13	1
102	14	1
102	15	1
102	16	1
102	17	1
102	18	1
102	19	1
102	20	1
102	21	1
102	22	1
102	23	1
102	24	1
102	25	1
102	26	1
102	27	1
102	28	1
102	29	1
102	30	1
102	31	1
102	32	1
102	33	1
102	34	1
102	35	1
102	36	1
102	37	1
102	38	1
102	39	1
102	40	1
102	41	1
102	42	1
102	43	1
102	44	1
102	45	1
102	46	1
102	47	1
102	48	1
102	49	1
102	50	1
102	51	1
102	52	1
102	53	1
102	54	1
102	55	1
102	56	1
102	57	1
102	58	1
102	59	1
102	60	1
103	0	1
103	1	1
103	2	1
103	3	1
103	4	1
103	5	1
103	6	1
103	7	1
103	8	1
103	9	1
103	10	1
103	11	1
103	12	1
103	13	1
103	14	1
103	15	1
103	16	1
103	17	1
103	18	1
103	19	1
103	20	1
103	21	1
103	22	1
103	23	1
103	24	1
103	25	1
103	26	1
103	27	1
103	28	1
103	29	1
103	30	1
103	31	1
103	32	1
103	33	1
103	34	1
103	35	1
103	36	1
103	37	1
103	38	1
103	39	1
103	40	1
103	41	1
103	42	1
103	43	1
103	44	1
103	45	1
103	46	1
103	47	1
103	48	1
103	49	1
103	50	1
103	51	1
103	52	1
103	53	1
103	54	1
103	55	1
103	56	1
103	57	1
103	58	1
103	59	1
103	60	1
104	0	1
104	1	1
104	2	1
104	3	1
104	4	1
104	5	1
104	6	1
104	7	1
104	8	1
104	9	1
104	10	1
104	11	1
104	12	1
104	13	1
104	14	1
104	15	1
104	16	1
104	17	1
104	18	1
104	19	1
104	20	1
104	21	1
104	22	1
104	23	1
104	24	1
104	25	1
104	26	1
104	27	1
104	28	1
104	29	1
104	30	1
104	31	1
104	32	1
104	33	1
104	34	1
104	35	1
104	36	1
104	37	1
104	38	1
104	39	1
104	40	1
104	41	1
104	42	1
104	43	1
104	44	1
104	45	1
104	46	1
104	47	1
104	48	1
104	49	1
104	50	1
104	51	1
104	52	1
104	53	1
104	54	1
104	55	1
104	56	1
104	57	1
104	58	1
104	59	1
104	60	1
105	0	1
105	1	1
105	2	1
105	3	1
105	4	1
105	5	1
105	6	1
105	7	1
105	8	1
105	9	1
105	10	1
105	11	1
105	12	1
105	13	1
105	14	1
105	15	1
105	16	1
105	17	1
105	18	1
105	19	1
105	20	1
105	21	1
105	22	1
105	23	1
105	24	1
105	25	1
105	26	1
105	27	1
105	28	1
105	29	1
105	30	1
105	31	1
105	32	1
105	33	1
105	34	1
105	35	1
105	36	1
105	37	1
105	38	1
105	39	1
105	40	1
105	41	1
105	42	1
105	43	1
105	44	1
105	45	1
105	46	1
105	47	1
105	48	1
105	49	1
105	50	1
105	51	1
105	52	1
105	53	1
105	54	1
105	55	1
105	56	1
105	57	1
105	58	1
105	59	1
106	0	1
106	1	1
106	2	1
106	3	1
106	4	1
106	5	1
106	6	1
106	7	1
106	8	1
106	9	1
106	10	1
106	11	1
106	12	1
106	13	1
106	14	1
106	15	1
106	16	1
106	17	1
106	18	1
106	19	1
106	20	1
106	21	1
106	22	1
106	23	1
106	24	1
106	25	1
106	26	1
106	27	1
106	28	1
106	29	1
106	30	1
106	31	1
106	32	1
106	33	1
106	34	1
106	35	1
106	36	1
106	37	1
106	38	1
106	39	1
106	40	1
106	41	1
106	42	1
106	43	1
106	44	1
106	45	1
106	46	1
106	47	1
106	48	1
106	49	1
106	50	1
106	51	1
106	52	1
106	53	1
106	54	1
106	55	1
106	56	1
106	57	1
106	58	1
106	59	1
107	0	1
107	1	1
107	2	1
107	3	1
107	4	1
107	5	1
107	6	1
107	7	1
107	8	1
107	9	1
107	10	1
107	11	1
107	12	1
107	13	1
107	14	1
107	15	1
107	16	1
107	17	1
107	18	1
107	19	1
107	20	1
107	21	1
107	22	1
107	23	1
107	24	1
107	25	1
107	26	1
107	27	1
107	28	1
107	29	1
107	30	1
107	31	1
107	32	1
107	33	1
107	34	1
107	35	1
107	36	1
107	37	1
107	38	1
107	39	1
107	40	1
107	41	1
107	42	1
107	43	1
107	44	1
107	45	1
107	46	1
107	47	1
107	48	1
107	49	1
107	50	1
107	51	1
107	52	1
107	53	1
107	54	1
107	55	1
107	56	1
107	57	1
107	58	1
107	59	1
108	0	1
108	1	1
108	2	1
108	3	1
108	4	1
108	5	1
108	6	1
108	7	1
108	8	1
108	9	1
108	10	1
108	11	1
108	12	1
108	13	1
108	14	1
108	15	1
108	16	1
108	17	1
108	18	1
108	19	1
108	20	1
108	21	1
108	22	1
108	23	1
108	24	1
108	25	1
108	26	1
108	27	1
108	28	1
108	29	1
108	30	1
108	31	1
108	32	1
108	33	1
108	34	1
108	35	1
108	36	1
108	37	1
108	38	1
108	39	1
108	40	1
108	41	1
108	42	1
108	43	1
108	44	1
108	45	1
108	46	1
108	47	1
108	48	1
108	49	1
108	50	1
108	51	1
108	52	1
108	53	1
108	54	1
108	55	1
108	56	1
108	57	1
108	58	1
109	0	1
109	1	1
109	2	1
109	3	1
109	4	1
109	5	1
109	6	1
109	7	1
109	8	1
109	9	1
109	10	1
109	11	1
109	12	1
109	13	1
109	14	1
109	15	1
109	16	1
109	17	1
109	18	1
109	19	1
109	20	1
109	21	1
109	22	1
109	23	1
109	24	1
109	25	1
109	26	1
109	27	1
109	28	1
109	29	1
109	30	1
109	31	1
109	32	1
109	33	1
109	34	1
109	35	1
109	36	1
109	37	1
109	38	1
109	39	1
109	40	1
109	41	1
109	42	1
109	43	1
109	44	1
109	45	1
109	46	1
109	47	1
109	48	1
109	49	1
109	50	1
109	51	1
109	52	1
109	53	1
109	54	1
109	55	1
109	56	1
109	57	1
109	58	1
110	0	1
110	1	1
110	2	1
110	3	1
110	4	1
110	5	1
110	6	1
110	7	1
110	8	1
110	9	1
110	10	1
110	11	1
110	12	1
110	13	1
110	14	1
110	15	1
110	16	1
110	17	1
110	18	1
110	19	1
110	20	1
110	21	1
110	22	1
110	23	1
110	24	1
110	25	1
110	26	1
110	27	1
110	28	1
110	29	1
110	30	1
110	31	1
110	32	1
110	33	1
110	34	1
110	35	1
110	36	1
110	37	1
110	38	1
110	39	1
110	40	1
110	41	1
110	42	1
110	43	1
110	44	1
110	45	1
110	46	1
110	47	1
110	48	1
110	49	1
110	50	1
110	51	1
110	52	1
110	53	1
110	54	1
110	55	1
110	56	1
110	57	1
110	58	1
111	0	1
111	1	1
111	2	1
111	3	1
111	4	1
111	5	1
111	6	1
111	7	1
111	8	1
111	9	1
111	10	1
111	11	1
111	12	1
111	13	1
111	14	1
111	15	1
111	16	1
111	17	1
111	18	1
111	19	1
111	20	1
111	21	1
111	22	1
111	23	1
111	24	1
111	25	1
111	26	1
111	27	1
111	28	1
111	29	1
111	30	1
111	31	1
111	32	1
111	33	1
111	34	1
111	35	1
111	36	1
111	37	1
111	38	1
111	39	1
111	40	1
111	41	1
111	42	1
111	43	1
111	44	1
111	45	1
111	46	1
111	47	1
111	48	1
111	49	1
111	50	1
111	51	1
111	52	1
111	53	1
111	54	1
111	55	1
111	56	1
111	57	1
112	0	1
112	1	1
112	2	1
112	3	1
112	4	1
112	5	1
112	6	1
112	7	1
112	8	1
112	9	1
112	10	1
112	11	1
112	12	1
112	13	1
112	14	1
112	15	1
112	16	1
112	17	1
112	18	1
112	19	1
112	20	1
112	21	1
112	22	1
112	23	1
112	24	1
112	25	1
112	26	1
112	27	1
112	28	1
112	29	1
112	30	1
112	31	1
112	32	1
112	33	1
112	34	1
112	35	1
112	36	1
112	37	1
112	38	1
112	39	1
112	40	1
112	41	1
112	42	1
112	43	1
112	44	1
112	45	1
112	46	1
112	47	1
112	48	1
112	49	1
112	50	1
112	51	1
112	52	1
112	53	1
112	54	1
112	55	1
112	56	1
112	57	1
113	0	1
113	1	1
113	2	1
113	3	1
113	4	1
113	5	1
113	6	1
113	7	1
113	8	1
113	9	1
113	10	1
113	11	1
113	12	1
113	13	1
113	14	1
113	15	1
113	16	1
113	17	1
113	18	1
113	19	1
113	20	1
113	21	1
113	22	1
113	23	1
113	24	1
113	25	1
113	26	1
113	27	1
113	28	1
113	29	1
113	30	1
113	31	1
113	32	1
113	33	1
113	34	1
113	35	1
113	36	1
113	37	1
113	38	1
113	39	1
113	40	1
113	41	1
113	42	1
113	43	1
113	44	1
113	45	1
113	46	1
113	47	1
113	48	1
113	49	1
113	50	1
113	51	1
113	52	1
113	53	1
113	54	1
113	55	1
113	56	1
114	0	1
114	1	1
114	2	1
114	3	1
114	4	1
114	5	1
114	6	1
114	7	1
114	8	1
114	9	1
114	10	1
114	11	1
114	12	1
114	13	1
114	14	1
114	15	1
114	16	1
114	17	1
114	18	1
114	19	1
114	20	1
114	21	1
114	22	1
114	23	1
114	24	1
114	25	1
114	26	1
114	27	1
114	28	1
114	29	1
114	30	1
114	31	1
114	32	1
114	33	1
114	34	1
114	35	1
114	36	1
114	37	1
114	38	1
114	39	1
114	40	1
114	41	1
114	42	1
114	43	1
114	44	1
114	45	1
114	46	1
114	47	1
114	48	1
114	49	1
114	50	1
114	51	1
114	52	1
114	53	1
114	54	1
114	55	1
114	56	1
115	0	1
115	1	1
115	2	1
115	3	1
115	4	1
115	5	1
115	6	1
115	7	1
115	8	1
115	9	1
115	10	1
115	11	1
115	12	1
115	13	1
115	14	1
115	15	1
115	16	1
115	17	1
115	18	1
115	19	1
115	20	1
115	21	1
115	22	1
115	23	1
115	24	1
115	25	1
115	26	1
115	27	1
115	28	1
115	29	1
115	30	1
115	31	1
115	32	1
115	33	1
115	34	1
115	35	1
115	36	1
115	37	1
115	38	1
115	39	1
115	40	1
115	41	1
115	42	1
115	43	1
115	44	1
115	45	1
115	46	1
115	47	1
115	48	1
115	49	1
115	50	1
115	51	1
115	52	1
115	53	1
115	54	1
115	55	1
116	0	1
116	1	1
116	2	1
116	3	1
116	4	1
116	5	1
116	6	1
116	7	1
116	8	1
116	9	1
116	10	1
116	11	1
116	12	1
116	13	1
116	14	1
116	15	1
116	16	1
116	17	1
116	18	1
116	19	1
116	20	1
116	21	1
116	22	1
116	23	1
116	24	1
116	25	1
116	26	1
116	27	1
116	28	1
116	29	1
116	30	1
116	31	1
116	32	1
116	33	1
116	34	1
116	35	1
116	36	1
116	37	1
116	38	1
116	39	1
116	40	1
116	41	1
116	42	1
116	43	1
116	44	1
116	45	1
116	46	1
116	47	1
116	48	1
116	49	1
116	50	1
116	51	1
116	52	1
116	53	1
116	54	1
116	55	1
117	0	1
117	1	1
117	2	1
117	3	1
117	4	1
117	5	1
117	6	1
117	7	1
117	8	1
117	9	1
117	10	1
117	11	1
117	12	1
117	13	1
117	14	1
117	15	1
117	16	1
117	17	1
117	18	1
117	19	1
117	20	1
117	21	1
117	22	1
117	23	1
117	24	1
117	25	1
117	26	1
117	27	1
117	28	1
117	29	1
117	30	1
117	31	1
117	32	1
117	33	1
117	34	1
117	35	1
117	36	1
117	37	1
117	38	1
117	39	1
117	40	1
117	41	1
117	42	1
117	43	1
117	44	1
117	45	1
117	46	1
117	47	1
117	48	1
117	49	1
117	50	1
117	51	1
117	52	1
117	53	1
117	54	1
118	0	1
118	1	1
118	2	1
118	3	1
118	4	1
118	5	1
118	6	1
118	7	1
118	8	1
118	9	1
118	10	1
118	11	1
118	12	1
118	13	1
118	14	1
118	15	1
118	16	1
118	17	1
118	18	1
118	19	1
118	20	1
118	21	1
118	22	1
118	23	1
118	24	1
118	25	1
118	26	1
118	27	1
118	28	1
118	29	1
118	30	1
118	31	1
118	32	1
118	33	1
118	34	1
118	35	1
118	36	1
118	37	1
118	38	1
118	39	1
118	40	1
118	41	1
118	42	1
118	43	1
118	44	1
118	45	1
118	46	1
118	47	1
118	48	1
118	49	1
118	50	1
118	51	1
118	52	1
118	53	1
118	54	1
119	0	1
119	1	1
119	2	1
119	3	1
119	4	1
119	5	1
119	6	1
119	7	1
119	8	1
119	9	1
119	10	1
119	11	1
119	12	1
119	13	1
119	14	1
119	15	1
119	16	1
119	17	1
119	18	1
119	19	1
119	20	1
119	21	1
119	22	1
119	23	1
119	24	1
119	25	1
119	26	1
119	27	1
119	28	1
119	29	1
119	30	1
119	31	1
119	32	1
119	33	1
119	34	1
119	35	1
119	36	1
119	37	1
119	38	1
119	39	1
119	40	1
119	41	1
119	42	1
119	43	1
119	44	1
119	45	1
119	46	1
119	47	1
119	48	1
119	49	1
119	50	1
119	51	1
119	52	1
119	53	1
120	0	1
120	1	1
120	2	1
120	3	1
120	4	1
120	5	1
120	6	1
120	7	1
120	8	1
120	9	1
120	10	1
120	11	1
120	12	1
120	13	1
120	14	1
120	15	1
120	16	1
120	17	1
120	18	1
120	19	1
120	20	1
120	21	1
120	22	1
120	23	1
120	24	1
120	25	1
120	26	1
120	27	1
120	28	1
120	29	1
120	30	1
120	31	1
120	32	1
120	33	1
120	34	1
120	35	1
120	36	1
120	37	1
120	38	1
120	39	1
120	40	1
120	41	1
120	42	1
120	43	1
120	44	1
120	45	1
120	46	1
120	47	1
120	48	1
120	49	1
120	50	1
120	51	1
120	52	1
120	53	1
121	0	1
121	1	1
121	2	1
121	3	1
121	4	1
121	5	1
121	6	1
121	7	1
121	8	1
121	9	1
121	10	1
121	11	1
121	12	1
121	13	1
121	14	1
121	15	1
121	16	1
121	17	1
121	18	1
121	19	1
121	20	1
121	21	1
121	22	1
121	23	1
121	24	1
121	25	1
121	26	1
121	27	1
121	28	1
121	29	1
121	30	1
121	31	1
121	32	1
121	33	1
121	34	1
121	35	1
121	36	1
121	37	1
121	38	1
121	39	1
121	40	1
121	41	1
121	42	1
121	43	1
121	44	1
121	45	1
121	46	1
121	47	1
121	48	1
121	49	1
121	50	1
121	51	1
121	52	1
122	0	1
122	1	1
122	2	1
122	3	1
122	4	1
122	5	1
122	6	1
122	7	1
122	8	1
122	9	1
122	10	1
122	11	1
122	12	1
122	13	1
122	14	1
122	15	1
122	16	1
122	17	1
122	18	1
122	19	1
122	20	1
122	21	1
122	22	1
122	23	1
122	24	1
122	25	1
122	26	1
122	27	1
122	28	1
122	29	1
122	30	1
122	31	1
122	32	1
122	33	1
122	34	1
122	35	1
122	36	1
122	37	1
122	38	1
122	39	1
122	40	1
122	41	1
122	42	1
122	43	1
122	44	1
122	45	1
122	46	1
122	47	1
122	48	1
122	49	1
122	50	1
122	51	1
123	0	1
123	1	1
123	2	1
123	3	1
123	4	1
123	5	1
123	6	1
123	7	1
123	8	1
123	9	1
123	10	1
123	11	1
123	12	1
123	13	1
123	14	1
123	15	1
123	16	1
123	17	1
123	18	1
123	19	1
123	20	1
123	21	1
123	22	1
123	23	1
123	24	1
123	25	1
123	26	1
123	27	1
123	28	1
123	29	1
123	30	1
123	31	1
123	32	1
123	33	1
123	34	1
123	35	1
123	36	1
123	37	1
123	38	1
123	39	1
123	40	1
123	41	1
123	42	1
123	43	1
123	44	1
123	45	1
123	46	1
123	47	1
123	48	1
123	49	1
123	50	1
123	51	1
124	0	1
124	1	1
124	2	1
124	3	1
124	4	1
124	5	1
124	6	1
124	7	1
124	8	1
124	9	1
124	10	1
124	11	1
124	12	1
124	13	1
124	14	1
124	15	1
124	16	1
124	17	1
124	18	1
124	19	1
124	20	1
124	21	1
124	22	1
124	23	1
124	24	1
124	25	1
124	26	1
124	27	1
124	28	1
124	29	1
124	30	1
124	31	1
124	32	1
124	33	1
124	34	1
124	35	1
124	36	1
124	37	1
124	38	1
124	39	1
124	40	1
124	41	1
124	42	1
124	43	1
124	44	1
124	45	1
124	46	1
124	47	1
124	48	1
124	49	1
124	50	1
125	0	1
125	1	1
125	2	1
125	3	1
125	4	1
125	5	1
125	6	1
125	7	1
125	8	1
125	9	1
125	10	1
125	11	1
125	12	1
125	13	1
125	14	1
125	15	1
125	16	1
125	17	1
125	18	1
125	19	1
125	20	1
125	21	1
125	22	1
125	23	1
125	24	1
125	25	1
125	26	1
125	27	1
125	28	1
125	29	1
125	30	1
125	31	1
125	32	1
125	33	1
125	34	1
125	35	1
125	36	1
125	37	1
125	38	1
125	39	1
125	40	1
125	41	1
125	42	1
125	43	1
125	44	1
125	45	1
125	46	1
125	47	1
125	48	1
125	49	1
126	0	1
126	1	1
126	2	1
126	3	1
126	4	1
126	5	1
126	6	1
126	7	1
126	8	1
126	9	1
126	10	1
126	11	1
126	12	1
126	13	1
126	14	1
126	15	1
126	16	1
126	17	1
126	18	1
126	19	1
126	20	1
126	21	1
126	22	1
126	23	1
126	24	1
126	25	1
126	26	1
126	27	1
126	28	1
126	29	1
126	30	1
126	31	1
126	32	1
126	33	1
126	34	1
126	35	1
126	36	1
126	37	1
126	38	1
126	39	1
126	40	1
126	41	1
126	42	1
126	43	1
126	44	1
126	45	1
126	46	1
126	47	1
126	48	1
127	0	1
127	1	1
127	2	1
127	3	1
127	4	1
127	5	1
127	6	1
127	7	1
127	8	1
127	9	1
127	10	1
127	11	1
127	12	1
127	13	1
127	14	1
127	15	1
127	16	1
127	17	1
127	18	1
127	19	1
127	20	1
127	21	1
127	22	1
127	23	1
127	24	1
127	25	1
127	26	1
127	27	1
127	28	1
127	29	1
127	30	1
127	31	1
127	32	1
127	33	1
127	34	1
127	35	1
127	36	1
127	37	1
127	38	1
127	39	1
127	40	1
127	41	1
127	42	1
127	43	1
127	44	1
127	45	1
127	46	1
127	47	1
127	48	1
128	0	1
128	1	1
128	2	1
128	3	1
128	4	1
128	5	1
128	6	1
128	7	1
128	8	1
128	9	1
128	10	1
128	11	1
128	12	1
128	13	1
128	14	1
128	15	1
128	16	1
128	17	1
128	18	1
128	19	1
128	20	1
128	21	1
128	22	1
128	23	1
128	24	1
128	25	1
128	26	1
128	27	1
128	28	1
128	29	1
128	30	1
128	31	1
128	32	1
128	33	1
128	34	1
128	35	1
128	36	1
128	37	1
128	38	1
128	39	1
128	40	1
128	41	1
128	42	1
128	43	1
128	44	1
128	45	1
128	46	1
128	47	1
129	0	1
129	1	1
129	2	1
129	3	1
129	4	1
129	5	1
129	6	1
129	7	1
129	8	1
129	9	1
129	10	1
129	11	1
129	12	1
129	13	1
129	14	1
129	15	1
129	16	1
129	17	1
129	18	1
129	19	1
129	20	1
129	21	1
129	22	1
129	23	1
129	24	1
129	25	1
129	26	1
129	27	1
129	28	1
129	29	1
129	30	1
129	31	1
129	32	1
129	33	1
129	34	1
129	35	1
129	36	1
129	37	1
129	38	1
129	39	1
129	40	1
129	41	1
129	42	1
129	43	1
129	44	1
129	45	1
129	46	1
130	0	1
130	1	1
130	2	1
130	3	1
130	4	1
130	5	1
130	6	1
130	7	1
130	8	1
130	9	1
130	10	1
130	11	1
130	12	1
130	13	1
130	14	1
130	15	1
130	16	1
130	17	1
130	18	1
130	19	1
130	20	1
130	21	1
130	22	1
130	23	1
130	24	1
130	25	1
130	26	1
130	27	1
130	28	1
130	29	1
130	30	1
130	31	1
130	32	1
130	33	1
130	34	1
130	35	1
130	36	1
130	37	1
130	38	1
130	39	1
130	40	1
130	41	1
130	42	1
130	43	1
130	44	1
130	45	1
131	0	1
131	1	1
131	2	1
131	3	1
131	4	1
131	5	1
131	6	1
131	7	1
131	8	1
131	9	1
131	10	1
131	11	1
131	12	1
131	13	1
131	14	1
131	15	1
131	16	1
131	17	1
131	18	1
131	19	1
131	20	1
131	21	1
131	22	1
131	23	1
131	24	1
131	25	1
131	26	1
131	27	1
131	28	1
131	29	1
131	30	1
131	31	1
131	32	1
131	33	1
131	34	1
131	35	1
131	36	1
131	37	1
131	38	1
131	39	1
131	40	1
131	41	1
131	42	1
131	43	1
131	44	1
132	0	1
132	1	1
132	2	1
132	3	1
132	4	1
132	5	1
132	6	1
132	7	1
132	8	1
132	9	1
132	10	1
132	11	1
132	12	1
132	13	1
132	14	1
132	15	1
132	16	1
132	17	1
132	18	1
132	19	1
132	20	1
132	21	1
132	22	1
132	23	1
132	24	1
132	25	1
132	26	1
132	27	1
132	28	1
132	29	1
132	30	1
132	31	1
132	32	1
132	33	1
132	34	1
132	35	1
132	36	1
132	37	1
132	38	1
132	39	1
132	40	1
132	41	1
132	42	1
132	43	1
133	0	1
133	1	1
133	2	1
133	3	1
133	4	1
133	5	1
133	6	1
133	7	1
133	8	1
133	9	1
133	10	1
133	11	1
133	12	1
133	13	1
133	14	1
133	15	1
133	16	1
133	17	1
133	18	1
133	19	1
133	20	1
133	21	1
133	22	1
133	23	1
133	24	1
133	25	1
133	26	1
133	27	1
133	28	1
133	29	1
133	30	1
133	31	1
133	32	1
133	33	1
133	34	1
133	35	1
133	36	1
133	37	1
133	38	1
133	39	1
133	40	1
133	41	1
133	42	1
134	0	1
134	1	1
134	2	1
134	3	1
134	4	1
134	5	1
134	6	1
134	7	1
134	8	1
134	9	1
134	10	1
134	11	1
134	12	1
134	13	1
134	14	1
134	15	1
134	16	1
134	17	1
134	18	1
134	19	1
134	20	1
134	21	1
134	22	1
134	23	1
134	24	1
134	25	1
134	26	1
134	27	1
134	28	1
134	29	1
134	30	1
134	31	1
134	32	1
134	33	1
134	34	1
134	35	1
134	36	1
134	37	1
134	38	1
134	39	1
134	40	1
134	41	1
135	0	1
135	1	1
135	2	1
135	3	1
135	4	1
135	5	1
135	6	1
135	7	1
135	8	1
135	9	1
135	10	1
135	11	1
135	12	1
135	13	1
135	14	1
135	15	1
135	16	1
135	17	1
135	18	1
135	19	1
135	20	1
135	21	1
135	22	1
135	23	1
135	24	1
135	25	1
135	26	1
135	27	1
135	28	1
135	29	1
135	30	1
135	31	1
135	32	1
135	33	1
135	34	1
135	35	1
135	36	1
135	37	1
135	38	1
135	39	1
136	0	1
136	1	1
136	2	1
136	3	1
136	4	1
136	5	1
136	6	1
136	7	1
136	8	1
136	9	1
136	10	1
136	11	1
136	12	1
136	13	1
136	14	1
136	15	1
136	16	1
136	17	1
136	18	1
136	19	1
136	20	1
136	21	1
136	22	1
136	23	1
136	24	1
136	25	1
136	26	1
136	27	1
136	28	1
136	29	1
136	30	1
136	31	1
136	32	1
136	33	1
136	34	1
136	35	1
136	36	1
136	37	1
136	38	1
137	0	1
137	1	1
137	2	1
137	3	1
137	4	1
137	5	1
137	6	1
137	7	1
137	8	1
137	9	1
137	10	1
137	11	1
137	12	1
137	13	1
137	14	1
137	15	1
137	16	1
137	17	1
137	18	1
137	19	1
137	20	1
137	21	1
137	22	1
137	23	1
137	24	1
137	25	1
137	26	1
137	27	1
137	28	1
137	29	1
137	30	1
137	31	1
137	32	1
137	33	1
137	34	1
137	35	1
137	36	1
137	37	1
138	0	1
138	1	1
138	2	1
138	3	1
138	4	1
138	5	1
138	6	1
138	7	1
138	8	1
138	9	1
138	10	1
138	11	1
138	12	1
138	13	1
138	14	1
138	15	1
138	16	1
138	17	1
138	18	1
138	19	1
138	20	1
138	21	1
138	22	1
138	23	1
138	24	1
138	25	1
138	26	1
138	27	1
138	28	1
138	29	1
138	30	1
138	31	1
138	32	1
138	33	1
138	34	1
138	35	1
139	0	1
139	1	1
139	2	1
139	3	1
139	4	1
139	5	1
139	6	1
139	7	1
139	8	1
139	9	1
139	10	1
139	11	1
139	12	1
139	13	1
139	14	1
139	15	1
139	16	1
139	17	1
139	18	1
139	19	1
139	20	1
139	21	1
139	22	1
139	23	1
139	24	1
139	25	1
139	26	1
139	27	1
139	28	1
139	29	1
139	30	1
139	31	1
139	32	1
139	33	1
139	34	1
140	0	1
140	1	1
140	2	1
140	3	1
140	4	1
140	5	1
140	6	1
140	7	1
140	8	1
140	9	1
140	10	1
140	11	1
140	12	1
140	13	1
140	14	1
140	15	1
140	16	1
140	17	1
140	18	1
140	19	1
140	20	1
140	21	1
140	22	1
140	23	1
140	24	1
140	25	1
140	26	1
140	27	1
140	28	1
140	29	1
140	30	1
140	31	1
140	32	1
141	0	1
141	1	1
141	2	1
141	3	1
141	4	1
141	5	1
141	6	1
141	7	1
141	8	1
141	9	1
141	10	1
141	11	1
141	12	1
141	13	1
141	14	1
141	15	1
141	16	1
141	17	1
141	18	1
141	19	1
141	20	1
141	21	1
141	22	1
141	23	1
141	24	1
141	25	1
141	26	1
141	27	1
141	28	1
141	29	1
141	30	1
142	0	1
142	1	1
142	2	1
142	3	1
142	4	1
142	5	1
142	6	1
142	7	1
142	8	1
142	9	1
142	10	1
142	11	1
142	12	1
142	13	1
142	14	1
142	15	1
142	16	1
142	17	1
142	18	1
142	19	1
142	20	1
142	21	1
142	22	1
142	23	1
142	24	1
142	25	1
142	26	1
142	27	1
142	28	1
143	0	1
143	1	1
143	2	1
143	3	1
143	4	1
143	5	1
143	6	1
143	7	1
143	8	1
143	9	1
143	10	1
143	11	1
143	12	1
143	13	1
143	14	1
143	15	1
143	16	1
143	17	1
143	18	1
143	19	1
143	20	1
143	21	1
143	22	1
143	23	1
143	24	1
143	25	1
143	26	1
144	0	1
144	1	1
144	2	1
144	3	1
144	4	1
144	5	1
144	6	1
144	7	1
144	8	1
144	9	1
144	10	1
144	11	1
144	12	1
144	13	1
144	14	1
144	15	1
144	16	1
144	17	1
144	18	1
144	19	1
144	20	1
144	21	1
144	22	1
144	23	1
144	24	1
145	0	1
145	1	1
145	2	1
145	3	1
145	4	1
145	5	1
145	6	1
145	7	1
145	8	1
145	9	1
145	10	1
145	11	1
145	12	1
145	13	1
145	14	1
145	15	1
145	16	1
145	17	1
145	18	1
145	19	1
145	20	1
145	21	1
146	0	1
146	1	1
146	2	1
146	3	1
146	4	1
146	5	1
146	6	1
146	7	1
146	8	1
146	9	1
146	10	1
146	11	1
146	12	1
146	13	1
146	14	1
146	15	1
146	16	1
146	17	1
146	18	1
147	0	1
147	1	1
147	2	1
147	3	1
147	4	1
147	5	1
147	6	1
147	7	1
147	8	1
147	9	1
147	10	1
147	11	1
147	12	1
147	13	1
148	3	1
