pix_x	pix_y	Flag
126	63	1
127	58	1
127	59	1
127	60	1
127	61	1
127	62	1
127	63	1
127	64	1
127	65	1
127	66	1
127	67	1
127	68	1
128	57	1
128	58	1
128	59	1
128	60	1
128	61	1
128	62	1
128	63	1
128	64	1
128	65	1
128	66	1
128	67	1
128	68	1
128	69	1
129	55	1
129	56	1
129	57	1
129	58	1
129	59	1
129	60	1
129	61	1
129	62	1
129	63	1
129	64	1
129	65	1
129	66	1
129	67	1
129	68	1
129	69	1
129	70	1
129	71	1
130	54	1
130	55	1
130	56	1
130	57	1
130	58	1
130	59	1
130	60	1
130	61	1
130	62	1
130	63	1
130	64	1
130	65	1
130	66	1
130	67	1
130	68	1
130	69	1
130	70	1
130	71	1
130	72	1
131	53	1
131	54	1
131	55	1
131	56	1
131	57	1
131	58	1
131	59	1
131	60	1
131	61	1
131	62	1
131	63	1
131	64	1
131	65	1
131	66	1
131	67	1
131	68	1
131	69	1
131	70	1
131	71	1
131	72	1
131	73	1
132	53	1
132	54	1
132	55	1
132	56	1
132	57	1
132	58	1
132	59	1
132	60	1
132	61	1
132	62	1
132	63	1
132	64	1
132	65	1
132	66	1
132	67	1
132	68	1
132	69	1
132	70	1
132	71	1
132	72	1
132	73	1
133	52	1
133	53	1
133	54	1
133	55	1
133	56	1
133	57	1
133	58	1
133	59	1
133	60	1
133	61	1
133	62	1
133	63	1
133	64	1
133	65	1
133	66	1
133	67	1
133	68	1
133	69	1
133	70	1
133	71	1
133	72	1
133	73	1
133	74	1
134	51	1
134	52	1
134	53	1
134	54	1
134	55	1
134	56	1
134	57	1
134	58	1
134	59	1
134	60	1
134	61	1
134	62	1
134	63	1
134	64	1
134	65	1
134	66	1
134	67	1
134	68	1
134	69	1
134	70	1
134	71	1
134	72	1
134	73	1
134	74	1
134	75	1
135	51	1
135	52	1
135	53	1
135	54	1
135	55	1
135	56	1
135	57	1
135	58	1
135	59	1
135	60	1
135	61	1
135	62	1
135	63	1
135	64	1
135	65	1
135	66	1
135	67	1
135	68	1
135	69	1
135	70	1
135	71	1
135	72	1
135	73	1
135	74	1
135	75	1
136	51	1
136	52	1
136	53	1
136	54	1
136	55	1
136	56	1
136	57	1
136	58	1
136	59	1
136	60	1
136	61	1
136	62	1
136	63	1
136	64	1
136	65	1
136	66	1
136	67	1
136	68	1
136	69	1
136	70	1
136	71	1
136	72	1
136	73	1
136	74	1
136	75	1
137	51	1
137	52	1
137	53	1
137	54	1
137	55	1
137	56	1
137	57	1
137	58	1
137	59	1
137	60	1
137	61	1
137	62	1
137	63	1
137	64	1
137	65	1
137	66	1
137	67	1
137	68	1
137	69	1
137	70	1
137	71	1
137	72	1
137	73	1
137	74	1
137	75	1
138	51	1
138	52	1
138	53	1
138	54	1
138	55	1
138	56	1
138	57	1
138	58	1
138	59	1
138	60	1
138	61	1
138	62	1
138	63	1
138	64	1
138	65	1
138	66	1
138	67	1
138	68	1
138	69	1
138	70	1
138	71	1
138	72	1
138	73	1
138	74	1
138	75	1
139	50	1
139	51	1
139	52	1
139	53	1
139	54	1
139	55	1
139	56	1
139	57	1
139	58	1
139	59	1
139	60	1
139	61	1
139	62	1
139	63	1
139	64	1
139	65	1
139	66	1
139	67	1
139	68	1
139	69	1
139	70	1
139	71	1
139	72	1
139	73	1
139	74	1
139	75	1
139	76	1
140	51	1
140	52	1
140	53	1
140	54	1
140	55	1
140	56	1
140	57	1
140	58	1
140	59	1
140	60	1
140	61	1
140	62	1
140	63	1
140	64	1
140	65	1
140	66	1
140	67	1
140	68	1
140	69	1
140	70	1
140	71	1
140	72	1
140	73	1
140	74	1
140	75	1
141	51	1
141	52	1
141	53	1
141	54	1
141	55	1
141	56	1
141	57	1
141	58	1
141	59	1
141	60	1
141	61	1
141	62	1
141	63	1
141	64	1
141	65	1
141	66	1
141	67	1
141	68	1
141	69	1
141	70	1
141	71	1
141	72	1
141	73	1
141	74	1
141	75	1
142	51	1
142	52	1
142	53	1
142	54	1
142	55	1
142	56	1
142	57	1
142	58	1
142	59	1
142	60	1
142	61	1
142	62	1
142	63	1
142	64	1
142	65	1
142	66	1
142	67	1
142	68	1
142	69	1
142	70	1
142	71	1
142	72	1
142	73	1
142	74	1
142	75	1
143	51	1
143	52	1
143	53	1
143	54	1
143	55	1
143	56	1
143	57	1
143	58	1
143	59	1
143	60	1
143	61	1
143	62	1
143	63	1
143	64	1
143	65	1
143	66	1
143	67	1
143	68	1
143	69	1
143	70	1
143	71	1
143	72	1
143	73	1
143	74	1
143	75	1
144	51	1
144	52	1
144	53	1
144	54	1
144	55	1
144	56	1
144	57	1
144	58	1
144	59	1
144	60	1
144	61	1
144	62	1
144	63	1
144	64	1
144	65	1
144	66	1
144	67	1
144	68	1
144	69	1
144	70	1
144	71	1
144	72	1
144	73	1
144	74	1
144	75	1
145	52	1
145	53	1
145	54	1
145	55	1
145	56	1
145	57	1
145	58	1
145	59	1
145	60	1
145	61	1
145	62	1
145	63	1
145	64	1
145	65	1
145	66	1
145	67	1
145	68	1
145	69	1
145	70	1
145	71	1
145	72	1
145	73	1
145	74	1
146	53	1
146	54	1
146	55	1
146	56	1
146	57	1
146	58	1
146	59	1
146	60	1
146	61	1
146	62	1
146	63	1
146	64	1
146	65	1
146	66	1
146	67	1
146	68	1
146	69	1
146	70	1
146	71	1
146	72	1
146	73	1
147	53	1
147	54	1
147	55	1
147	56	1
147	57	1
147	58	1
147	59	1
147	60	1
147	61	1
147	62	1
147	63	1
147	64	1
147	65	1
147	66	1
147	67	1
147	68	1
147	69	1
147	70	1
147	71	1
147	72	1
147	73	1
148	54	1
148	55	1
148	56	1
148	57	1
148	58	1
148	59	1
148	60	1
148	61	1
148	62	1
148	63	1
148	64	1
148	65	1
148	66	1
148	67	1
148	68	1
148	69	1
148	70	1
148	71	1
148	72	1
149	55	1
149	56	1
149	57	1
149	58	1
149	59	1
149	60	1
149	61	1
149	62	1
149	63	1
149	64	1
149	65	1
149	66	1
149	67	1
149	68	1
149	69	1
149	70	1
149	71	1
