pix_x	pix_y	Flag
98	89	1
99	86	1
99	87	1
99	88	1
99	89	1
99	90	1
99	91	1
99	92	1
100	85	1
100	86	1
100	87	1
100	88	1
100	89	1
100	90	1
100	91	1
100	92	1
100	93	1
101	84	1
101	85	1
101	86	1
101	87	1
101	88	1
101	89	1
101	90	1
101	91	1
101	92	1
101	93	1
101	94	1
102	84	1
102	85	1
102	86	1
102	87	1
102	88	1
102	89	1
102	90	1
102	91	1
102	92	1
102	93	1
102	94	1
103	84	1
103	85	1
103	86	1
103	87	1
103	88	1
103	89	1
103	90	1
103	91	1
103	92	1
103	93	1
103	94	1
104	83	1
104	84	1
104	85	1
104	86	1
104	87	1
104	88	1
104	89	1
104	90	1
104	91	1
104	92	1
104	93	1
104	94	1
104	95	1
105	84	1
105	85	1
105	86	1
105	87	1
105	88	1
105	89	1
105	90	1
105	91	1
105	92	1
105	93	1
105	94	1
106	84	1
106	85	1
106	86	1
106	87	1
106	88	1
106	89	1
106	90	1
106	91	1
106	92	1
106	93	1
106	94	1
107	84	1
107	85	1
107	86	1
107	87	1
107	88	1
107	89	1
107	90	1
107	91	1
107	92	1
107	93	1
107	94	1
108	85	1
108	86	1
108	87	1
108	88	1
108	89	1
108	90	1
108	91	1
108	92	1
108	93	1
109	86	1
109	87	1
109	88	1
109	89	1
109	90	1
109	91	1
109	92	1
110	89	1
2	96	1
3	93	1
3	94	1
3	95	1
3	96	1
3	97	1
3	98	1
3	99	1
4	92	1
4	93	1
4	94	1
4	95	1
4	96	1
4	97	1
4	98	1
4	99	1
4	100	1
5	91	1
5	92	1
5	93	1
5	94	1
5	95	1
5	96	1
5	97	1
5	98	1
5	99	1
5	100	1
5	101	1
6	91	1
6	92	1
6	93	1
6	94	1
6	95	1
6	96	1
6	97	1
6	98	1
6	99	1
6	100	1
6	101	1
7	91	1
7	92	1
7	93	1
7	94	1
7	95	1
7	96	1
7	97	1
7	98	1
7	99	1
7	100	1
7	101	1
8	90	1
8	91	1
8	92	1
8	93	1
8	94	1
8	95	1
8	96	1
8	97	1
8	98	1
8	99	1
8	100	1
8	101	1
8	102	1
9	91	1
9	92	1
9	93	1
9	94	1
9	95	1
9	96	1
9	97	1
9	98	1
9	99	1
9	100	1
9	101	1
10	91	1
10	92	1
10	93	1
10	94	1
10	95	1
10	96	1
10	97	1
10	98	1
10	99	1
10	100	1
10	101	1
11	91	1
11	92	1
11	93	1
11	94	1
11	95	1
11	96	1
11	97	1
11	98	1
11	99	1
11	100	1
11	101	1
12	92	1
12	93	1
12	94	1
12	95	1
12	96	1
12	97	1
12	98	1
12	99	1
12	100	1
13	93	1
13	94	1
13	95	1
13	96	1
13	97	1
13	98	1
13	99	1
14	96	1
57	20	1
58	15	1
58	16	1
58	17	1
58	18	1
58	19	1
58	20	1
58	21	1
58	22	1
58	23	1
58	24	1
58	25	1
59	13	1
59	14	1
59	15	1
59	16	1
59	17	1
59	18	1
59	19	1
59	20	1
59	21	1
59	22	1
59	23	1
59	24	1
59	25	1
59	26	1
59	27	1
60	11	1
60	12	1
60	13	1
60	14	1
60	15	1
60	16	1
60	17	1
60	18	1
60	19	1
60	20	1
60	21	1
60	22	1
60	23	1
60	24	1
60	25	1
60	26	1
60	27	1
60	28	1
60	29	1
61	10	1
61	11	1
61	12	1
61	13	1
61	14	1
61	15	1
61	16	1
61	17	1
61	18	1
61	19	1
61	20	1
61	21	1
61	22	1
61	23	1
61	24	1
61	25	1
61	26	1
61	27	1
61	28	1
61	29	1
61	30	1
62	9	1
62	10	1
62	11	1
62	12	1
62	13	1
62	14	1
62	15	1
62	16	1
62	17	1
62	18	1
62	19	1
62	20	1
62	21	1
62	22	1
62	23	1
62	24	1
62	25	1
62	26	1
62	27	1
62	28	1
62	29	1
62	30	1
62	31	1
63	8	1
63	9	1
63	10	1
63	11	1
63	12	1
63	13	1
63	14	1
63	15	1
63	16	1
63	17	1
63	18	1
63	19	1
63	20	1
63	21	1
63	22	1
63	23	1
63	24	1
63	25	1
63	26	1
63	27	1
63	28	1
63	29	1
63	30	1
63	31	1
63	32	1
64	8	1
64	9	1
64	10	1
64	11	1
64	12	1
64	13	1
64	14	1
64	15	1
64	16	1
64	17	1
64	18	1
64	19	1
64	20	1
64	21	1
64	22	1
64	23	1
64	24	1
64	25	1
64	26	1
64	27	1
64	28	1
64	29	1
64	30	1
64	31	1
64	32	1
65	7	1
65	8	1
65	9	1
65	10	1
65	11	1
65	12	1
65	13	1
65	14	1
65	15	1
65	16	1
65	17	1
65	18	1
65	19	1
65	20	1
65	21	1
65	22	1
65	23	1
65	24	1
65	25	1
65	26	1
65	27	1
65	28	1
65	29	1
65	30	1
65	31	1
65	32	1
65	33	1
66	7	1
66	8	1
66	9	1
66	10	1
66	11	1
66	12	1
66	13	1
66	14	1
66	15	1
66	16	1
66	17	1
66	18	1
66	19	1
66	20	1
66	21	1
66	22	1
66	23	1
66	24	1
66	25	1
66	26	1
66	27	1
66	28	1
66	29	1
66	30	1
66	31	1
66	32	1
66	33	1
67	6	1
67	7	1
67	8	1
67	9	1
67	10	1
67	11	1
67	12	1
67	13	1
67	14	1
67	15	1
67	16	1
67	17	1
67	18	1
67	19	1
67	20	1
67	21	1
67	22	1
67	23	1
67	24	1
67	25	1
67	26	1
67	27	1
67	28	1
67	29	1
67	30	1
67	31	1
67	32	1
67	33	1
67	34	1
68	6	1
68	7	1
68	8	1
68	9	1
68	10	1
68	11	1
68	12	1
68	13	1
68	14	1
68	15	1
68	16	1
68	17	1
68	18	1
68	19	1
68	20	1
68	21	1
68	22	1
68	23	1
68	24	1
68	25	1
68	26	1
68	27	1
68	28	1
68	29	1
68	30	1
68	31	1
68	32	1
68	33	1
68	34	1
69	6	1
69	7	1
69	8	1
69	9	1
69	10	1
69	11	1
69	12	1
69	13	1
69	14	1
69	15	1
69	16	1
69	17	1
69	18	1
69	19	1
69	20	1
69	21	1
69	22	1
69	23	1
69	24	1
69	25	1
69	26	1
69	27	1
69	28	1
69	29	1
69	30	1
69	31	1
69	32	1
69	33	1
69	34	1
70	6	1
70	7	1
70	8	1
70	9	1
70	10	1
70	11	1
70	12	1
70	13	1
70	14	1
70	15	1
70	16	1
70	17	1
70	18	1
70	19	1
70	20	1
70	21	1
70	22	1
70	23	1
70	24	1
70	25	1
70	26	1
70	27	1
70	28	1
70	29	1
70	30	1
70	31	1
70	32	1
70	33	1
70	34	1
71	6	1
71	7	1
71	8	1
71	9	1
71	10	1
71	11	1
71	12	1
71	13	1
71	14	1
71	15	1
71	16	1
71	17	1
71	18	1
71	19	1
71	20	1
71	21	1
71	22	1
71	23	1
71	24	1
71	25	1
71	26	1
71	27	1
71	28	1
71	29	1
71	30	1
71	31	1
71	32	1
71	33	1
71	34	1
72	5	1
72	6	1
72	7	1
72	8	1
72	9	1
72	10	1
72	11	1
72	12	1
72	13	1
72	14	1
72	15	1
72	16	1
72	17	1
72	18	1
72	19	1
72	20	1
72	21	1
72	22	1
72	23	1
72	24	1
72	25	1
72	26	1
72	27	1
72	28	1
72	29	1
72	30	1
72	31	1
72	32	1
72	33	1
72	34	1
72	35	1
73	6	1
73	7	1
73	8	1
73	9	1
73	10	1
73	11	1
73	12	1
73	13	1
73	14	1
73	15	1
73	16	1
73	17	1
73	18	1
73	19	1
73	20	1
73	21	1
73	22	1
73	23	1
73	24	1
73	25	1
73	26	1
73	27	1
73	28	1
73	29	1
73	30	1
73	31	1
73	32	1
73	33	1
73	34	1
74	6	1
74	7	1
74	8	1
74	9	1
74	10	1
74	11	1
74	12	1
74	13	1
74	14	1
74	15	1
74	16	1
74	17	1
74	18	1
74	19	1
74	20	1
74	21	1
74	22	1
74	23	1
74	24	1
74	25	1
74	26	1
74	27	1
74	28	1
74	29	1
74	30	1
74	31	1
74	32	1
74	33	1
74	34	1
75	6	1
75	7	1
75	8	1
75	9	1
75	10	1
75	11	1
75	12	1
75	13	1
75	14	1
75	15	1
75	16	1
75	17	1
75	18	1
75	19	1
75	20	1
75	21	1
75	22	1
75	23	1
75	24	1
75	25	1
75	26	1
75	27	1
75	28	1
75	29	1
75	30	1
75	31	1
75	32	1
75	33	1
75	34	1
76	6	1
76	7	1
76	8	1
76	9	1
76	10	1
76	11	1
76	12	1
76	13	1
76	14	1
76	15	1
76	16	1
76	17	1
76	18	1
76	19	1
76	20	1
76	21	1
76	22	1
76	23	1
76	24	1
76	25	1
76	26	1
76	27	1
76	28	1
76	29	1
76	30	1
76	31	1
76	32	1
76	33	1
76	34	1
77	6	1
77	7	1
77	8	1
77	9	1
77	10	1
77	11	1
77	12	1
77	13	1
77	14	1
77	15	1
77	16	1
77	17	1
77	18	1
77	19	1
77	20	1
77	21	1
77	22	1
77	23	1
77	24	1
77	25	1
77	26	1
77	27	1
77	28	1
77	29	1
77	30	1
77	31	1
77	32	1
77	33	1
77	34	1
78	7	1
78	8	1
78	9	1
78	10	1
78	11	1
78	12	1
78	13	1
78	14	1
78	15	1
78	16	1
78	17	1
78	18	1
78	19	1
78	20	1
78	21	1
78	22	1
78	23	1
78	24	1
78	25	1
78	26	1
78	27	1
78	28	1
78	29	1
78	30	1
78	31	1
78	32	1
78	33	1
79	7	1
79	8	1
79	9	1
79	10	1
79	11	1
79	12	1
79	13	1
79	14	1
79	15	1
79	16	1
79	17	1
79	18	1
79	19	1
79	20	1
79	21	1
79	22	1
79	23	1
79	24	1
79	25	1
79	26	1
79	27	1
79	28	1
79	29	1
79	30	1
79	31	1
79	32	1
79	33	1
80	8	1
80	9	1
80	10	1
80	11	1
80	12	1
80	13	1
80	14	1
80	15	1
80	16	1
80	17	1
80	18	1
80	19	1
80	20	1
80	21	1
80	22	1
80	23	1
80	24	1
80	25	1
80	26	1
80	27	1
80	28	1
80	29	1
80	30	1
80	31	1
80	32	1
81	8	1
81	9	1
81	10	1
81	11	1
81	12	1
81	13	1
81	14	1
81	15	1
81	16	1
81	17	1
81	18	1
81	19	1
81	20	1
81	21	1
81	22	1
81	23	1
81	24	1
81	25	1
81	26	1
81	27	1
81	28	1
81	29	1
81	30	1
81	31	1
81	32	1
82	9	1
82	10	1
82	11	1
82	12	1
82	13	1
82	14	1
82	15	1
82	16	1
82	17	1
82	18	1
82	19	1
82	20	1
82	21	1
82	22	1
82	23	1
82	24	1
82	25	1
82	26	1
82	27	1
82	28	1
82	29	1
82	30	1
82	31	1
83	10	1
83	11	1
83	12	1
83	13	1
83	14	1
83	15	1
83	16	1
83	17	1
83	18	1
83	19	1
83	20	1
83	21	1
83	22	1
83	23	1
83	24	1
83	25	1
83	26	1
83	27	1
83	28	1
83	29	1
83	30	1
84	11	1
84	12	1
84	13	1
84	14	1
84	15	1
84	16	1
84	17	1
84	18	1
84	19	1
84	20	1
84	21	1
84	22	1
84	23	1
84	24	1
84	25	1
84	26	1
84	27	1
84	28	1
84	29	1
85	13	1
85	14	1
85	15	1
85	16	1
85	17	1
85	18	1
85	19	1
85	20	1
85	21	1
85	22	1
85	23	1
85	24	1
85	25	1
85	26	1
85	27	1
86	15	1
86	16	1
86	17	1
86	18	1
86	19	1
86	20	1
86	21	1
86	22	1
86	23	1
86	24	1
86	25	1
87	20	1
89	2	1
90	0	1
90	1	1
90	2	1
90	3	1
90	4	1
90	5	1
90	6	1
91	0	1
91	1	1
91	2	1
91	3	1
91	4	1
91	5	1
91	6	1
91	7	1
91	8	1
92	0	1
92	1	1
92	2	1
92	3	1
92	4	1
92	5	1
92	6	1
92	7	1
92	8	1
92	9	1
93	0	1
93	1	1
93	2	1
93	3	1
93	4	1
93	5	1
93	6	1
93	7	1
93	8	1
93	9	1
93	10	1
94	0	1
94	1	1
94	2	1
94	3	1
94	4	1
94	5	1
94	6	1
94	7	1
94	8	1
94	9	1
94	10	1
94	11	1
95	0	1
95	1	1
95	2	1
95	3	1
95	4	1
95	5	1
95	6	1
95	7	1
95	8	1
95	9	1
95	10	1
95	11	1
96	0	1
96	1	1
96	2	1
96	3	1
96	4	1
96	5	1
96	6	1
96	7	1
96	8	1
96	9	1
96	10	1
96	11	1
96	12	1
97	0	1
97	1	1
97	2	1
97	3	1
97	4	1
97	5	1
97	6	1
97	7	1
97	8	1
97	9	1
97	10	1
97	11	1
97	12	1
98	0	1
98	1	1
98	2	1
98	3	1
98	4	1
98	5	1
98	6	1
98	7	1
98	8	1
98	9	1
98	10	1
98	11	1
98	12	1
99	0	1
99	1	1
99	2	1
99	3	1
99	4	1
99	5	1
99	6	1
99	7	1
99	8	1
99	9	1
99	10	1
99	11	1
99	12	1
100	0	1
100	1	1
100	2	1
100	3	1
100	4	1
100	5	1
100	6	1
100	7	1
100	8	1
100	9	1
100	10	1
100	11	1
100	12	1
100	13	1
101	0	1
101	1	1
101	2	1
101	3	1
101	4	1
101	5	1
101	6	1
101	7	1
101	8	1
101	9	1
101	10	1
101	11	1
101	12	1
102	0	1
102	1	1
102	2	1
102	3	1
102	4	1
102	5	1
102	6	1
102	7	1
102	8	1
102	9	1
102	10	1
102	11	1
102	12	1
103	0	1
103	1	1
103	2	1
103	3	1
103	4	1
103	5	1
103	6	1
103	7	1
103	8	1
103	9	1
103	10	1
103	11	1
103	12	1
104	0	1
104	1	1
104	2	1
104	3	1
104	4	1
104	5	1
104	6	1
104	7	1
104	8	1
104	9	1
104	10	1
104	11	1
104	12	1
105	0	1
105	1	1
105	2	1
105	3	1
105	4	1
105	5	1
105	6	1
105	7	1
105	8	1
105	9	1
105	10	1
105	11	1
106	0	1
106	1	1
106	2	1
106	3	1
106	4	1
106	5	1
106	6	1
106	7	1
106	8	1
106	9	1
106	10	1
106	11	1
107	0	1
107	1	1
107	2	1
107	3	1
107	4	1
107	5	1
107	6	1
107	7	1
107	8	1
107	9	1
107	10	1
108	0	1
108	1	1
108	2	1
108	3	1
108	4	1
108	5	1
108	6	1
108	7	1
108	8	1
108	9	1
109	0	1
109	1	1
109	2	1
109	3	1
109	4	1
109	5	1
109	6	1
109	7	1
109	8	1
110	0	1
110	1	1
110	2	1
110	3	1
110	4	1
110	5	1
110	6	1
111	2	1
83	139	1
84	135	1
84	136	1
84	137	1
84	138	1
84	139	1
84	140	1
84	141	1
84	142	1
84	143	1
85	134	1
85	135	1
85	136	1
85	137	1
85	138	1
85	139	1
85	140	1
85	141	1
85	142	1
85	143	1
85	144	1
86	133	1
86	134	1
86	135	1
86	136	1
86	137	1
86	138	1
86	139	1
86	140	1
86	141	1
86	142	1
86	143	1
86	144	1
86	145	1
87	132	1
87	133	1
87	134	1
87	135	1
87	136	1
87	137	1
87	138	1
87	139	1
87	140	1
87	141	1
87	142	1
87	143	1
87	144	1
87	145	1
87	146	1
88	131	1
88	132	1
88	133	1
88	134	1
88	135	1
88	136	1
88	137	1
88	138	1
88	139	1
88	140	1
88	141	1
88	142	1
88	143	1
88	144	1
88	145	1
88	146	1
88	147	1
89	131	1
89	132	1
89	133	1
89	134	1
89	135	1
89	136	1
89	137	1
89	138	1
89	139	1
89	140	1
89	141	1
89	142	1
89	143	1
89	144	1
89	145	1
89	146	1
89	147	1
90	131	1
90	132	1
90	133	1
90	134	1
90	135	1
90	136	1
90	137	1
90	138	1
90	139	1
90	140	1
90	141	1
90	142	1
90	143	1
90	144	1
90	145	1
90	146	1
90	147	1
91	131	1
91	132	1
91	133	1
91	134	1
91	135	1
91	136	1
91	137	1
91	138	1
91	139	1
91	140	1
91	141	1
91	142	1
91	143	1
91	144	1
91	145	1
91	146	1
91	147	1
92	130	1
92	131	1
92	132	1
92	133	1
92	134	1
92	135	1
92	136	1
92	137	1
92	138	1
92	139	1
92	140	1
92	141	1
92	142	1
92	143	1
92	144	1
92	145	1
92	146	1
92	147	1
92	148	1
93	131	1
93	132	1
93	133	1
93	134	1
93	135	1
93	136	1
93	137	1
93	138	1
93	139	1
93	140	1
93	141	1
93	142	1
93	143	1
93	144	1
93	145	1
93	146	1
93	147	1
94	131	1
94	132	1
94	133	1
94	134	1
94	135	1
94	136	1
94	137	1
94	138	1
94	139	1
94	140	1
94	141	1
94	142	1
94	143	1
94	144	1
94	145	1
94	146	1
94	147	1
95	131	1
95	132	1
95	133	1
95	134	1
95	135	1
95	136	1
95	137	1
95	138	1
95	139	1
95	140	1
95	141	1
95	142	1
95	143	1
95	144	1
95	145	1
95	146	1
95	147	1
96	131	1
96	132	1
96	133	1
96	134	1
96	135	1
96	136	1
96	137	1
96	138	1
96	139	1
96	140	1
96	141	1
96	142	1
96	143	1
96	144	1
96	145	1
96	146	1
96	147	1
97	132	1
97	133	1
97	134	1
97	135	1
97	136	1
97	137	1
97	138	1
97	139	1
97	140	1
97	141	1
97	142	1
97	143	1
97	144	1
97	145	1
97	146	1
98	133	1
98	134	1
98	135	1
98	136	1
98	137	1
98	138	1
98	139	1
98	140	1
98	141	1
98	142	1
98	143	1
98	144	1
98	145	1
99	134	1
99	135	1
99	136	1
99	137	1
99	138	1
99	139	1
99	140	1
99	141	1
99	142	1
99	143	1
99	144	1
100	135	1
100	136	1
100	137	1
100	138	1
100	139	1
100	140	1
100	141	1
100	142	1
100	143	1
101	139	1
83	153	1
84	143	1
84	144	1
84	145	1
84	146	1
84	147	1
84	148	1
84	149	1
84	150	1
84	151	1
84	152	1
84	153	1
84	154	1
84	155	1
84	156	1
84	157	1
84	158	1
84	159	1
84	160	1
84	161	1
85	138	1
85	139	1
85	140	1
85	141	1
85	142	1
85	143	1
85	144	1
85	145	1
85	146	1
85	147	1
85	148	1
85	149	1
85	150	1
85	151	1
85	152	1
85	153	1
85	154	1
85	155	1
85	156	1
85	157	1
85	158	1
85	159	1
85	160	1
85	161	1
86	135	1
86	136	1
86	137	1
86	138	1
86	139	1
86	140	1
86	141	1
86	142	1
86	143	1
86	144	1
86	145	1
86	146	1
86	147	1
86	148	1
86	149	1
86	150	1
86	151	1
86	152	1
86	153	1
86	154	1
86	155	1
86	156	1
86	157	1
86	158	1
86	159	1
86	160	1
86	161	1
87	132	1
87	133	1
87	134	1
87	135	1
87	136	1
87	137	1
87	138	1
87	139	1
87	140	1
87	141	1
87	142	1
87	143	1
87	144	1
87	145	1
87	146	1
87	147	1
87	148	1
87	149	1
87	150	1
87	151	1
87	152	1
87	153	1
87	154	1
87	155	1
87	156	1
87	157	1
87	158	1
87	159	1
87	160	1
87	161	1
88	130	1
88	131	1
88	132	1
88	133	1
88	134	1
88	135	1
88	136	1
88	137	1
88	138	1
88	139	1
88	140	1
88	141	1
88	142	1
88	143	1
88	144	1
88	145	1
88	146	1
88	147	1
88	148	1
88	149	1
88	150	1
88	151	1
88	152	1
88	153	1
88	154	1
88	155	1
88	156	1
88	157	1
88	158	1
88	159	1
88	160	1
88	161	1
89	127	1
89	128	1
89	129	1
89	130	1
89	131	1
89	132	1
89	133	1
89	134	1
89	135	1
89	136	1
89	137	1
89	138	1
89	139	1
89	140	1
89	141	1
89	142	1
89	143	1
89	144	1
89	145	1
89	146	1
89	147	1
89	148	1
89	149	1
89	150	1
89	151	1
89	152	1
89	153	1
89	154	1
89	155	1
89	156	1
89	157	1
89	158	1
89	159	1
89	160	1
89	161	1
90	125	1
90	126	1
90	127	1
90	128	1
90	129	1
90	130	1
90	131	1
90	132	1
90	133	1
90	134	1
90	135	1
90	136	1
90	137	1
90	138	1
90	139	1
90	140	1
90	141	1
90	142	1
90	143	1
90	144	1
90	145	1
90	146	1
90	147	1
90	148	1
90	149	1
90	150	1
90	151	1
90	152	1
90	153	1
90	154	1
90	155	1
90	156	1
90	157	1
90	158	1
90	159	1
90	160	1
90	161	1
91	124	1
91	125	1
91	126	1
91	127	1
91	128	1
91	129	1
91	130	1
91	131	1
91	132	1
91	133	1
91	134	1
91	135	1
91	136	1
91	137	1
91	138	1
91	139	1
91	140	1
91	141	1
91	142	1
91	143	1
91	144	1
91	145	1
91	146	1
91	147	1
91	148	1
91	149	1
91	150	1
91	151	1
91	152	1
91	153	1
91	154	1
91	155	1
91	156	1
91	157	1
91	158	1
91	159	1
91	160	1
91	161	1
92	122	1
92	123	1
92	124	1
92	125	1
92	126	1
92	127	1
92	128	1
92	129	1
92	130	1
92	131	1
92	132	1
92	133	1
92	134	1
92	135	1
92	136	1
92	137	1
92	138	1
92	139	1
92	140	1
92	141	1
92	142	1
92	143	1
92	144	1
92	145	1
92	146	1
92	147	1
92	148	1
92	149	1
92	150	1
92	151	1
92	152	1
92	153	1
92	154	1
92	155	1
92	156	1
92	157	1
92	158	1
92	159	1
92	160	1
92	161	1
93	120	1
93	121	1
93	122	1
93	123	1
93	124	1
93	125	1
93	126	1
93	127	1
93	128	1
93	129	1
93	130	1
93	131	1
93	132	1
93	133	1
93	134	1
93	135	1
93	136	1
93	137	1
93	138	1
93	139	1
93	140	1
93	141	1
93	142	1
93	143	1
93	144	1
93	145	1
93	146	1
93	147	1
93	148	1
93	149	1
93	150	1
93	151	1
93	152	1
93	153	1
93	154	1
93	155	1
93	156	1
93	157	1
93	158	1
93	159	1
93	160	1
93	161	1
94	119	1
94	120	1
94	121	1
94	122	1
94	123	1
94	124	1
94	125	1
94	126	1
94	127	1
94	128	1
94	129	1
94	130	1
94	131	1
94	132	1
94	133	1
94	134	1
94	135	1
94	136	1
94	137	1
94	138	1
94	139	1
94	140	1
94	141	1
94	142	1
94	143	1
94	144	1
94	145	1
94	146	1
94	147	1
94	148	1
94	149	1
94	150	1
94	151	1
94	152	1
94	153	1
94	154	1
94	155	1
94	156	1
94	157	1
94	158	1
94	159	1
94	160	1
94	161	1
95	117	1
95	118	1
95	119	1
95	120	1
95	121	1
95	122	1
95	123	1
95	124	1
95	125	1
95	126	1
95	127	1
95	128	1
95	129	1
95	130	1
95	131	1
95	132	1
95	133	1
95	134	1
95	135	1
95	136	1
95	137	1
95	138	1
95	139	1
95	140	1
95	141	1
95	142	1
95	143	1
95	144	1
95	145	1
95	146	1
95	147	1
95	148	1
95	149	1
95	150	1
95	151	1
95	152	1
95	153	1
95	154	1
95	155	1
95	156	1
95	157	1
95	158	1
95	159	1
95	160	1
95	161	1
96	116	1
96	117	1
96	118	1
96	119	1
96	120	1
96	121	1
96	122	1
96	123	1
96	124	1
96	125	1
96	126	1
96	127	1
96	128	1
96	129	1
96	130	1
96	131	1
96	132	1
96	133	1
96	134	1
96	135	1
96	136	1
96	137	1
96	138	1
96	139	1
96	140	1
96	141	1
96	142	1
96	143	1
96	144	1
96	145	1
96	146	1
96	147	1
96	148	1
96	149	1
96	150	1
96	151	1
96	152	1
96	153	1
96	154	1
96	155	1
96	156	1
96	157	1
96	158	1
96	159	1
96	160	1
96	161	1
97	115	1
97	116	1
97	117	1
97	118	1
97	119	1
97	120	1
97	121	1
97	122	1
97	123	1
97	124	1
97	125	1
97	126	1
97	127	1
97	128	1
97	129	1
97	130	1
97	131	1
97	132	1
97	133	1
97	134	1
97	135	1
97	136	1
97	137	1
97	138	1
97	139	1
97	140	1
97	141	1
97	142	1
97	143	1
97	144	1
97	145	1
97	146	1
97	147	1
97	148	1
97	149	1
97	150	1
97	151	1
97	152	1
97	153	1
97	154	1
97	155	1
97	156	1
97	157	1
97	158	1
97	159	1
97	160	1
97	161	1
98	114	1
98	115	1
98	116	1
98	117	1
98	118	1
98	119	1
98	120	1
98	121	1
98	122	1
98	123	1
98	124	1
98	125	1
98	126	1
98	127	1
98	128	1
98	129	1
98	130	1
98	131	1
98	132	1
98	133	1
98	134	1
98	135	1
98	136	1
98	137	1
98	138	1
98	139	1
98	140	1
98	141	1
98	142	1
98	143	1
98	144	1
98	145	1
98	146	1
98	147	1
98	148	1
98	149	1
98	150	1
98	151	1
98	152	1
98	153	1
98	154	1
98	155	1
98	156	1
98	157	1
98	158	1
98	159	1
98	160	1
98	161	1
99	113	1
99	114	1
99	115	1
99	116	1
99	117	1
99	118	1
99	119	1
99	120	1
99	121	1
99	122	1
99	123	1
99	124	1
99	125	1
99	126	1
99	127	1
99	128	1
99	129	1
99	130	1
99	131	1
99	132	1
99	133	1
99	134	1
99	135	1
99	136	1
99	137	1
99	138	1
99	139	1
99	140	1
99	141	1
99	142	1
99	143	1
99	144	1
99	145	1
99	146	1
99	147	1
99	148	1
99	149	1
99	150	1
99	151	1
99	152	1
99	153	1
99	154	1
99	155	1
99	156	1
99	157	1
99	158	1
99	159	1
99	160	1
99	161	1
100	112	1
100	113	1
100	114	1
100	115	1
100	116	1
100	117	1
100	118	1
100	119	1
100	120	1
100	121	1
100	122	1
100	123	1
100	124	1
100	125	1
100	126	1
100	127	1
100	128	1
100	129	1
100	130	1
100	131	1
100	132	1
100	133	1
100	134	1
100	135	1
100	136	1
100	137	1
100	138	1
100	139	1
100	140	1
100	141	1
100	142	1
100	143	1
100	144	1
100	145	1
100	146	1
100	147	1
100	148	1
100	149	1
100	150	1
100	151	1
100	152	1
100	153	1
100	154	1
100	155	1
100	156	1
100	157	1
100	158	1
100	159	1
100	160	1
100	161	1
101	111	1
101	112	1
101	113	1
101	114	1
101	115	1
101	116	1
101	117	1
101	118	1
101	119	1
101	120	1
101	121	1
101	122	1
101	123	1
101	124	1
101	125	1
101	126	1
101	127	1
101	128	1
101	129	1
101	130	1
101	131	1
101	132	1
101	133	1
101	134	1
101	135	1
101	136	1
101	137	1
101	138	1
101	139	1
101	140	1
101	141	1
101	142	1
101	143	1
101	144	1
101	145	1
101	146	1
101	147	1
101	148	1
101	149	1
101	150	1
101	151	1
101	152	1
101	153	1
101	154	1
101	155	1
101	156	1
101	157	1
101	158	1
101	159	1
101	160	1
101	161	1
102	110	1
102	111	1
102	112	1
102	113	1
102	114	1
102	115	1
102	116	1
102	117	1
102	118	1
102	119	1
102	120	1
102	121	1
102	122	1
102	123	1
102	124	1
102	125	1
102	126	1
102	127	1
102	128	1
102	129	1
102	130	1
102	131	1
102	132	1
102	133	1
102	134	1
102	135	1
102	136	1
102	137	1
102	138	1
102	139	1
102	140	1
102	141	1
102	142	1
102	143	1
102	144	1
102	145	1
102	146	1
102	147	1
102	148	1
102	149	1
102	150	1
102	151	1
102	152	1
102	153	1
102	154	1
102	155	1
102	156	1
102	157	1
102	158	1
102	159	1
102	160	1
102	161	1
103	109	1
103	110	1
103	111	1
103	112	1
103	113	1
103	114	1
103	115	1
103	116	1
103	117	1
103	118	1
103	119	1
103	120	1
103	121	1
103	122	1
103	123	1
103	124	1
103	125	1
103	126	1
103	127	1
103	128	1
103	129	1
103	130	1
103	131	1
103	132	1
103	133	1
103	134	1
103	135	1
103	136	1
103	137	1
103	138	1
103	139	1
103	140	1
103	141	1
103	142	1
103	143	1
103	144	1
103	145	1
103	146	1
103	147	1
103	148	1
103	149	1
103	150	1
103	151	1
103	152	1
103	153	1
103	154	1
103	155	1
103	156	1
103	157	1
103	158	1
103	159	1
103	160	1
103	161	1
104	108	1
104	109	1
104	110	1
104	111	1
104	112	1
104	113	1
104	114	1
104	115	1
104	116	1
104	117	1
104	118	1
104	119	1
104	120	1
104	121	1
104	122	1
104	123	1
104	124	1
104	125	1
104	126	1
104	127	1
104	128	1
104	129	1
104	130	1
104	131	1
104	132	1
104	133	1
104	134	1
104	135	1
104	136	1
104	137	1
104	138	1
104	139	1
104	140	1
104	141	1
104	142	1
104	143	1
104	144	1
104	145	1
104	146	1
104	147	1
104	148	1
104	149	1
104	150	1
104	151	1
104	152	1
104	153	1
104	154	1
104	155	1
104	156	1
104	157	1
104	158	1
104	159	1
104	160	1
104	161	1
105	107	1
105	108	1
105	109	1
105	110	1
105	111	1
105	112	1
105	113	1
105	114	1
105	115	1
105	116	1
105	117	1
105	118	1
105	119	1
105	120	1
105	121	1
105	122	1
105	123	1
105	124	1
105	125	1
105	126	1
105	127	1
105	128	1
105	129	1
105	130	1
105	131	1
105	132	1
105	133	1
105	134	1
105	135	1
105	136	1
105	137	1
105	138	1
105	139	1
105	140	1
105	141	1
105	142	1
105	143	1
105	144	1
105	145	1
105	146	1
105	147	1
105	148	1
105	149	1
105	150	1
105	151	1
105	152	1
105	153	1
105	154	1
105	155	1
105	156	1
105	157	1
105	158	1
105	159	1
105	160	1
105	161	1
106	106	1
106	107	1
106	108	1
106	109	1
106	110	1
106	111	1
106	112	1
106	113	1
106	114	1
106	115	1
106	116	1
106	117	1
106	118	1
106	119	1
106	120	1
106	121	1
106	122	1
106	123	1
106	124	1
106	125	1
106	126	1
106	127	1
106	128	1
106	129	1
106	130	1
106	131	1
106	132	1
106	133	1
106	134	1
106	135	1
106	136	1
106	137	1
106	138	1
106	139	1
106	140	1
106	141	1
106	142	1
106	143	1
106	144	1
106	145	1
106	146	1
106	147	1
106	148	1
106	149	1
106	150	1
106	151	1
106	152	1
106	153	1
106	154	1
106	155	1
106	156	1
106	157	1
106	158	1
106	159	1
106	160	1
106	161	1
107	105	1
107	106	1
107	107	1
107	108	1
107	109	1
107	110	1
107	111	1
107	112	1
107	113	1
107	114	1
107	115	1
107	116	1
107	117	1
107	118	1
107	119	1
107	120	1
107	121	1
107	122	1
107	123	1
107	124	1
107	125	1
107	126	1
107	127	1
107	128	1
107	129	1
107	130	1
107	131	1
107	132	1
107	133	1
107	134	1
107	135	1
107	136	1
107	137	1
107	138	1
107	139	1
107	140	1
107	141	1
107	142	1
107	143	1
107	144	1
107	145	1
107	146	1
107	147	1
107	148	1
107	149	1
107	150	1
107	151	1
107	152	1
107	153	1
107	154	1
107	155	1
107	156	1
107	157	1
107	158	1
107	159	1
107	160	1
107	161	1
108	105	1
108	106	1
108	107	1
108	108	1
108	109	1
108	110	1
108	111	1
108	112	1
108	113	1
108	114	1
108	115	1
108	116	1
108	117	1
108	118	1
108	119	1
108	120	1
108	121	1
108	122	1
108	123	1
108	124	1
108	125	1
108	126	1
108	127	1
108	128	1
108	129	1
108	130	1
108	131	1
108	132	1
108	133	1
108	134	1
108	135	1
108	136	1
108	137	1
108	138	1
108	139	1
108	140	1
108	141	1
108	142	1
108	143	1
108	144	1
108	145	1
108	146	1
108	147	1
108	148	1
108	149	1
108	150	1
108	151	1
108	152	1
108	153	1
108	154	1
108	155	1
108	156	1
108	157	1
108	158	1
108	159	1
108	160	1
108	161	1
109	104	1
109	105	1
109	106	1
109	107	1
109	108	1
109	109	1
109	110	1
109	111	1
109	112	1
109	113	1
109	114	1
109	115	1
109	116	1
109	117	1
109	118	1
109	119	1
109	120	1
109	121	1
109	122	1
109	123	1
109	124	1
109	125	1
109	126	1
109	127	1
109	128	1
109	129	1
109	130	1
109	131	1
109	132	1
109	133	1
109	134	1
109	135	1
109	136	1
109	137	1
109	138	1
109	139	1
109	140	1
109	141	1
109	142	1
109	143	1
109	144	1
109	145	1
109	146	1
109	147	1
109	148	1
109	149	1
109	150	1
109	151	1
109	152	1
109	153	1
109	154	1
109	155	1
109	156	1
109	157	1
109	158	1
109	159	1
109	160	1
109	161	1
110	103	1
110	104	1
110	105	1
110	106	1
110	107	1
110	108	1
110	109	1
110	110	1
110	111	1
110	112	1
110	113	1
110	114	1
110	115	1
110	116	1
110	117	1
110	118	1
110	119	1
110	120	1
110	121	1
110	122	1
110	123	1
110	124	1
110	125	1
110	126	1
110	127	1
110	128	1
110	129	1
110	130	1
110	131	1
110	132	1
110	133	1
110	134	1
110	135	1
110	136	1
110	137	1
110	138	1
110	139	1
110	140	1
110	141	1
110	142	1
110	143	1
110	144	1
110	145	1
110	146	1
110	147	1
110	148	1
110	149	1
110	150	1
110	151	1
110	152	1
110	153	1
110	154	1
110	155	1
110	156	1
110	157	1
110	158	1
110	159	1
110	160	1
110	161	1
111	103	1
111	104	1
111	105	1
111	106	1
111	107	1
111	108	1
111	109	1
111	110	1
111	111	1
111	112	1
111	113	1
111	114	1
111	115	1
111	116	1
111	117	1
111	118	1
111	119	1
111	120	1
111	121	1
111	122	1
111	123	1
111	124	1
111	125	1
111	126	1
111	127	1
111	128	1
111	129	1
111	130	1
111	131	1
111	132	1
111	133	1
111	134	1
111	135	1
111	136	1
111	137	1
111	138	1
111	139	1
111	140	1
111	141	1
111	142	1
111	143	1
111	144	1
111	145	1
111	146	1
111	147	1
111	148	1
111	149	1
111	150	1
111	151	1
111	152	1
111	153	1
111	154	1
111	155	1
111	156	1
111	157	1
111	158	1
111	159	1
111	160	1
111	161	1
112	102	1
112	103	1
112	104	1
112	105	1
112	106	1
112	107	1
112	108	1
112	109	1
112	110	1
112	111	1
112	112	1
112	113	1
112	114	1
112	115	1
112	116	1
112	117	1
112	118	1
112	119	1
112	120	1
112	121	1
112	122	1
112	123	1
112	124	1
112	125	1
112	126	1
112	127	1
112	128	1
112	129	1
112	130	1
112	131	1
112	132	1
112	133	1
112	134	1
112	135	1
112	136	1
112	137	1
112	138	1
112	139	1
112	140	1
112	141	1
112	142	1
112	143	1
112	144	1
112	145	1
112	146	1
112	147	1
112	148	1
112	149	1
112	150	1
112	151	1
112	152	1
112	153	1
112	154	1
112	155	1
112	156	1
112	157	1
112	158	1
112	159	1
112	160	1
112	161	1
113	102	1
113	103	1
113	104	1
113	105	1
113	106	1
113	107	1
113	108	1
113	109	1
113	110	1
113	111	1
113	112	1
113	113	1
113	114	1
113	115	1
113	116	1
113	117	1
113	118	1
113	119	1
113	120	1
113	121	1
113	122	1
113	123	1
113	124	1
113	125	1
113	126	1
113	127	1
113	128	1
113	129	1
113	130	1
113	131	1
113	132	1
113	133	1
113	134	1
113	135	1
113	136	1
113	137	1
113	138	1
113	139	1
113	140	1
113	141	1
113	142	1
113	143	1
113	144	1
113	145	1
113	146	1
113	147	1
113	148	1
113	149	1
113	150	1
113	151	1
113	152	1
113	153	1
113	154	1
113	155	1
113	156	1
113	157	1
113	158	1
113	159	1
113	160	1
113	161	1
114	101	1
114	102	1
114	103	1
114	104	1
114	105	1
114	106	1
114	107	1
114	108	1
114	109	1
114	110	1
114	111	1
114	112	1
114	113	1
114	114	1
114	115	1
114	116	1
114	117	1
114	118	1
114	119	1
114	120	1
114	121	1
114	122	1
114	123	1
114	124	1
114	125	1
114	126	1
114	127	1
114	128	1
114	129	1
114	130	1
114	131	1
114	132	1
114	133	1
114	134	1
114	135	1
114	136	1
114	137	1
114	138	1
114	139	1
114	140	1
114	141	1
114	142	1
114	143	1
114	144	1
114	145	1
114	146	1
114	147	1
114	148	1
114	149	1
114	150	1
114	151	1
114	152	1
114	153	1
114	154	1
114	155	1
114	156	1
114	157	1
114	158	1
114	159	1
114	160	1
114	161	1
115	100	1
115	101	1
115	102	1
115	103	1
115	104	1
115	105	1
115	106	1
115	107	1
115	108	1
115	109	1
115	110	1
115	111	1
115	112	1
115	113	1
115	114	1
115	115	1
115	116	1
115	117	1
115	118	1
115	119	1
115	120	1
115	121	1
115	122	1
115	123	1
115	124	1
115	125	1
115	126	1
115	127	1
115	128	1
115	129	1
115	130	1
115	131	1
115	132	1
115	133	1
115	134	1
115	135	1
115	136	1
115	137	1
115	138	1
115	139	1
115	140	1
115	141	1
115	142	1
115	143	1
115	144	1
115	145	1
115	146	1
115	147	1
115	148	1
115	149	1
115	150	1
115	151	1
115	152	1
115	153	1
115	154	1
115	155	1
115	156	1
115	157	1
115	158	1
115	159	1
115	160	1
115	161	1
116	100	1
116	101	1
116	102	1
116	103	1
116	104	1
116	105	1
116	106	1
116	107	1
116	108	1
116	109	1
116	110	1
116	111	1
116	112	1
116	113	1
116	114	1
116	115	1
116	116	1
116	117	1
116	118	1
116	119	1
116	120	1
116	121	1
116	122	1
116	123	1
116	124	1
116	125	1
116	126	1
116	127	1
116	128	1
116	129	1
116	130	1
116	131	1
116	132	1
116	133	1
116	134	1
116	135	1
116	136	1
116	137	1
116	138	1
116	139	1
116	140	1
116	141	1
116	142	1
116	143	1
116	144	1
116	145	1
116	146	1
116	147	1
116	148	1
116	149	1
116	150	1
116	151	1
116	152	1
116	153	1
116	154	1
116	155	1
116	156	1
116	157	1
116	158	1
116	159	1
116	160	1
116	161	1
117	99	1
117	100	1
117	101	1
117	102	1
117	103	1
117	104	1
117	105	1
117	106	1
117	107	1
117	108	1
117	109	1
117	110	1
117	111	1
117	112	1
117	113	1
117	114	1
117	115	1
117	116	1
117	117	1
117	118	1
117	119	1
117	120	1
117	121	1
117	122	1
117	123	1
117	124	1
117	125	1
117	126	1
117	127	1
117	128	1
117	129	1
117	130	1
117	131	1
117	132	1
117	133	1
117	134	1
117	135	1
117	136	1
117	137	1
117	138	1
117	139	1
117	140	1
117	141	1
117	142	1
117	143	1
117	144	1
117	145	1
117	146	1
117	147	1
117	148	1
117	149	1
117	150	1
117	151	1
117	152	1
117	153	1
117	154	1
117	155	1
117	156	1
117	157	1
117	158	1
117	159	1
117	160	1
117	161	1
118	99	1
118	100	1
118	101	1
118	102	1
118	103	1
118	104	1
118	105	1
118	106	1
118	107	1
118	108	1
118	109	1
118	110	1
118	111	1
118	112	1
118	113	1
118	114	1
118	115	1
118	116	1
118	117	1
118	118	1
118	119	1
118	120	1
118	121	1
118	122	1
118	123	1
118	124	1
118	125	1
118	126	1
118	127	1
118	128	1
118	129	1
118	130	1
118	131	1
118	132	1
118	133	1
118	134	1
118	135	1
118	136	1
118	137	1
118	138	1
118	139	1
118	140	1
118	141	1
118	142	1
118	143	1
118	144	1
118	145	1
118	146	1
118	147	1
118	148	1
118	149	1
118	150	1
118	151	1
118	152	1
118	153	1
118	154	1
118	155	1
118	156	1
118	157	1
118	158	1
118	159	1
118	160	1
118	161	1
119	99	1
119	100	1
119	101	1
119	102	1
119	103	1
119	104	1
119	105	1
119	106	1
119	107	1
119	108	1
119	109	1
119	110	1
119	111	1
119	112	1
119	113	1
119	114	1
119	115	1
119	116	1
119	117	1
119	118	1
119	119	1
119	120	1
119	121	1
119	122	1
119	123	1
119	124	1
119	125	1
119	126	1
119	127	1
119	128	1
119	129	1
119	130	1
119	131	1
119	132	1
119	133	1
119	134	1
119	135	1
119	136	1
119	137	1
119	138	1
119	139	1
119	140	1
119	141	1
119	142	1
119	143	1
119	144	1
119	145	1
119	146	1
119	147	1
119	148	1
119	149	1
119	150	1
119	151	1
119	152	1
119	153	1
119	154	1
119	155	1
119	156	1
119	157	1
119	158	1
119	159	1
119	160	1
119	161	1
120	98	1
120	99	1
120	100	1
120	101	1
120	102	1
120	103	1
120	104	1
120	105	1
120	106	1
120	107	1
120	108	1
120	109	1
120	110	1
120	111	1
120	112	1
120	113	1
120	114	1
120	115	1
120	116	1
120	117	1
120	118	1
120	119	1
120	120	1
120	121	1
120	122	1
120	123	1
120	124	1
120	125	1
120	126	1
120	127	1
120	128	1
120	129	1
120	130	1
120	131	1
120	132	1
120	133	1
120	134	1
120	135	1
120	136	1
120	137	1
120	138	1
120	139	1
120	140	1
120	141	1
120	142	1
120	143	1
120	144	1
120	145	1
120	146	1
120	147	1
120	148	1
120	149	1
120	150	1
120	151	1
120	152	1
120	153	1
120	154	1
120	155	1
120	156	1
120	157	1
120	158	1
120	159	1
120	160	1
120	161	1
121	98	1
121	99	1
121	100	1
121	101	1
121	102	1
121	103	1
121	104	1
121	105	1
121	106	1
121	107	1
121	108	1
121	109	1
121	110	1
121	111	1
121	112	1
121	113	1
121	114	1
121	115	1
121	116	1
121	117	1
121	118	1
121	119	1
121	120	1
121	121	1
121	122	1
121	123	1
121	124	1
121	125	1
121	126	1
121	127	1
121	128	1
121	129	1
121	130	1
121	131	1
121	132	1
121	133	1
121	134	1
121	135	1
121	136	1
121	137	1
121	138	1
121	139	1
121	140	1
121	141	1
121	142	1
121	143	1
121	144	1
121	145	1
121	146	1
121	147	1
121	148	1
121	149	1
121	150	1
121	151	1
121	152	1
121	153	1
121	154	1
121	155	1
121	156	1
121	157	1
121	158	1
121	159	1
121	160	1
121	161	1
122	97	1
122	98	1
122	99	1
122	100	1
122	101	1
122	102	1
122	103	1
122	104	1
122	105	1
122	106	1
122	107	1
122	108	1
122	109	1
122	110	1
122	111	1
122	112	1
122	113	1
122	114	1
122	115	1
122	116	1
122	117	1
122	118	1
122	119	1
122	120	1
122	121	1
122	122	1
122	123	1
122	124	1
122	125	1
122	126	1
122	127	1
122	128	1
122	129	1
122	130	1
122	131	1
122	132	1
122	133	1
122	134	1
122	135	1
122	136	1
122	137	1
122	138	1
122	139	1
122	140	1
122	141	1
122	142	1
122	143	1
122	144	1
122	145	1
122	146	1
122	147	1
122	148	1
122	149	1
122	150	1
122	151	1
122	152	1
122	153	1
122	154	1
122	155	1
122	156	1
122	157	1
122	158	1
122	159	1
122	160	1
122	161	1
123	97	1
123	98	1
123	99	1
123	100	1
123	101	1
123	102	1
123	103	1
123	104	1
123	105	1
123	106	1
123	107	1
123	108	1
123	109	1
123	110	1
123	111	1
123	112	1
123	113	1
123	114	1
123	115	1
123	116	1
123	117	1
123	118	1
123	119	1
123	120	1
123	121	1
123	122	1
123	123	1
123	124	1
123	125	1
123	126	1
123	127	1
123	128	1
123	129	1
123	130	1
123	131	1
123	132	1
123	133	1
123	134	1
123	135	1
123	136	1
123	137	1
123	138	1
123	139	1
123	140	1
123	141	1
123	142	1
123	143	1
123	144	1
123	145	1
123	146	1
123	147	1
123	148	1
123	149	1
123	150	1
123	151	1
123	152	1
123	153	1
123	154	1
123	155	1
123	156	1
123	157	1
123	158	1
123	159	1
123	160	1
123	161	1
124	97	1
124	98	1
124	99	1
124	100	1
124	101	1
124	102	1
124	103	1
124	104	1
124	105	1
124	106	1
124	107	1
124	108	1
124	109	1
124	110	1
124	111	1
124	112	1
124	113	1
124	114	1
124	115	1
124	116	1
124	117	1
124	118	1
124	119	1
124	120	1
124	121	1
124	122	1
124	123	1
124	124	1
124	125	1
124	126	1
124	127	1
124	128	1
124	129	1
124	130	1
124	131	1
124	132	1
124	133	1
124	134	1
124	135	1
124	136	1
124	137	1
124	138	1
124	139	1
124	140	1
124	141	1
124	142	1
124	143	1
124	144	1
124	145	1
124	146	1
124	147	1
124	148	1
124	149	1
124	150	1
124	151	1
124	152	1
124	153	1
124	154	1
124	155	1
124	156	1
124	157	1
124	158	1
124	159	1
124	160	1
124	161	1
125	96	1
125	97	1
125	98	1
125	99	1
125	100	1
125	101	1
125	102	1
125	103	1
125	104	1
125	105	1
125	106	1
125	107	1
125	108	1
125	109	1
125	110	1
125	111	1
125	112	1
125	113	1
125	114	1
125	115	1
125	116	1
125	117	1
125	118	1
125	119	1
125	120	1
125	121	1
125	122	1
125	123	1
125	124	1
125	125	1
125	126	1
125	127	1
125	128	1
125	129	1
125	130	1
125	131	1
125	132	1
125	133	1
125	134	1
125	135	1
125	136	1
125	137	1
125	138	1
125	139	1
125	140	1
125	141	1
125	142	1
125	143	1
125	144	1
125	145	1
125	146	1
125	147	1
125	148	1
125	149	1
125	150	1
125	151	1
125	152	1
125	153	1
125	154	1
125	155	1
125	156	1
125	157	1
125	158	1
125	159	1
125	160	1
125	161	1
126	96	1
126	97	1
126	98	1
126	99	1
126	100	1
126	101	1
126	102	1
126	103	1
126	104	1
126	105	1
126	106	1
126	107	1
126	108	1
126	109	1
126	110	1
126	111	1
126	112	1
126	113	1
126	114	1
126	115	1
126	116	1
126	117	1
126	118	1
126	119	1
126	120	1
126	121	1
126	122	1
126	123	1
126	124	1
126	125	1
126	126	1
126	127	1
126	128	1
126	129	1
126	130	1
126	131	1
126	132	1
126	133	1
126	134	1
126	135	1
126	136	1
126	137	1
126	138	1
126	139	1
126	140	1
126	141	1
126	142	1
126	143	1
126	144	1
126	145	1
126	146	1
126	147	1
126	148	1
126	149	1
126	150	1
126	151	1
126	152	1
126	153	1
126	154	1
126	155	1
126	156	1
126	157	1
126	158	1
126	159	1
126	160	1
126	161	1
127	96	1
127	97	1
127	98	1
127	99	1
127	100	1
127	101	1
127	102	1
127	103	1
127	104	1
127	105	1
127	106	1
127	107	1
127	108	1
127	109	1
127	110	1
127	111	1
127	112	1
127	113	1
127	114	1
127	115	1
127	116	1
127	117	1
127	118	1
127	119	1
127	120	1
127	121	1
127	122	1
127	123	1
127	124	1
127	125	1
127	126	1
127	127	1
127	128	1
127	129	1
127	130	1
127	131	1
127	132	1
127	133	1
127	134	1
127	135	1
127	136	1
127	137	1
127	138	1
127	139	1
127	140	1
127	141	1
127	142	1
127	143	1
127	144	1
127	145	1
127	146	1
127	147	1
127	148	1
127	149	1
127	150	1
127	151	1
127	152	1
127	153	1
127	154	1
127	155	1
127	156	1
127	157	1
127	158	1
127	159	1
127	160	1
127	161	1
128	95	1
128	96	1
128	97	1
128	98	1
128	99	1
128	100	1
128	101	1
128	102	1
128	103	1
128	104	1
128	105	1
128	106	1
128	107	1
128	108	1
128	109	1
128	110	1
128	111	1
128	112	1
128	113	1
128	114	1
128	115	1
128	116	1
128	117	1
128	118	1
128	119	1
128	120	1
128	121	1
128	122	1
128	123	1
128	124	1
128	125	1
128	126	1
128	127	1
128	128	1
128	129	1
128	130	1
128	131	1
128	132	1
128	133	1
128	134	1
128	135	1
128	136	1
128	137	1
128	138	1
128	139	1
128	140	1
128	141	1
128	142	1
128	143	1
128	144	1
128	145	1
128	146	1
128	147	1
128	148	1
128	149	1
128	150	1
128	151	1
128	152	1
128	153	1
128	154	1
128	155	1
128	156	1
128	157	1
128	158	1
128	159	1
128	160	1
128	161	1
129	95	1
129	96	1
129	97	1
129	98	1
129	99	1
129	100	1
129	101	1
129	102	1
129	103	1
129	104	1
129	105	1
129	106	1
129	107	1
129	108	1
129	109	1
129	110	1
129	111	1
129	112	1
129	113	1
129	114	1
129	115	1
129	116	1
129	117	1
129	118	1
129	119	1
129	120	1
129	121	1
129	122	1
129	123	1
129	124	1
129	125	1
129	126	1
129	127	1
129	128	1
129	129	1
129	130	1
129	131	1
129	132	1
129	133	1
129	134	1
129	135	1
129	136	1
129	137	1
129	138	1
129	139	1
129	140	1
129	141	1
129	142	1
129	143	1
129	144	1
129	145	1
129	146	1
129	147	1
129	148	1
129	149	1
129	150	1
129	151	1
129	152	1
129	153	1
129	154	1
129	155	1
129	156	1
129	157	1
129	158	1
129	159	1
129	160	1
129	161	1
130	95	1
130	96	1
130	97	1
130	98	1
130	99	1
130	100	1
130	101	1
130	102	1
130	103	1
130	104	1
130	105	1
130	106	1
130	107	1
130	108	1
130	109	1
130	110	1
130	111	1
130	112	1
130	113	1
130	114	1
130	115	1
130	116	1
130	117	1
130	118	1
130	119	1
130	120	1
130	121	1
130	122	1
130	123	1
130	124	1
130	125	1
130	126	1
130	127	1
130	128	1
130	129	1
130	130	1
130	131	1
130	132	1
130	133	1
130	134	1
130	135	1
130	136	1
130	137	1
130	138	1
130	139	1
130	140	1
130	141	1
130	142	1
130	143	1
130	144	1
130	145	1
130	146	1
130	147	1
130	148	1
130	149	1
130	150	1
130	151	1
130	152	1
130	153	1
130	154	1
130	155	1
130	156	1
130	157	1
130	158	1
130	159	1
130	160	1
130	161	1
131	95	1
131	96	1
131	97	1
131	98	1
131	99	1
131	100	1
131	101	1
131	102	1
131	103	1
131	104	1
131	105	1
131	106	1
131	107	1
131	108	1
131	109	1
131	110	1
131	111	1
131	112	1
131	113	1
131	114	1
131	115	1
131	116	1
131	117	1
131	118	1
131	119	1
131	120	1
131	121	1
131	122	1
131	123	1
131	124	1
131	125	1
131	126	1
131	127	1
131	128	1
131	129	1
131	130	1
131	131	1
131	132	1
131	133	1
131	134	1
131	135	1
131	136	1
131	137	1
131	138	1
131	139	1
131	140	1
131	141	1
131	142	1
131	143	1
131	144	1
131	145	1
131	146	1
131	147	1
131	148	1
131	149	1
131	150	1
131	151	1
131	152	1
131	153	1
131	154	1
131	155	1
131	156	1
131	157	1
131	158	1
131	159	1
131	160	1
131	161	1
132	95	1
132	96	1
132	97	1
132	98	1
132	99	1
132	100	1
132	101	1
132	102	1
132	103	1
132	104	1
132	105	1
132	106	1
132	107	1
132	108	1
132	109	1
132	110	1
132	111	1
132	112	1
132	113	1
132	114	1
132	115	1
132	116	1
132	117	1
132	118	1
132	119	1
132	120	1
132	121	1
132	122	1
132	123	1
132	124	1
132	125	1
132	126	1
132	127	1
132	128	1
132	129	1
132	130	1
132	131	1
132	132	1
132	133	1
132	134	1
132	135	1
132	136	1
132	137	1
132	138	1
132	139	1
132	140	1
132	141	1
132	142	1
132	143	1
132	144	1
132	145	1
132	146	1
132	147	1
132	148	1
132	149	1
132	150	1
132	151	1
132	152	1
132	153	1
132	154	1
132	155	1
132	156	1
132	157	1
132	158	1
132	159	1
132	160	1
132	161	1
133	94	1
133	95	1
133	96	1
133	97	1
133	98	1
133	99	1
133	100	1
133	101	1
133	102	1
133	103	1
133	104	1
133	105	1
133	106	1
133	107	1
133	108	1
133	109	1
133	110	1
133	111	1
133	112	1
133	113	1
133	114	1
133	115	1
133	116	1
133	117	1
133	118	1
133	119	1
133	120	1
133	121	1
133	122	1
133	123	1
133	124	1
133	125	1
133	126	1
133	127	1
133	128	1
133	129	1
133	130	1
133	131	1
133	132	1
133	133	1
133	134	1
133	135	1
133	136	1
133	137	1
133	138	1
133	139	1
133	140	1
133	141	1
133	142	1
133	143	1
133	144	1
133	145	1
133	146	1
133	147	1
133	148	1
133	149	1
133	150	1
133	151	1
133	152	1
133	153	1
133	154	1
133	155	1
133	156	1
133	157	1
133	158	1
133	159	1
133	160	1
133	161	1
134	94	1
134	95	1
134	96	1
134	97	1
134	98	1
134	99	1
134	100	1
134	101	1
134	102	1
134	103	1
134	104	1
134	105	1
134	106	1
134	107	1
134	108	1
134	109	1
134	110	1
134	111	1
134	112	1
134	113	1
134	114	1
134	115	1
134	116	1
134	117	1
134	118	1
134	119	1
134	120	1
134	121	1
134	122	1
134	123	1
134	124	1
134	125	1
134	126	1
134	127	1
134	128	1
134	129	1
134	130	1
134	131	1
134	132	1
134	133	1
134	134	1
134	135	1
134	136	1
134	137	1
134	138	1
134	139	1
134	140	1
134	141	1
134	142	1
134	143	1
134	144	1
134	145	1
134	146	1
134	147	1
134	148	1
134	149	1
134	150	1
134	151	1
134	152	1
134	153	1
134	154	1
134	155	1
134	156	1
134	157	1
134	158	1
134	159	1
134	160	1
134	161	1
135	94	1
135	95	1
135	96	1
135	97	1
135	98	1
135	99	1
135	100	1
135	101	1
135	102	1
135	103	1
135	104	1
135	105	1
135	106	1
135	107	1
135	108	1
135	109	1
135	110	1
135	111	1
135	112	1
135	113	1
135	114	1
135	115	1
135	116	1
135	117	1
135	118	1
135	119	1
135	120	1
135	121	1
135	122	1
135	123	1
135	124	1
135	125	1
135	126	1
135	127	1
135	128	1
135	129	1
135	130	1
135	131	1
135	132	1
135	133	1
135	134	1
135	135	1
135	136	1
135	137	1
135	138	1
135	139	1
135	140	1
135	141	1
135	142	1
135	143	1
135	144	1
135	145	1
135	146	1
135	147	1
135	148	1
135	149	1
135	150	1
135	151	1
135	152	1
135	153	1
135	154	1
135	155	1
135	156	1
135	157	1
135	158	1
135	159	1
135	160	1
135	161	1
136	94	1
136	95	1
136	96	1
136	97	1
136	98	1
136	99	1
136	100	1
136	101	1
136	102	1
136	103	1
136	104	1
136	105	1
136	106	1
136	107	1
136	108	1
136	109	1
136	110	1
136	111	1
136	112	1
136	113	1
136	114	1
136	115	1
136	116	1
136	117	1
136	118	1
136	119	1
136	120	1
136	121	1
136	122	1
136	123	1
136	124	1
136	125	1
136	126	1
136	127	1
136	128	1
136	129	1
136	130	1
136	131	1
136	132	1
136	133	1
136	134	1
136	135	1
136	136	1
136	137	1
136	138	1
136	139	1
136	140	1
136	141	1
136	142	1
136	143	1
136	144	1
136	145	1
136	146	1
136	147	1
136	148	1
136	149	1
136	150	1
136	151	1
136	152	1
136	153	1
136	154	1
136	155	1
136	156	1
136	157	1
136	158	1
136	159	1
136	160	1
136	161	1
137	94	1
137	95	1
137	96	1
137	97	1
137	98	1
137	99	1
137	100	1
137	101	1
137	102	1
137	103	1
137	104	1
137	105	1
137	106	1
137	107	1
137	108	1
137	109	1
137	110	1
137	111	1
137	112	1
137	113	1
137	114	1
137	115	1
137	116	1
137	117	1
137	118	1
137	119	1
137	120	1
137	121	1
137	122	1
137	123	1
137	124	1
137	125	1
137	126	1
137	127	1
137	128	1
137	129	1
137	130	1
137	131	1
137	132	1
137	133	1
137	134	1
137	135	1
137	136	1
137	137	1
137	138	1
137	139	1
137	140	1
137	141	1
137	142	1
137	143	1
137	144	1
137	145	1
137	146	1
137	147	1
137	148	1
137	149	1
137	150	1
137	151	1
137	152	1
137	153	1
137	154	1
137	155	1
137	156	1
137	157	1
137	158	1
137	159	1
137	160	1
137	161	1
138	94	1
138	95	1
138	96	1
138	97	1
138	98	1
138	99	1
138	100	1
138	101	1
138	102	1
138	103	1
138	104	1
138	105	1
138	106	1
138	107	1
138	108	1
138	109	1
138	110	1
138	111	1
138	112	1
138	113	1
138	114	1
138	115	1
138	116	1
138	117	1
138	118	1
138	119	1
138	120	1
138	121	1
138	122	1
138	123	1
138	124	1
138	125	1
138	126	1
138	127	1
138	128	1
138	129	1
138	130	1
138	131	1
138	132	1
138	133	1
138	134	1
138	135	1
138	136	1
138	137	1
138	138	1
138	139	1
138	140	1
138	141	1
138	142	1
138	143	1
138	144	1
138	145	1
138	146	1
138	147	1
138	148	1
138	149	1
138	150	1
138	151	1
138	152	1
138	153	1
138	154	1
138	155	1
138	156	1
138	157	1
138	158	1
138	159	1
138	160	1
138	161	1
139	94	1
139	95	1
139	96	1
139	97	1
139	98	1
139	99	1
139	100	1
139	101	1
139	102	1
139	103	1
139	104	1
139	105	1
139	106	1
139	107	1
139	108	1
139	109	1
139	110	1
139	111	1
139	112	1
139	113	1
139	114	1
139	115	1
139	116	1
139	117	1
139	118	1
139	119	1
139	120	1
139	121	1
139	122	1
139	123	1
139	124	1
139	125	1
139	126	1
139	127	1
139	128	1
139	129	1
139	130	1
139	131	1
139	132	1
139	133	1
139	134	1
139	135	1
139	136	1
139	137	1
139	138	1
139	139	1
139	140	1
139	141	1
139	142	1
139	143	1
139	144	1
139	145	1
139	146	1
139	147	1
139	148	1
139	149	1
139	150	1
139	151	1
139	152	1
139	153	1
139	154	1
139	155	1
139	156	1
139	157	1
139	158	1
139	159	1
139	160	1
139	161	1
140	94	1
140	95	1
140	96	1
140	97	1
140	98	1
140	99	1
140	100	1
140	101	1
140	102	1
140	103	1
140	104	1
140	105	1
140	106	1
140	107	1
140	108	1
140	109	1
140	110	1
140	111	1
140	112	1
140	113	1
140	114	1
140	115	1
140	116	1
140	117	1
140	118	1
140	119	1
140	120	1
140	121	1
140	122	1
140	123	1
140	124	1
140	125	1
140	126	1
140	127	1
140	128	1
140	129	1
140	130	1
140	131	1
140	132	1
140	133	1
140	134	1
140	135	1
140	136	1
140	137	1
140	138	1
140	139	1
140	140	1
140	141	1
140	142	1
140	143	1
140	144	1
140	145	1
140	146	1
140	147	1
140	148	1
140	149	1
140	150	1
140	151	1
140	152	1
140	153	1
140	154	1
140	155	1
140	156	1
140	157	1
140	158	1
140	159	1
140	160	1
140	161	1
141	94	1
141	95	1
141	96	1
141	97	1
141	98	1
141	99	1
141	100	1
141	101	1
141	102	1
141	103	1
141	104	1
141	105	1
141	106	1
141	107	1
141	108	1
141	109	1
141	110	1
141	111	1
141	112	1
141	113	1
141	114	1
141	115	1
141	116	1
141	117	1
141	118	1
141	119	1
141	120	1
141	121	1
141	122	1
141	123	1
141	124	1
141	125	1
141	126	1
141	127	1
141	128	1
141	129	1
141	130	1
141	131	1
141	132	1
141	133	1
141	134	1
141	135	1
141	136	1
141	137	1
141	138	1
141	139	1
141	140	1
141	141	1
141	142	1
141	143	1
141	144	1
141	145	1
141	146	1
141	147	1
141	148	1
141	149	1
141	150	1
141	151	1
141	152	1
141	153	1
141	154	1
141	155	1
141	156	1
141	157	1
141	158	1
141	159	1
141	160	1
141	161	1
142	94	1
142	95	1
142	96	1
142	97	1
142	98	1
142	99	1
142	100	1
142	101	1
142	102	1
142	103	1
142	104	1
142	105	1
142	106	1
142	107	1
142	108	1
142	109	1
142	110	1
142	111	1
142	112	1
142	113	1
142	114	1
142	115	1
142	116	1
142	117	1
142	118	1
142	119	1
142	120	1
142	121	1
142	122	1
142	123	1
142	124	1
142	125	1
142	126	1
142	127	1
142	128	1
142	129	1
142	130	1
142	131	1
142	132	1
142	133	1
142	134	1
142	135	1
142	136	1
142	137	1
142	138	1
142	139	1
142	140	1
142	141	1
142	142	1
142	143	1
142	144	1
142	145	1
142	146	1
142	147	1
142	148	1
142	149	1
142	150	1
142	151	1
142	152	1
142	153	1
142	154	1
142	155	1
142	156	1
142	157	1
142	158	1
142	159	1
142	160	1
142	161	1
143	93	1
143	94	1
143	95	1
143	96	1
143	97	1
143	98	1
143	99	1
143	100	1
143	101	1
143	102	1
143	103	1
143	104	1
143	105	1
143	106	1
143	107	1
143	108	1
143	109	1
143	110	1
143	111	1
143	112	1
143	113	1
143	114	1
143	115	1
143	116	1
143	117	1
143	118	1
143	119	1
143	120	1
143	121	1
143	122	1
143	123	1
143	124	1
143	125	1
143	126	1
143	127	1
143	128	1
143	129	1
143	130	1
143	131	1
143	132	1
143	133	1
143	134	1
143	135	1
143	136	1
143	137	1
143	138	1
143	139	1
143	140	1
143	141	1
143	142	1
143	143	1
143	144	1
143	145	1
143	146	1
143	147	1
143	148	1
143	149	1
143	150	1
143	151	1
143	152	1
143	153	1
143	154	1
143	155	1
143	156	1
143	157	1
143	158	1
143	159	1
143	160	1
143	161	1
144	94	1
144	95	1
144	96	1
144	97	1
144	98	1
144	99	1
144	100	1
144	101	1
144	102	1
144	103	1
144	104	1
144	105	1
144	106	1
144	107	1
144	108	1
144	109	1
144	110	1
144	111	1
144	112	1
144	113	1
144	114	1
144	115	1
144	116	1
144	117	1
144	118	1
144	119	1
144	120	1
144	121	1
144	122	1
144	123	1
144	124	1
144	125	1
144	126	1
144	127	1
144	128	1
144	129	1
144	130	1
144	131	1
144	132	1
144	133	1
144	134	1
144	135	1
144	136	1
144	137	1
144	138	1
144	139	1
144	140	1
144	141	1
144	142	1
144	143	1
144	144	1
144	145	1
144	146	1
144	147	1
144	148	1
144	149	1
144	150	1
144	151	1
144	152	1
144	153	1
144	154	1
144	155	1
144	156	1
144	157	1
144	158	1
144	159	1
144	160	1
144	161	1
145	94	1
145	95	1
145	96	1
145	97	1
145	98	1
145	99	1
145	100	1
145	101	1
145	102	1
145	103	1
145	104	1
145	105	1
145	106	1
145	107	1
145	108	1
145	109	1
145	110	1
145	111	1
145	112	1
145	113	1
145	114	1
145	115	1
145	116	1
145	117	1
145	118	1
145	119	1
145	120	1
145	121	1
145	122	1
145	123	1
145	124	1
145	125	1
145	126	1
145	127	1
145	128	1
145	129	1
145	130	1
145	131	1
145	132	1
145	133	1
145	134	1
145	135	1
145	136	1
145	137	1
145	138	1
145	139	1
145	140	1
145	141	1
145	142	1
145	143	1
145	144	1
145	145	1
145	146	1
145	147	1
145	148	1
145	149	1
145	150	1
145	151	1
145	152	1
145	153	1
145	154	1
145	155	1
145	156	1
145	157	1
145	158	1
145	159	1
145	160	1
145	161	1
146	94	1
146	95	1
146	96	1
146	97	1
146	98	1
146	99	1
146	100	1
146	101	1
146	102	1
146	103	1
146	104	1
146	105	1
146	106	1
146	107	1
146	108	1
146	109	1
146	110	1
146	111	1
146	112	1
146	113	1
146	114	1
146	115	1
146	116	1
146	117	1
146	118	1
146	119	1
146	120	1
146	121	1
146	122	1
146	123	1
146	124	1
146	125	1
146	126	1
146	127	1
146	128	1
146	129	1
146	130	1
146	131	1
146	132	1
146	133	1
146	134	1
146	135	1
146	136	1
146	137	1
146	138	1
146	139	1
146	140	1
146	141	1
146	142	1
146	143	1
146	144	1
146	145	1
146	146	1
146	147	1
146	148	1
146	149	1
146	150	1
146	151	1
146	152	1
146	153	1
146	154	1
146	155	1
146	156	1
146	157	1
146	158	1
146	159	1
146	160	1
146	161	1
147	94	1
147	95	1
147	96	1
147	97	1
147	98	1
147	99	1
147	100	1
147	101	1
147	102	1
147	103	1
147	104	1
147	105	1
147	106	1
147	107	1
147	108	1
147	109	1
147	110	1
147	111	1
147	112	1
147	113	1
147	114	1
147	115	1
147	116	1
147	117	1
147	118	1
147	119	1
147	120	1
147	121	1
147	122	1
147	123	1
147	124	1
147	125	1
147	126	1
147	127	1
147	128	1
147	129	1
147	130	1
147	131	1
147	132	1
147	133	1
147	134	1
147	135	1
147	136	1
147	137	1
147	138	1
147	139	1
147	140	1
147	141	1
147	142	1
147	143	1
147	144	1
147	145	1
147	146	1
147	147	1
147	148	1
147	149	1
147	150	1
147	151	1
147	152	1
147	153	1
147	154	1
147	155	1
147	156	1
147	157	1
147	158	1
147	159	1
147	160	1
147	161	1
148	94	1
148	95	1
148	96	1
148	97	1
148	98	1
148	99	1
148	100	1
148	101	1
148	102	1
148	103	1
148	104	1
148	105	1
148	106	1
148	107	1
148	108	1
148	109	1
148	110	1
148	111	1
148	112	1
148	113	1
148	114	1
148	115	1
148	116	1
148	117	1
148	118	1
148	119	1
148	120	1
148	121	1
148	122	1
148	123	1
148	124	1
148	125	1
148	126	1
148	127	1
148	128	1
148	129	1
148	130	1
148	131	1
148	132	1
148	133	1
148	134	1
148	135	1
148	136	1
148	137	1
148	138	1
148	139	1
148	140	1
148	141	1
148	142	1
148	143	1
148	144	1
148	145	1
148	146	1
148	147	1
148	148	1
148	149	1
148	150	1
148	151	1
148	152	1
148	153	1
148	154	1
148	155	1
148	156	1
148	157	1
148	158	1
148	159	1
148	160	1
148	161	1
149	94	1
149	95	1
149	96	1
149	97	1
149	98	1
149	99	1
149	100	1
149	101	1
149	102	1
149	103	1
149	104	1
149	105	1
149	106	1
149	107	1
149	108	1
149	109	1
149	110	1
149	111	1
149	112	1
149	113	1
149	114	1
149	115	1
149	116	1
149	117	1
149	118	1
149	119	1
149	120	1
149	121	1
149	122	1
149	123	1
149	124	1
149	125	1
149	126	1
149	127	1
149	128	1
149	129	1
149	130	1
149	131	1
149	132	1
149	133	1
149	134	1
149	135	1
149	136	1
149	137	1
149	138	1
149	139	1
149	140	1
149	141	1
149	142	1
149	143	1
149	144	1
149	145	1
149	146	1
149	147	1
149	148	1
149	149	1
149	150	1
149	151	1
149	152	1
149	153	1
149	154	1
149	155	1
149	156	1
149	157	1
149	158	1
149	159	1
149	160	1
149	161	1
84	1	1
85	0	1
85	1	1
85	2	1
85	3	1
85	4	1
85	5	1
85	6	1
85	7	1
85	8	1
85	9	1
85	10	1
85	11	1
86	0	1
86	1	1
86	2	1
86	3	1
86	4	1
86	5	1
86	6	1
86	7	1
86	8	1
86	9	1
86	10	1
86	11	1
86	12	1
86	13	1
86	14	1
86	15	1
86	16	1
87	0	1
87	1	1
87	2	1
87	3	1
87	4	1
87	5	1
87	6	1
87	7	1
87	8	1
87	9	1
87	10	1
87	11	1
87	12	1
87	13	1
87	14	1
87	15	1
87	16	1
87	17	1
87	18	1
87	19	1
88	0	1
88	1	1
88	2	1
88	3	1
88	4	1
88	5	1
88	6	1
88	7	1
88	8	1
88	9	1
88	10	1
88	11	1
88	12	1
88	13	1
88	14	1
88	15	1
88	16	1
88	17	1
88	18	1
88	19	1
88	20	1
88	21	1
88	22	1
89	0	1
89	1	1
89	2	1
89	3	1
89	4	1
89	5	1
89	6	1
89	7	1
89	8	1
89	9	1
89	10	1
89	11	1
89	12	1
89	13	1
89	14	1
89	15	1
89	16	1
89	17	1
89	18	1
89	19	1
89	20	1
89	21	1
89	22	1
89	23	1
89	24	1
90	0	1
90	1	1
90	2	1
90	3	1
90	4	1
90	5	1
90	6	1
90	7	1
90	8	1
90	9	1
90	10	1
90	11	1
90	12	1
90	13	1
90	14	1
90	15	1
90	16	1
90	17	1
90	18	1
90	19	1
90	20	1
90	21	1
90	22	1
90	23	1
90	24	1
90	25	1
90	26	1
90	27	1
91	0	1
91	1	1
91	2	1
91	3	1
91	4	1
91	5	1
91	6	1
91	7	1
91	8	1
91	9	1
91	10	1
91	11	1
91	12	1
91	13	1
91	14	1
91	15	1
91	16	1
91	17	1
91	18	1
91	19	1
91	20	1
91	21	1
91	22	1
91	23	1
91	24	1
91	25	1
91	26	1
91	27	1
91	28	1
91	29	1
92	0	1
92	1	1
92	2	1
92	3	1
92	4	1
92	5	1
92	6	1
92	7	1
92	8	1
92	9	1
92	10	1
92	11	1
92	12	1
92	13	1
92	14	1
92	15	1
92	16	1
92	17	1
92	18	1
92	19	1
92	20	1
92	21	1
92	22	1
92	23	1
92	24	1
92	25	1
92	26	1
92	27	1
92	28	1
92	29	1
92	30	1
93	0	1
93	1	1
93	2	1
93	3	1
93	4	1
93	5	1
93	6	1
93	7	1
93	8	1
93	9	1
93	10	1
93	11	1
93	12	1
93	13	1
93	14	1
93	15	1
93	16	1
93	17	1
93	18	1
93	19	1
93	20	1
93	21	1
93	22	1
93	23	1
93	24	1
93	25	1
93	26	1
93	27	1
93	28	1
93	29	1
93	30	1
93	31	1
93	32	1
94	0	1
94	1	1
94	2	1
94	3	1
94	4	1
94	5	1
94	6	1
94	7	1
94	8	1
94	9	1
94	10	1
94	11	1
94	12	1
94	13	1
94	14	1
94	15	1
94	16	1
94	17	1
94	18	1
94	19	1
94	20	1
94	21	1
94	22	1
94	23	1
94	24	1
94	25	1
94	26	1
94	27	1
94	28	1
94	29	1
94	30	1
94	31	1
94	32	1
94	33	1
94	34	1
95	0	1
95	1	1
95	2	1
95	3	1
95	4	1
95	5	1
95	6	1
95	7	1
95	8	1
95	9	1
95	10	1
95	11	1
95	12	1
95	13	1
95	14	1
95	15	1
95	16	1
95	17	1
95	18	1
95	19	1
95	20	1
95	21	1
95	22	1
95	23	1
95	24	1
95	25	1
95	26	1
95	27	1
95	28	1
95	29	1
95	30	1
95	31	1
95	32	1
95	33	1
95	34	1
95	35	1
96	0	1
96	1	1
96	2	1
96	3	1
96	4	1
96	5	1
96	6	1
96	7	1
96	8	1
96	9	1
96	10	1
96	11	1
96	12	1
96	13	1
96	14	1
96	15	1
96	16	1
96	17	1
96	18	1
96	19	1
96	20	1
96	21	1
96	22	1
96	23	1
96	24	1
96	25	1
96	26	1
96	27	1
96	28	1
96	29	1
96	30	1
96	31	1
96	32	1
96	33	1
96	34	1
96	35	1
96	36	1
96	37	1
97	0	1
97	1	1
97	2	1
97	3	1
97	4	1
97	5	1
97	6	1
97	7	1
97	8	1
97	9	1
97	10	1
97	11	1
97	12	1
97	13	1
97	14	1
97	15	1
97	16	1
97	17	1
97	18	1
97	19	1
97	20	1
97	21	1
97	22	1
97	23	1
97	24	1
97	25	1
97	26	1
97	27	1
97	28	1
97	29	1
97	30	1
97	31	1
97	32	1
97	33	1
97	34	1
97	35	1
97	36	1
97	37	1
97	38	1
98	0	1
98	1	1
98	2	1
98	3	1
98	4	1
98	5	1
98	6	1
98	7	1
98	8	1
98	9	1
98	10	1
98	11	1
98	12	1
98	13	1
98	14	1
98	15	1
98	16	1
98	17	1
98	18	1
98	19	1
98	20	1
98	21	1
98	22	1
98	23	1
98	24	1
98	25	1
98	26	1
98	27	1
98	28	1
98	29	1
98	30	1
98	31	1
98	32	1
98	33	1
98	34	1
98	35	1
98	36	1
98	37	1
98	38	1
98	39	1
99	0	1
99	1	1
99	2	1
99	3	1
99	4	1
99	5	1
99	6	1
99	7	1
99	8	1
99	9	1
99	10	1
99	11	1
99	12	1
99	13	1
99	14	1
99	15	1
99	16	1
99	17	1
99	18	1
99	19	1
99	20	1
99	21	1
99	22	1
99	23	1
99	24	1
99	25	1
99	26	1
99	27	1
99	28	1
99	29	1
99	30	1
99	31	1
99	32	1
99	33	1
99	34	1
99	35	1
99	36	1
99	37	1
99	38	1
99	39	1
99	40	1
100	0	1
100	1	1
100	2	1
100	3	1
100	4	1
100	5	1
100	6	1
100	7	1
100	8	1
100	9	1
100	10	1
100	11	1
100	12	1
100	13	1
100	14	1
100	15	1
100	16	1
100	17	1
100	18	1
100	19	1
100	20	1
100	21	1
100	22	1
100	23	1
100	24	1
100	25	1
100	26	1
100	27	1
100	28	1
100	29	1
100	30	1
100	31	1
100	32	1
100	33	1
100	34	1
100	35	1
100	36	1
100	37	1
100	38	1
100	39	1
100	40	1
100	41	1
101	0	1
101	1	1
101	2	1
101	3	1
101	4	1
101	5	1
101	6	1
101	7	1
101	8	1
101	9	1
101	10	1
101	11	1
101	12	1
101	13	1
101	14	1
101	15	1
101	16	1
101	17	1
101	18	1
101	19	1
101	20	1
101	21	1
101	22	1
101	23	1
101	24	1
101	25	1
101	26	1
101	27	1
101	28	1
101	29	1
101	30	1
101	31	1
101	32	1
101	33	1
101	34	1
101	35	1
101	36	1
101	37	1
101	38	1
101	39	1
101	40	1
101	41	1
101	42	1
102	0	1
102	1	1
102	2	1
102	3	1
102	4	1
102	5	1
102	6	1
102	7	1
102	8	1
102	9	1
102	10	1
102	11	1
102	12	1
102	13	1
102	14	1
102	15	1
102	16	1
102	17	1
102	18	1
102	19	1
102	20	1
102	21	1
102	22	1
102	23	1
102	24	1
102	25	1
102	26	1
102	27	1
102	28	1
102	29	1
102	30	1
102	31	1
102	32	1
102	33	1
102	34	1
102	35	1
102	36	1
102	37	1
102	38	1
102	39	1
102	40	1
102	41	1
102	42	1
102	43	1
103	0	1
103	1	1
103	2	1
103	3	1
103	4	1
103	5	1
103	6	1
103	7	1
103	8	1
103	9	1
103	10	1
103	11	1
103	12	1
103	13	1
103	14	1
103	15	1
103	16	1
103	17	1
103	18	1
103	19	1
103	20	1
103	21	1
103	22	1
103	23	1
103	24	1
103	25	1
103	26	1
103	27	1
103	28	1
103	29	1
103	30	1
103	31	1
103	32	1
103	33	1
103	34	1
103	35	1
103	36	1
103	37	1
103	38	1
103	39	1
103	40	1
103	41	1
103	42	1
103	43	1
103	44	1
104	0	1
104	1	1
104	2	1
104	3	1
104	4	1
104	5	1
104	6	1
104	7	1
104	8	1
104	9	1
104	10	1
104	11	1
104	12	1
104	13	1
104	14	1
104	15	1
104	16	1
104	17	1
104	18	1
104	19	1
104	20	1
104	21	1
104	22	1
104	23	1
104	24	1
104	25	1
104	26	1
104	27	1
104	28	1
104	29	1
104	30	1
104	31	1
104	32	1
104	33	1
104	34	1
104	35	1
104	36	1
104	37	1
104	38	1
104	39	1
104	40	1
104	41	1
104	42	1
104	43	1
104	44	1
104	45	1
105	0	1
105	1	1
105	2	1
105	3	1
105	4	1
105	5	1
105	6	1
105	7	1
105	8	1
105	9	1
105	10	1
105	11	1
105	12	1
105	13	1
105	14	1
105	15	1
105	16	1
105	17	1
105	18	1
105	19	1
105	20	1
105	21	1
105	22	1
105	23	1
105	24	1
105	25	1
105	26	1
105	27	1
105	28	1
105	29	1
105	30	1
105	31	1
105	32	1
105	33	1
105	34	1
105	35	1
105	36	1
105	37	1
105	38	1
105	39	1
105	40	1
105	41	1
105	42	1
105	43	1
105	44	1
105	45	1
105	46	1
106	0	1
106	1	1
106	2	1
106	3	1
106	4	1
106	5	1
106	6	1
106	7	1
106	8	1
106	9	1
106	10	1
106	11	1
106	12	1
106	13	1
106	14	1
106	15	1
106	16	1
106	17	1
106	18	1
106	19	1
106	20	1
106	21	1
106	22	1
106	23	1
106	24	1
106	25	1
106	26	1
106	27	1
106	28	1
106	29	1
106	30	1
106	31	1
106	32	1
106	33	1
106	34	1
106	35	1
106	36	1
106	37	1
106	38	1
106	39	1
106	40	1
106	41	1
106	42	1
106	43	1
106	44	1
106	45	1
106	46	1
106	47	1
107	0	1
107	1	1
107	2	1
107	3	1
107	4	1
107	5	1
107	6	1
107	7	1
107	8	1
107	9	1
107	10	1
107	11	1
107	12	1
107	13	1
107	14	1
107	15	1
107	16	1
107	17	1
107	18	1
107	19	1
107	20	1
107	21	1
107	22	1
107	23	1
107	24	1
107	25	1
107	26	1
107	27	1
107	28	1
107	29	1
107	30	1
107	31	1
107	32	1
107	33	1
107	34	1
107	35	1
107	36	1
107	37	1
107	38	1
107	39	1
107	40	1
107	41	1
107	42	1
107	43	1
107	44	1
107	45	1
107	46	1
107	47	1
107	48	1
108	0	1
108	1	1
108	2	1
108	3	1
108	4	1
108	5	1
108	6	1
108	7	1
108	8	1
108	9	1
108	10	1
108	11	1
108	12	1
108	13	1
108	14	1
108	15	1
108	16	1
108	17	1
108	18	1
108	19	1
108	20	1
108	21	1
108	22	1
108	23	1
108	24	1
108	25	1
108	26	1
108	27	1
108	28	1
108	29	1
108	30	1
108	31	1
108	32	1
108	33	1
108	34	1
108	35	1
108	36	1
108	37	1
108	38	1
108	39	1
108	40	1
108	41	1
108	42	1
108	43	1
108	44	1
108	45	1
108	46	1
108	47	1
108	48	1
108	49	1
109	0	1
109	1	1
109	2	1
109	3	1
109	4	1
109	5	1
109	6	1
109	7	1
109	8	1
109	9	1
109	10	1
109	11	1
109	12	1
109	13	1
109	14	1
109	15	1
109	16	1
109	17	1
109	18	1
109	19	1
109	20	1
109	21	1
109	22	1
109	23	1
109	24	1
109	25	1
109	26	1
109	27	1
109	28	1
109	29	1
109	30	1
109	31	1
109	32	1
109	33	1
109	34	1
109	35	1
109	36	1
109	37	1
109	38	1
109	39	1
109	40	1
109	41	1
109	42	1
109	43	1
109	44	1
109	45	1
109	46	1
109	47	1
109	48	1
109	49	1
110	0	1
110	1	1
110	2	1
110	3	1
110	4	1
110	5	1
110	6	1
110	7	1
110	8	1
110	9	1
110	10	1
110	11	1
110	12	1
110	13	1
110	14	1
110	15	1
110	16	1
110	17	1
110	18	1
110	19	1
110	20	1
110	21	1
110	22	1
110	23	1
110	24	1
110	25	1
110	26	1
110	27	1
110	28	1
110	29	1
110	30	1
110	31	1
110	32	1
110	33	1
110	34	1
110	35	1
110	36	1
110	37	1
110	38	1
110	39	1
110	40	1
110	41	1
110	42	1
110	43	1
110	44	1
110	45	1
110	46	1
110	47	1
110	48	1
110	49	1
110	50	1
111	0	1
111	1	1
111	2	1
111	3	1
111	4	1
111	5	1
111	6	1
111	7	1
111	8	1
111	9	1
111	10	1
111	11	1
111	12	1
111	13	1
111	14	1
111	15	1
111	16	1
111	17	1
111	18	1
111	19	1
111	20	1
111	21	1
111	22	1
111	23	1
111	24	1
111	25	1
111	26	1
111	27	1
111	28	1
111	29	1
111	30	1
111	31	1
111	32	1
111	33	1
111	34	1
111	35	1
111	36	1
111	37	1
111	38	1
111	39	1
111	40	1
111	41	1
111	42	1
111	43	1
111	44	1
111	45	1
111	46	1
111	47	1
111	48	1
111	49	1
111	50	1
111	51	1
112	0	1
112	1	1
112	2	1
112	3	1
112	4	1
112	5	1
112	6	1
112	7	1
112	8	1
112	9	1
112	10	1
112	11	1
112	12	1
112	13	1
112	14	1
112	15	1
112	16	1
112	17	1
112	18	1
112	19	1
112	20	1
112	21	1
112	22	1
112	23	1
112	24	1
112	25	1
112	26	1
112	27	1
112	28	1
112	29	1
112	30	1
112	31	1
112	32	1
112	33	1
112	34	1
112	35	1
112	36	1
112	37	1
112	38	1
112	39	1
112	40	1
112	41	1
112	42	1
112	43	1
112	44	1
112	45	1
112	46	1
112	47	1
112	48	1
112	49	1
112	50	1
112	51	1
113	0	1
113	1	1
113	2	1
113	3	1
113	4	1
113	5	1
113	6	1
113	7	1
113	8	1
113	9	1
113	10	1
113	11	1
113	12	1
113	13	1
113	14	1
113	15	1
113	16	1
113	17	1
113	18	1
113	19	1
113	20	1
113	21	1
113	22	1
113	23	1
113	24	1
113	25	1
113	26	1
113	27	1
113	28	1
113	29	1
113	30	1
113	31	1
113	32	1
113	33	1
113	34	1
113	35	1
113	36	1
113	37	1
113	38	1
113	39	1
113	40	1
113	41	1
113	42	1
113	43	1
113	44	1
113	45	1
113	46	1
113	47	1
113	48	1
113	49	1
113	50	1
113	51	1
113	52	1
114	0	1
114	1	1
114	2	1
114	3	1
114	4	1
114	5	1
114	6	1
114	7	1
114	8	1
114	9	1
114	10	1
114	11	1
114	12	1
114	13	1
114	14	1
114	15	1
114	16	1
114	17	1
114	18	1
114	19	1
114	20	1
114	21	1
114	22	1
114	23	1
114	24	1
114	25	1
114	26	1
114	27	1
114	28	1
114	29	1
114	30	1
114	31	1
114	32	1
114	33	1
114	34	1
114	35	1
114	36	1
114	37	1
114	38	1
114	39	1
114	40	1
114	41	1
114	42	1
114	43	1
114	44	1
114	45	1
114	46	1
114	47	1
114	48	1
114	49	1
114	50	1
114	51	1
114	52	1
115	0	1
115	1	1
115	2	1
115	3	1
115	4	1
115	5	1
115	6	1
115	7	1
115	8	1
115	9	1
115	10	1
115	11	1
115	12	1
115	13	1
115	14	1
115	15	1
115	16	1
115	17	1
115	18	1
115	19	1
115	20	1
115	21	1
115	22	1
115	23	1
115	24	1
115	25	1
115	26	1
115	27	1
115	28	1
115	29	1
115	30	1
115	31	1
115	32	1
115	33	1
115	34	1
115	35	1
115	36	1
115	37	1
115	38	1
115	39	1
115	40	1
115	41	1
115	42	1
115	43	1
115	44	1
115	45	1
115	46	1
115	47	1
115	48	1
115	49	1
115	50	1
115	51	1
115	52	1
115	53	1
116	0	1
116	1	1
116	2	1
116	3	1
116	4	1
116	5	1
116	6	1
116	7	1
116	8	1
116	9	1
116	10	1
116	11	1
116	12	1
116	13	1
116	14	1
116	15	1
116	16	1
116	17	1
116	18	1
116	19	1
116	20	1
116	21	1
116	22	1
116	23	1
116	24	1
116	25	1
116	26	1
116	27	1
116	28	1
116	29	1
116	30	1
116	31	1
116	32	1
116	33	1
116	34	1
116	35	1
116	36	1
116	37	1
116	38	1
116	39	1
116	40	1
116	41	1
116	42	1
116	43	1
116	44	1
116	45	1
116	46	1
116	47	1
116	48	1
116	49	1
116	50	1
116	51	1
116	52	1
116	53	1
116	54	1
117	0	1
117	1	1
117	2	1
117	3	1
117	4	1
117	5	1
117	6	1
117	7	1
117	8	1
117	9	1
117	10	1
117	11	1
117	12	1
117	13	1
117	14	1
117	15	1
117	16	1
117	17	1
117	18	1
117	19	1
117	20	1
117	21	1
117	22	1
117	23	1
117	24	1
117	25	1
117	26	1
117	27	1
117	28	1
117	29	1
117	30	1
117	31	1
117	32	1
117	33	1
117	34	1
117	35	1
117	36	1
117	37	1
117	38	1
117	39	1
117	40	1
117	41	1
117	42	1
117	43	1
117	44	1
117	45	1
117	46	1
117	47	1
117	48	1
117	49	1
117	50	1
117	51	1
117	52	1
117	53	1
117	54	1
118	0	1
118	1	1
118	2	1
118	3	1
118	4	1
118	5	1
118	6	1
118	7	1
118	8	1
118	9	1
118	10	1
118	11	1
118	12	1
118	13	1
118	14	1
118	15	1
118	16	1
118	17	1
118	18	1
118	19	1
118	20	1
118	21	1
118	22	1
118	23	1
118	24	1
118	25	1
118	26	1
118	27	1
118	28	1
118	29	1
118	30	1
118	31	1
118	32	1
118	33	1
118	34	1
118	35	1
118	36	1
118	37	1
118	38	1
118	39	1
118	40	1
118	41	1
118	42	1
118	43	1
118	44	1
118	45	1
118	46	1
118	47	1
118	48	1
118	49	1
118	50	1
118	51	1
118	52	1
118	53	1
118	54	1
118	55	1
119	0	1
119	1	1
119	2	1
119	3	1
119	4	1
119	5	1
119	6	1
119	7	1
119	8	1
119	9	1
119	10	1
119	11	1
119	12	1
119	13	1
119	14	1
119	15	1
119	16	1
119	17	1
119	18	1
119	19	1
119	20	1
119	21	1
119	22	1
119	23	1
119	24	1
119	25	1
119	26	1
119	27	1
119	28	1
119	29	1
119	30	1
119	31	1
119	32	1
119	33	1
119	34	1
119	35	1
119	36	1
119	37	1
119	38	1
119	39	1
119	40	1
119	41	1
119	42	1
119	43	1
119	44	1
119	45	1
119	46	1
119	47	1
119	48	1
119	49	1
119	50	1
119	51	1
119	52	1
119	53	1
119	54	1
119	55	1
120	0	1
120	1	1
120	2	1
120	3	1
120	4	1
120	5	1
120	6	1
120	7	1
120	8	1
120	9	1
120	10	1
120	11	1
120	12	1
120	13	1
120	14	1
120	15	1
120	16	1
120	17	1
120	18	1
120	19	1
120	20	1
120	21	1
120	22	1
120	23	1
120	24	1
120	25	1
120	26	1
120	27	1
120	28	1
120	29	1
120	30	1
120	31	1
120	32	1
120	33	1
120	34	1
120	35	1
120	36	1
120	37	1
120	38	1
120	39	1
120	40	1
120	41	1
120	42	1
120	43	1
120	44	1
120	45	1
120	46	1
120	47	1
120	48	1
120	49	1
120	50	1
120	51	1
120	52	1
120	53	1
120	54	1
120	55	1
121	0	1
121	1	1
121	2	1
121	3	1
121	4	1
121	5	1
121	6	1
121	7	1
121	8	1
121	9	1
121	10	1
121	11	1
121	12	1
121	13	1
121	14	1
121	15	1
121	16	1
121	17	1
121	18	1
121	19	1
121	20	1
121	21	1
121	22	1
121	23	1
121	24	1
121	25	1
121	26	1
121	27	1
121	28	1
121	29	1
121	30	1
121	31	1
121	32	1
121	33	1
121	34	1
121	35	1
121	36	1
121	37	1
121	38	1
121	39	1
121	40	1
121	41	1
121	42	1
121	43	1
121	44	1
121	45	1
121	46	1
121	47	1
121	48	1
121	49	1
121	50	1
121	51	1
121	52	1
121	53	1
121	54	1
121	55	1
121	56	1
122	0	1
122	1	1
122	2	1
122	3	1
122	4	1
122	5	1
122	6	1
122	7	1
122	8	1
122	9	1
122	10	1
122	11	1
122	12	1
122	13	1
122	14	1
122	15	1
122	16	1
122	17	1
122	18	1
122	19	1
122	20	1
122	21	1
122	22	1
122	23	1
122	24	1
122	25	1
122	26	1
122	27	1
122	28	1
122	29	1
122	30	1
122	31	1
122	32	1
122	33	1
122	34	1
122	35	1
122	36	1
122	37	1
122	38	1
122	39	1
122	40	1
122	41	1
122	42	1
122	43	1
122	44	1
122	45	1
122	46	1
122	47	1
122	48	1
122	49	1
122	50	1
122	51	1
122	52	1
122	53	1
122	54	1
122	55	1
122	56	1
123	0	1
123	1	1
123	2	1
123	3	1
123	4	1
123	5	1
123	6	1
123	7	1
123	8	1
123	9	1
123	10	1
123	11	1
123	12	1
123	13	1
123	14	1
123	15	1
123	16	1
123	17	1
123	18	1
123	19	1
123	20	1
123	21	1
123	22	1
123	23	1
123	24	1
123	25	1
123	26	1
123	27	1
123	28	1
123	29	1
123	30	1
123	31	1
123	32	1
123	33	1
123	34	1
123	35	1
123	36	1
123	37	1
123	38	1
123	39	1
123	40	1
123	41	1
123	42	1
123	43	1
123	44	1
123	45	1
123	46	1
123	47	1
123	48	1
123	49	1
123	50	1
123	51	1
123	52	1
123	53	1
123	54	1
123	55	1
123	56	1
123	57	1
124	0	1
124	1	1
124	2	1
124	3	1
124	4	1
124	5	1
124	6	1
124	7	1
124	8	1
124	9	1
124	10	1
124	11	1
124	12	1
124	13	1
124	14	1
124	15	1
124	16	1
124	17	1
124	18	1
124	19	1
124	20	1
124	21	1
124	22	1
124	23	1
124	24	1
124	25	1
124	26	1
124	27	1
124	28	1
124	29	1
124	30	1
124	31	1
124	32	1
124	33	1
124	34	1
124	35	1
124	36	1
124	37	1
124	38	1
124	39	1
124	40	1
124	41	1
124	42	1
124	43	1
124	44	1
124	45	1
124	46	1
124	47	1
124	48	1
124	49	1
124	50	1
124	51	1
124	52	1
124	53	1
124	54	1
124	55	1
124	56	1
124	57	1
125	0	1
125	1	1
125	2	1
125	3	1
125	4	1
125	5	1
125	6	1
125	7	1
125	8	1
125	9	1
125	10	1
125	11	1
125	12	1
125	13	1
125	14	1
125	15	1
125	16	1
125	17	1
125	18	1
125	19	1
125	20	1
125	21	1
125	22	1
125	23	1
125	24	1
125	25	1
125	26	1
125	27	1
125	28	1
125	29	1
125	30	1
125	31	1
125	32	1
125	33	1
125	34	1
125	35	1
125	36	1
125	37	1
125	38	1
125	39	1
125	40	1
125	41	1
125	42	1
125	43	1
125	44	1
125	45	1
125	46	1
125	47	1
125	48	1
125	49	1
125	50	1
125	51	1
125	52	1
125	53	1
125	54	1
125	55	1
125	56	1
125	57	1
126	0	1
126	1	1
126	2	1
126	3	1
126	4	1
126	5	1
126	6	1
126	7	1
126	8	1
126	9	1
126	10	1
126	11	1
126	12	1
126	13	1
126	14	1
126	15	1
126	16	1
126	17	1
126	18	1
126	19	1
126	20	1
126	21	1
126	22	1
126	23	1
126	24	1
126	25	1
126	26	1
126	27	1
126	28	1
126	29	1
126	30	1
126	31	1
126	32	1
126	33	1
126	34	1
126	35	1
126	36	1
126	37	1
126	38	1
126	39	1
126	40	1
126	41	1
126	42	1
126	43	1
126	44	1
126	45	1
126	46	1
126	47	1
126	48	1
126	49	1
126	50	1
126	51	1
126	52	1
126	53	1
126	54	1
126	55	1
126	56	1
126	57	1
126	58	1
127	0	1
127	1	1
127	2	1
127	3	1
127	4	1
127	5	1
127	6	1
127	7	1
127	8	1
127	9	1
127	10	1
127	11	1
127	12	1
127	13	1
127	14	1
127	15	1
127	16	1
127	17	1
127	18	1
127	19	1
127	20	1
127	21	1
127	22	1
127	23	1
127	24	1
127	25	1
127	26	1
127	27	1
127	28	1
127	29	1
127	30	1
127	31	1
127	32	1
127	33	1
127	34	1
127	35	1
127	36	1
127	37	1
127	38	1
127	39	1
127	40	1
127	41	1
127	42	1
127	43	1
127	44	1
127	45	1
127	46	1
127	47	1
127	48	1
127	49	1
127	50	1
127	51	1
127	52	1
127	53	1
127	54	1
127	55	1
127	56	1
127	57	1
127	58	1
128	0	1
128	1	1
128	2	1
128	3	1
128	4	1
128	5	1
128	6	1
128	7	1
128	8	1
128	9	1
128	10	1
128	11	1
128	12	1
128	13	1
128	14	1
128	15	1
128	16	1
128	17	1
128	18	1
128	19	1
128	20	1
128	21	1
128	22	1
128	23	1
128	24	1
128	25	1
128	26	1
128	27	1
128	28	1
128	29	1
128	30	1
128	31	1
128	32	1
128	33	1
128	34	1
128	35	1
128	36	1
128	37	1
128	38	1
128	39	1
128	40	1
128	41	1
128	42	1
128	43	1
128	44	1
128	45	1
128	46	1
128	47	1
128	48	1
128	49	1
128	50	1
128	51	1
128	52	1
128	53	1
128	54	1
128	55	1
128	56	1
128	57	1
128	58	1
129	0	1
129	1	1
129	2	1
129	3	1
129	4	1
129	5	1
129	6	1
129	7	1
129	8	1
129	9	1
129	10	1
129	11	1
129	12	1
129	13	1
129	14	1
129	15	1
129	16	1
129	17	1
129	18	1
129	19	1
129	20	1
129	21	1
129	22	1
129	23	1
129	24	1
129	25	1
129	26	1
129	27	1
129	28	1
129	29	1
129	30	1
129	31	1
129	32	1
129	33	1
129	34	1
129	35	1
129	36	1
129	37	1
129	38	1
129	39	1
129	40	1
129	41	1
129	42	1
129	43	1
129	44	1
129	45	1
129	46	1
129	47	1
129	48	1
129	49	1
129	50	1
129	51	1
129	52	1
129	53	1
129	54	1
129	55	1
129	56	1
129	57	1
129	58	1
129	59	1
130	0	1
130	1	1
130	2	1
130	3	1
130	4	1
130	5	1
130	6	1
130	7	1
130	8	1
130	9	1
130	10	1
130	11	1
130	12	1
130	13	1
130	14	1
130	15	1
130	16	1
130	17	1
130	18	1
130	19	1
130	20	1
130	21	1
130	22	1
130	23	1
130	24	1
130	25	1
130	26	1
130	27	1
130	28	1
130	29	1
130	30	1
130	31	1
130	32	1
130	33	1
130	34	1
130	35	1
130	36	1
130	37	1
130	38	1
130	39	1
130	40	1
130	41	1
130	42	1
130	43	1
130	44	1
130	45	1
130	46	1
130	47	1
130	48	1
130	49	1
130	50	1
130	51	1
130	52	1
130	53	1
130	54	1
130	55	1
130	56	1
130	57	1
130	58	1
130	59	1
131	0	1
131	1	1
131	2	1
131	3	1
131	4	1
131	5	1
131	6	1
131	7	1
131	8	1
131	9	1
131	10	1
131	11	1
131	12	1
131	13	1
131	14	1
131	15	1
131	16	1
131	17	1
131	18	1
131	19	1
131	20	1
131	21	1
131	22	1
131	23	1
131	24	1
131	25	1
131	26	1
131	27	1
131	28	1
131	29	1
131	30	1
131	31	1
131	32	1
131	33	1
131	34	1
131	35	1
131	36	1
131	37	1
131	38	1
131	39	1
131	40	1
131	41	1
131	42	1
131	43	1
131	44	1
131	45	1
131	46	1
131	47	1
131	48	1
131	49	1
131	50	1
131	51	1
131	52	1
131	53	1
131	54	1
131	55	1
131	56	1
131	57	1
131	58	1
131	59	1
132	0	1
132	1	1
132	2	1
132	3	1
132	4	1
132	5	1
132	6	1
132	7	1
132	8	1
132	9	1
132	10	1
132	11	1
132	12	1
132	13	1
132	14	1
132	15	1
132	16	1
132	17	1
132	18	1
132	19	1
132	20	1
132	21	1
132	22	1
132	23	1
132	24	1
132	25	1
132	26	1
132	27	1
132	28	1
132	29	1
132	30	1
132	31	1
132	32	1
132	33	1
132	34	1
132	35	1
132	36	1
132	37	1
132	38	1
132	39	1
132	40	1
132	41	1
132	42	1
132	43	1
132	44	1
132	45	1
132	46	1
132	47	1
132	48	1
132	49	1
132	50	1
132	51	1
132	52	1
132	53	1
132	54	1
132	55	1
132	56	1
132	57	1
132	58	1
132	59	1
133	0	1
133	1	1
133	2	1
133	3	1
133	4	1
133	5	1
133	6	1
133	7	1
133	8	1
133	9	1
133	10	1
133	11	1
133	12	1
133	13	1
133	14	1
133	15	1
133	16	1
133	17	1
133	18	1
133	19	1
133	20	1
133	21	1
133	22	1
133	23	1
133	24	1
133	25	1
133	26	1
133	27	1
133	28	1
133	29	1
133	30	1
133	31	1
133	32	1
133	33	1
133	34	1
133	35	1
133	36	1
133	37	1
133	38	1
133	39	1
133	40	1
133	41	1
133	42	1
133	43	1
133	44	1
133	45	1
133	46	1
133	47	1
133	48	1
133	49	1
133	50	1
133	51	1
133	52	1
133	53	1
133	54	1
133	55	1
133	56	1
133	57	1
133	58	1
133	59	1
134	0	1
134	1	1
134	2	1
134	3	1
134	4	1
134	5	1
134	6	1
134	7	1
134	8	1
134	9	1
134	10	1
134	11	1
134	12	1
134	13	1
134	14	1
134	15	1
134	16	1
134	17	1
134	18	1
134	19	1
134	20	1
134	21	1
134	22	1
134	23	1
134	24	1
134	25	1
134	26	1
134	27	1
134	28	1
134	29	1
134	30	1
134	31	1
134	32	1
134	33	1
134	34	1
134	35	1
134	36	1
134	37	1
134	38	1
134	39	1
134	40	1
134	41	1
134	42	1
134	43	1
134	44	1
134	45	1
134	46	1
134	47	1
134	48	1
134	49	1
134	50	1
134	51	1
134	52	1
134	53	1
134	54	1
134	55	1
134	56	1
134	57	1
134	58	1
134	59	1
134	60	1
135	0	1
135	1	1
135	2	1
135	3	1
135	4	1
135	5	1
135	6	1
135	7	1
135	8	1
135	9	1
135	10	1
135	11	1
135	12	1
135	13	1
135	14	1
135	15	1
135	16	1
135	17	1
135	18	1
135	19	1
135	20	1
135	21	1
135	22	1
135	23	1
135	24	1
135	25	1
135	26	1
135	27	1
135	28	1
135	29	1
135	30	1
135	31	1
135	32	1
135	33	1
135	34	1
135	35	1
135	36	1
135	37	1
135	38	1
135	39	1
135	40	1
135	41	1
135	42	1
135	43	1
135	44	1
135	45	1
135	46	1
135	47	1
135	48	1
135	49	1
135	50	1
135	51	1
135	52	1
135	53	1
135	54	1
135	55	1
135	56	1
135	57	1
135	58	1
135	59	1
135	60	1
136	0	1
136	1	1
136	2	1
136	3	1
136	4	1
136	5	1
136	6	1
136	7	1
136	8	1
136	9	1
136	10	1
136	11	1
136	12	1
136	13	1
136	14	1
136	15	1
136	16	1
136	17	1
136	18	1
136	19	1
136	20	1
136	21	1
136	22	1
136	23	1
136	24	1
136	25	1
136	26	1
136	27	1
136	28	1
136	29	1
136	30	1
136	31	1
136	32	1
136	33	1
136	34	1
136	35	1
136	36	1
136	37	1
136	38	1
136	39	1
136	40	1
136	41	1
136	42	1
136	43	1
136	44	1
136	45	1
136	46	1
136	47	1
136	48	1
136	49	1
136	50	1
136	51	1
136	52	1
136	53	1
136	54	1
136	55	1
136	56	1
136	57	1
136	58	1
136	59	1
136	60	1
137	0	1
137	1	1
137	2	1
137	3	1
137	4	1
137	5	1
137	6	1
137	7	1
137	8	1
137	9	1
137	10	1
137	11	1
137	12	1
137	13	1
137	14	1
137	15	1
137	16	1
137	17	1
137	18	1
137	19	1
137	20	1
137	21	1
137	22	1
137	23	1
137	24	1
137	25	1
137	26	1
137	27	1
137	28	1
137	29	1
137	30	1
137	31	1
137	32	1
137	33	1
137	34	1
137	35	1
137	36	1
137	37	1
137	38	1
137	39	1
137	40	1
137	41	1
137	42	1
137	43	1
137	44	1
137	45	1
137	46	1
137	47	1
137	48	1
137	49	1
137	50	1
137	51	1
137	52	1
137	53	1
137	54	1
137	55	1
137	56	1
137	57	1
137	58	1
137	59	1
137	60	1
138	0	1
138	1	1
138	2	1
138	3	1
138	4	1
138	5	1
138	6	1
138	7	1
138	8	1
138	9	1
138	10	1
138	11	1
138	12	1
138	13	1
138	14	1
138	15	1
138	16	1
138	17	1
138	18	1
138	19	1
138	20	1
138	21	1
138	22	1
138	23	1
138	24	1
138	25	1
138	26	1
138	27	1
138	28	1
138	29	1
138	30	1
138	31	1
138	32	1
138	33	1
138	34	1
138	35	1
138	36	1
138	37	1
138	38	1
138	39	1
138	40	1
138	41	1
138	42	1
138	43	1
138	44	1
138	45	1
138	46	1
138	47	1
138	48	1
138	49	1
138	50	1
138	51	1
138	52	1
138	53	1
138	54	1
138	55	1
138	56	1
138	57	1
138	58	1
138	59	1
138	60	1
139	0	1
139	1	1
139	2	1
139	3	1
139	4	1
139	5	1
139	6	1
139	7	1
139	8	1
139	9	1
139	10	1
139	11	1
139	12	1
139	13	1
139	14	1
139	15	1
139	16	1
139	17	1
139	18	1
139	19	1
139	20	1
139	21	1
139	22	1
139	23	1
139	24	1
139	25	1
139	26	1
139	27	1
139	28	1
139	29	1
139	30	1
139	31	1
139	32	1
139	33	1
139	34	1
139	35	1
139	36	1
139	37	1
139	38	1
139	39	1
139	40	1
139	41	1
139	42	1
139	43	1
139	44	1
139	45	1
139	46	1
139	47	1
139	48	1
139	49	1
139	50	1
139	51	1
139	52	1
139	53	1
139	54	1
139	55	1
139	56	1
139	57	1
139	58	1
139	59	1
139	60	1
140	0	1
140	1	1
140	2	1
140	3	1
140	4	1
140	5	1
140	6	1
140	7	1
140	8	1
140	9	1
140	10	1
140	11	1
140	12	1
140	13	1
140	14	1
140	15	1
140	16	1
140	17	1
140	18	1
140	19	1
140	20	1
140	21	1
140	22	1
140	23	1
140	24	1
140	25	1
140	26	1
140	27	1
140	28	1
140	29	1
140	30	1
140	31	1
140	32	1
140	33	1
140	34	1
140	35	1
140	36	1
140	37	1
140	38	1
140	39	1
140	40	1
140	41	1
140	42	1
140	43	1
140	44	1
140	45	1
140	46	1
140	47	1
140	48	1
140	49	1
140	50	1
140	51	1
140	52	1
140	53	1
140	54	1
140	55	1
140	56	1
140	57	1
140	58	1
140	59	1
140	60	1
141	0	1
141	1	1
141	2	1
141	3	1
141	4	1
141	5	1
141	6	1
141	7	1
141	8	1
141	9	1
141	10	1
141	11	1
141	12	1
141	13	1
141	14	1
141	15	1
141	16	1
141	17	1
141	18	1
141	19	1
141	20	1
141	21	1
141	22	1
141	23	1
141	24	1
141	25	1
141	26	1
141	27	1
141	28	1
141	29	1
141	30	1
141	31	1
141	32	1
141	33	1
141	34	1
141	35	1
141	36	1
141	37	1
141	38	1
141	39	1
141	40	1
141	41	1
141	42	1
141	43	1
141	44	1
141	45	1
141	46	1
141	47	1
141	48	1
141	49	1
141	50	1
141	51	1
141	52	1
141	53	1
141	54	1
141	55	1
141	56	1
141	57	1
141	58	1
141	59	1
141	60	1
142	0	1
142	1	1
142	2	1
142	3	1
142	4	1
142	5	1
142	6	1
142	7	1
142	8	1
142	9	1
142	10	1
142	11	1
142	12	1
142	13	1
142	14	1
142	15	1
142	16	1
142	17	1
142	18	1
142	19	1
142	20	1
142	21	1
142	22	1
142	23	1
142	24	1
142	25	1
142	26	1
142	27	1
142	28	1
142	29	1
142	30	1
142	31	1
142	32	1
142	33	1
142	34	1
142	35	1
142	36	1
142	37	1
142	38	1
142	39	1
142	40	1
142	41	1
142	42	1
142	43	1
142	44	1
142	45	1
142	46	1
142	47	1
142	48	1
142	49	1
142	50	1
142	51	1
142	52	1
142	53	1
142	54	1
142	55	1
142	56	1
142	57	1
142	58	1
142	59	1
142	60	1
143	0	1
143	1	1
143	2	1
143	3	1
143	4	1
143	5	1
143	6	1
143	7	1
143	8	1
143	9	1
143	10	1
143	11	1
143	12	1
143	13	1
143	14	1
143	15	1
143	16	1
143	17	1
143	18	1
143	19	1
143	20	1
143	21	1
143	22	1
143	23	1
143	24	1
143	25	1
143	26	1
143	27	1
143	28	1
143	29	1
143	30	1
143	31	1
143	32	1
143	33	1
143	34	1
143	35	1
143	36	1
143	37	1
143	38	1
143	39	1
143	40	1
143	41	1
143	42	1
143	43	1
143	44	1
143	45	1
143	46	1
143	47	1
143	48	1
143	49	1
143	50	1
143	51	1
143	52	1
143	53	1
143	54	1
143	55	1
143	56	1
143	57	1
143	58	1
143	59	1
143	60	1
144	0	1
144	1	1
144	2	1
144	3	1
144	4	1
144	5	1
144	6	1
144	7	1
144	8	1
144	9	1
144	10	1
144	11	1
144	12	1
144	13	1
144	14	1
144	15	1
144	16	1
144	17	1
144	18	1
144	19	1
144	20	1
144	21	1
144	22	1
144	23	1
144	24	1
144	25	1
144	26	1
144	27	1
144	28	1
144	29	1
144	30	1
144	31	1
144	32	1
144	33	1
144	34	1
144	35	1
144	36	1
144	37	1
144	38	1
144	39	1
144	40	1
144	41	1
144	42	1
144	43	1
144	44	1
144	45	1
144	46	1
144	47	1
144	48	1
144	49	1
144	50	1
144	51	1
144	52	1
144	53	1
144	54	1
144	55	1
144	56	1
144	57	1
144	58	1
144	59	1
144	60	1
144	61	1
145	0	1
145	1	1
145	2	1
145	3	1
145	4	1
145	5	1
145	6	1
145	7	1
145	8	1
145	9	1
145	10	1
145	11	1
145	12	1
145	13	1
145	14	1
145	15	1
145	16	1
145	17	1
145	18	1
145	19	1
145	20	1
145	21	1
145	22	1
145	23	1
145	24	1
145	25	1
145	26	1
145	27	1
145	28	1
145	29	1
145	30	1
145	31	1
145	32	1
145	33	1
145	34	1
145	35	1
145	36	1
145	37	1
145	38	1
145	39	1
145	40	1
145	41	1
145	42	1
145	43	1
145	44	1
145	45	1
145	46	1
145	47	1
145	48	1
145	49	1
145	50	1
145	51	1
145	52	1
145	53	1
145	54	1
145	55	1
145	56	1
145	57	1
145	58	1
145	59	1
145	60	1
146	0	1
146	1	1
146	2	1
146	3	1
146	4	1
146	5	1
146	6	1
146	7	1
146	8	1
146	9	1
146	10	1
146	11	1
146	12	1
146	13	1
146	14	1
146	15	1
146	16	1
146	17	1
146	18	1
146	19	1
146	20	1
146	21	1
146	22	1
146	23	1
146	24	1
146	25	1
146	26	1
146	27	1
146	28	1
146	29	1
146	30	1
146	31	1
146	32	1
146	33	1
146	34	1
146	35	1
146	36	1
146	37	1
146	38	1
146	39	1
146	40	1
146	41	1
146	42	1
146	43	1
146	44	1
146	45	1
146	46	1
146	47	1
146	48	1
146	49	1
146	50	1
146	51	1
146	52	1
146	53	1
146	54	1
146	55	1
146	56	1
146	57	1
146	58	1
146	59	1
146	60	1
147	0	1
147	1	1
147	2	1
147	3	1
147	4	1
147	5	1
147	6	1
147	7	1
147	8	1
147	9	1
147	10	1
147	11	1
147	12	1
147	13	1
147	14	1
147	15	1
147	16	1
147	17	1
147	18	1
147	19	1
147	20	1
147	21	1
147	22	1
147	23	1
147	24	1
147	25	1
147	26	1
147	27	1
147	28	1
147	29	1
147	30	1
147	31	1
147	32	1
147	33	1
147	34	1
147	35	1
147	36	1
147	37	1
147	38	1
147	39	1
147	40	1
147	41	1
147	42	1
147	43	1
147	44	1
147	45	1
147	46	1
147	47	1
147	48	1
147	49	1
147	50	1
147	51	1
147	52	1
147	53	1
147	54	1
147	55	1
147	56	1
147	57	1
147	58	1
147	59	1
147	60	1
148	0	1
148	1	1
148	2	1
148	3	1
148	4	1
148	5	1
148	6	1
148	7	1
148	8	1
148	9	1
148	10	1
148	11	1
148	12	1
148	13	1
148	14	1
148	15	1
148	16	1
148	17	1
148	18	1
148	19	1
148	20	1
148	21	1
148	22	1
148	23	1
148	24	1
148	25	1
148	26	1
148	27	1
148	28	1
148	29	1
148	30	1
148	31	1
148	32	1
148	33	1
148	34	1
148	35	1
148	36	1
148	37	1
148	38	1
148	39	1
148	40	1
148	41	1
148	42	1
148	43	1
148	44	1
148	45	1
148	46	1
148	47	1
148	48	1
148	49	1
148	50	1
148	51	1
148	52	1
148	53	1
148	54	1
148	55	1
148	56	1
148	57	1
148	58	1
148	59	1
148	60	1
149	0	1
149	1	1
149	2	1
149	3	1
149	4	1
149	5	1
149	6	1
149	7	1
149	8	1
149	9	1
149	10	1
149	11	1
149	12	1
149	13	1
149	14	1
149	15	1
149	16	1
149	17	1
149	18	1
149	19	1
149	20	1
149	21	1
149	22	1
149	23	1
149	24	1
149	25	1
149	26	1
149	27	1
149	28	1
149	29	1
149	30	1
149	31	1
149	32	1
149	33	1
149	34	1
149	35	1
149	36	1
149	37	1
149	38	1
149	39	1
149	40	1
149	41	1
149	42	1
149	43	1
149	44	1
149	45	1
149	46	1
149	47	1
149	48	1
149	49	1
149	50	1
149	51	1
149	52	1
149	53	1
149	54	1
149	55	1
149	56	1
149	57	1
149	58	1
149	59	1
149	60	1
