pix_x	pix_y	Flag
61	18	1
62	17	1
62	18	1
62	19	1
63	16	1
63	17	1
63	18	1
63	19	1
63	20	1
64	17	1
64	18	1
64	19	1
65	18	1
41	90	1
42	88	1
42	89	1
42	90	1
42	91	1
42	92	1
43	88	1
43	89	1
43	90	1
43	91	1
43	92	1
44	87	1
44	88	1
44	89	1
44	90	1
44	91	1
44	92	1
44	93	1
45	88	1
45	89	1
45	90	1
45	91	1
45	92	1
46	88	1
46	89	1
46	90	1
46	91	1
46	92	1
47	90	1
34	113	1
35	111	1
35	112	1
35	113	1
35	114	1
35	115	1
36	111	1
36	112	1
36	113	1
36	114	1
36	115	1
37	110	1
37	111	1
37	112	1
37	113	1
37	114	1
37	115	1
37	116	1
38	111	1
38	112	1
38	113	1
38	114	1
38	115	1
39	111	1
39	112	1
39	113	1
39	114	1
39	115	1
40	113	1
