pix_x	pix_y	Flag
10	61	1
11	58	1
11	59	1
11	60	1
11	61	1
11	62	1
11	63	1
11	64	1
12	57	1
12	58	1
12	59	1
12	60	1
12	61	1
12	62	1
12	63	1
12	64	1
12	65	1
13	57	1
13	58	1
13	59	1
13	60	1
13	61	1
13	62	1
13	63	1
13	64	1
13	65	1
14	57	1
14	58	1
14	59	1
14	60	1
14	61	1
14	62	1
14	63	1
14	64	1
14	65	1
15	56	1
15	57	1
15	58	1
15	59	1
15	60	1
15	61	1
15	62	1
15	63	1
15	64	1
15	65	1
15	66	1
16	57	1
16	58	1
16	59	1
16	60	1
16	61	1
16	62	1
16	63	1
16	64	1
16	65	1
17	57	1
17	58	1
17	59	1
17	60	1
17	61	1
17	62	1
17	63	1
17	64	1
17	65	1
18	57	1
18	58	1
18	59	1
18	60	1
18	61	1
18	62	1
18	63	1
18	64	1
18	65	1
19	58	1
19	59	1
19	60	1
19	61	1
19	62	1
19	63	1
19	64	1
20	61	1
113	125	1
114	121	1
114	122	1
114	123	1
114	124	1
114	125	1
114	126	1
114	127	1
114	128	1
114	129	1
115	119	1
115	120	1
115	121	1
115	122	1
115	123	1
115	124	1
115	125	1
115	126	1
115	127	1
115	128	1
115	129	1
115	130	1
115	131	1
116	118	1
116	119	1
116	120	1
116	121	1
116	122	1
116	123	1
116	124	1
116	125	1
116	126	1
116	127	1
116	128	1
116	129	1
116	130	1
116	131	1
116	132	1
117	117	1
117	118	1
117	119	1
117	120	1
117	121	1
117	122	1
117	123	1
117	124	1
117	125	1
117	126	1
117	127	1
117	128	1
117	129	1
117	130	1
117	131	1
117	132	1
117	133	1
118	117	1
118	118	1
118	119	1
118	120	1
118	121	1
118	122	1
118	123	1
118	124	1
118	125	1
118	126	1
118	127	1
118	128	1
118	129	1
118	130	1
118	131	1
118	132	1
118	133	1
119	116	1
119	117	1
119	118	1
119	119	1
119	120	1
119	121	1
119	122	1
119	123	1
119	124	1
119	125	1
119	126	1
119	127	1
119	128	1
119	129	1
119	130	1
119	131	1
119	132	1
119	133	1
119	134	1
120	116	1
120	117	1
120	118	1
120	119	1
120	120	1
120	121	1
120	122	1
120	123	1
120	124	1
120	125	1
120	126	1
120	127	1
120	128	1
120	129	1
120	130	1
120	131	1
120	132	1
120	133	1
120	134	1
121	116	1
121	117	1
121	118	1
121	119	1
121	120	1
121	121	1
121	122	1
121	123	1
121	124	1
121	125	1
121	126	1
121	127	1
121	128	1
121	129	1
121	130	1
121	131	1
121	132	1
121	133	1
121	134	1
122	116	1
122	117	1
122	118	1
122	119	1
122	120	1
122	121	1
122	122	1
122	123	1
122	124	1
122	125	1
122	126	1
122	127	1
122	128	1
122	129	1
122	130	1
122	131	1
122	132	1
122	133	1
122	134	1
123	115	1
123	116	1
123	117	1
123	118	1
123	119	1
123	120	1
123	121	1
123	122	1
123	123	1
123	124	1
123	125	1
123	126	1
123	127	1
123	128	1
123	129	1
123	130	1
123	131	1
123	132	1
123	133	1
123	134	1
123	135	1
124	116	1
124	117	1
124	118	1
124	119	1
124	120	1
124	121	1
124	122	1
124	123	1
124	124	1
124	125	1
124	126	1
124	127	1
124	128	1
124	129	1
124	130	1
124	131	1
124	132	1
124	133	1
124	134	1
125	116	1
125	117	1
125	118	1
125	119	1
125	120	1
125	121	1
125	122	1
125	123	1
125	124	1
125	125	1
125	126	1
125	127	1
125	128	1
125	129	1
125	130	1
125	131	1
125	132	1
125	133	1
125	134	1
126	116	1
126	117	1
126	118	1
126	119	1
126	120	1
126	121	1
126	122	1
126	123	1
126	124	1
126	125	1
126	126	1
126	127	1
126	128	1
126	129	1
126	130	1
126	131	1
126	132	1
126	133	1
126	134	1
127	116	1
127	117	1
127	118	1
127	119	1
127	120	1
127	121	1
127	122	1
127	123	1
127	124	1
127	125	1
127	126	1
127	127	1
127	128	1
127	129	1
127	130	1
127	131	1
127	132	1
127	133	1
127	134	1
128	117	1
128	118	1
128	119	1
128	120	1
128	121	1
128	122	1
128	123	1
128	124	1
128	125	1
128	126	1
128	127	1
128	128	1
128	129	1
128	130	1
128	131	1
128	132	1
128	133	1
129	117	1
129	118	1
129	119	1
129	120	1
129	121	1
129	122	1
129	123	1
129	124	1
129	125	1
129	126	1
129	127	1
129	128	1
129	129	1
129	130	1
129	131	1
129	132	1
129	133	1
130	118	1
130	119	1
130	120	1
130	121	1
130	122	1
130	123	1
130	124	1
130	125	1
130	126	1
130	127	1
130	128	1
130	129	1
130	130	1
130	131	1
130	132	1
131	119	1
131	120	1
131	121	1
131	122	1
131	123	1
131	124	1
131	125	1
131	126	1
131	127	1
131	128	1
131	129	1
131	130	1
131	131	1
132	121	1
132	122	1
132	123	1
132	124	1
132	125	1
132	126	1
132	127	1
132	128	1
132	129	1
133	125	1
