pix_x	pix_y	Flag
69	149	1
70	139	1
70	140	1
70	141	1
70	142	1
70	143	1
70	144	1
70	145	1
70	146	1
70	147	1
70	148	1
70	149	1
70	150	1
70	151	1
70	152	1
70	153	1
70	154	1
70	155	1
70	156	1
70	157	1
70	158	1
70	159	1
71	134	1
71	135	1
71	136	1
71	137	1
71	138	1
71	139	1
71	140	1
71	141	1
71	142	1
71	143	1
71	144	1
71	145	1
71	146	1
71	147	1
71	148	1
71	149	1
71	150	1
71	151	1
71	152	1
71	153	1
71	154	1
71	155	1
71	156	1
71	157	1
71	158	1
71	159	1
71	160	1
71	161	1
72	131	1
72	132	1
72	133	1
72	134	1
72	135	1
72	136	1
72	137	1
72	138	1
72	139	1
72	140	1
72	141	1
72	142	1
72	143	1
72	144	1
72	145	1
72	146	1
72	147	1
72	148	1
72	149	1
72	150	1
72	151	1
72	152	1
72	153	1
72	154	1
72	155	1
72	156	1
72	157	1
72	158	1
72	159	1
72	160	1
72	161	1
73	128	1
73	129	1
73	130	1
73	131	1
73	132	1
73	133	1
73	134	1
73	135	1
73	136	1
73	137	1
73	138	1
73	139	1
73	140	1
73	141	1
73	142	1
73	143	1
73	144	1
73	145	1
73	146	1
73	147	1
73	148	1
73	149	1
73	150	1
73	151	1
73	152	1
73	153	1
73	154	1
73	155	1
73	156	1
73	157	1
73	158	1
73	159	1
73	160	1
73	161	1
74	126	1
74	127	1
74	128	1
74	129	1
74	130	1
74	131	1
74	132	1
74	133	1
74	134	1
74	135	1
74	136	1
74	137	1
74	138	1
74	139	1
74	140	1
74	141	1
74	142	1
74	143	1
74	144	1
74	145	1
74	146	1
74	147	1
74	148	1
74	149	1
74	150	1
74	151	1
74	152	1
74	153	1
74	154	1
74	155	1
74	156	1
74	157	1
74	158	1
74	159	1
74	160	1
74	161	1
75	123	1
75	124	1
75	125	1
75	126	1
75	127	1
75	128	1
75	129	1
75	130	1
75	131	1
75	132	1
75	133	1
75	134	1
75	135	1
75	136	1
75	137	1
75	138	1
75	139	1
75	140	1
75	141	1
75	142	1
75	143	1
75	144	1
75	145	1
75	146	1
75	147	1
75	148	1
75	149	1
75	150	1
75	151	1
75	152	1
75	153	1
75	154	1
75	155	1
75	156	1
75	157	1
75	158	1
75	159	1
75	160	1
75	161	1
76	121	1
76	122	1
76	123	1
76	124	1
76	125	1
76	126	1
76	127	1
76	128	1
76	129	1
76	130	1
76	131	1
76	132	1
76	133	1
76	134	1
76	135	1
76	136	1
76	137	1
76	138	1
76	139	1
76	140	1
76	141	1
76	142	1
76	143	1
76	144	1
76	145	1
76	146	1
76	147	1
76	148	1
76	149	1
76	150	1
76	151	1
76	152	1
76	153	1
76	154	1
76	155	1
76	156	1
76	157	1
76	158	1
76	159	1
76	160	1
76	161	1
77	120	1
77	121	1
77	122	1
77	123	1
77	124	1
77	125	1
77	126	1
77	127	1
77	128	1
77	129	1
77	130	1
77	131	1
77	132	1
77	133	1
77	134	1
77	135	1
77	136	1
77	137	1
77	138	1
77	139	1
77	140	1
77	141	1
77	142	1
77	143	1
77	144	1
77	145	1
77	146	1
77	147	1
77	148	1
77	149	1
77	150	1
77	151	1
77	152	1
77	153	1
77	154	1
77	155	1
77	156	1
77	157	1
77	158	1
77	159	1
77	160	1
77	161	1
78	118	1
78	119	1
78	120	1
78	121	1
78	122	1
78	123	1
78	124	1
78	125	1
78	126	1
78	127	1
78	128	1
78	129	1
78	130	1
78	131	1
78	132	1
78	133	1
78	134	1
78	135	1
78	136	1
78	137	1
78	138	1
78	139	1
78	140	1
78	141	1
78	142	1
78	143	1
78	144	1
78	145	1
78	146	1
78	147	1
78	148	1
78	149	1
78	150	1
78	151	1
78	152	1
78	153	1
78	154	1
78	155	1
78	156	1
78	157	1
78	158	1
78	159	1
78	160	1
78	161	1
79	116	1
79	117	1
79	118	1
79	119	1
79	120	1
79	121	1
79	122	1
79	123	1
79	124	1
79	125	1
79	126	1
79	127	1
79	128	1
79	129	1
79	130	1
79	131	1
79	132	1
79	133	1
79	134	1
79	135	1
79	136	1
79	137	1
79	138	1
79	139	1
79	140	1
79	141	1
79	142	1
79	143	1
79	144	1
79	145	1
79	146	1
79	147	1
79	148	1
79	149	1
79	150	1
79	151	1
79	152	1
79	153	1
79	154	1
79	155	1
79	156	1
79	157	1
79	158	1
79	159	1
79	160	1
79	161	1
80	115	1
80	116	1
80	117	1
80	118	1
80	119	1
80	120	1
80	121	1
80	122	1
80	123	1
80	124	1
80	125	1
80	126	1
80	127	1
80	128	1
80	129	1
80	130	1
80	131	1
80	132	1
80	133	1
80	134	1
80	135	1
80	136	1
80	137	1
80	138	1
80	139	1
80	140	1
80	141	1
80	142	1
80	143	1
80	144	1
80	145	1
80	146	1
80	147	1
80	148	1
80	149	1
80	150	1
80	151	1
80	152	1
80	153	1
80	154	1
80	155	1
80	156	1
80	157	1
80	158	1
80	159	1
80	160	1
80	161	1
81	113	1
81	114	1
81	115	1
81	116	1
81	117	1
81	118	1
81	119	1
81	120	1
81	121	1
81	122	1
81	123	1
81	124	1
81	125	1
81	126	1
81	127	1
81	128	1
81	129	1
81	130	1
81	131	1
81	132	1
81	133	1
81	134	1
81	135	1
81	136	1
81	137	1
81	138	1
81	139	1
81	140	1
81	141	1
81	142	1
81	143	1
81	144	1
81	145	1
81	146	1
81	147	1
81	148	1
81	149	1
81	150	1
81	151	1
81	152	1
81	153	1
81	154	1
81	155	1
81	156	1
81	157	1
81	158	1
81	159	1
81	160	1
81	161	1
82	112	1
82	113	1
82	114	1
82	115	1
82	116	1
82	117	1
82	118	1
82	119	1
82	120	1
82	121	1
82	122	1
82	123	1
82	124	1
82	125	1
82	126	1
82	127	1
82	128	1
82	129	1
82	130	1
82	131	1
82	132	1
82	133	1
82	134	1
82	135	1
82	136	1
82	137	1
82	138	1
82	139	1
82	140	1
82	141	1
82	142	1
82	143	1
82	144	1
82	145	1
82	146	1
82	147	1
82	148	1
82	149	1
82	150	1
82	151	1
82	152	1
82	153	1
82	154	1
82	155	1
82	156	1
82	157	1
82	158	1
82	159	1
82	160	1
82	161	1
83	111	1
83	112	1
83	113	1
83	114	1
83	115	1
83	116	1
83	117	1
83	118	1
83	119	1
83	120	1
83	121	1
83	122	1
83	123	1
83	124	1
83	125	1
83	126	1
83	127	1
83	128	1
83	129	1
83	130	1
83	131	1
83	132	1
83	133	1
83	134	1
83	135	1
83	136	1
83	137	1
83	138	1
83	139	1
83	140	1
83	141	1
83	142	1
83	143	1
83	144	1
83	145	1
83	146	1
83	147	1
83	148	1
83	149	1
83	150	1
83	151	1
83	152	1
83	153	1
83	154	1
83	155	1
83	156	1
83	157	1
83	158	1
83	159	1
83	160	1
83	161	1
84	110	1
84	111	1
84	112	1
84	113	1
84	114	1
84	115	1
84	116	1
84	117	1
84	118	1
84	119	1
84	120	1
84	121	1
84	122	1
84	123	1
84	124	1
84	125	1
84	126	1
84	127	1
84	128	1
84	129	1
84	130	1
84	131	1
84	132	1
84	133	1
84	134	1
84	135	1
84	136	1
84	137	1
84	138	1
84	139	1
84	140	1
84	141	1
84	142	1
84	143	1
84	144	1
84	145	1
84	146	1
84	147	1
84	148	1
84	149	1
84	150	1
84	151	1
84	152	1
84	153	1
84	154	1
84	155	1
84	156	1
84	157	1
84	158	1
84	159	1
84	160	1
84	161	1
85	109	1
85	110	1
85	111	1
85	112	1
85	113	1
85	114	1
85	115	1
85	116	1
85	117	1
85	118	1
85	119	1
85	120	1
85	121	1
85	122	1
85	123	1
85	124	1
85	125	1
85	126	1
85	127	1
85	128	1
85	129	1
85	130	1
85	131	1
85	132	1
85	133	1
85	134	1
85	135	1
85	136	1
85	137	1
85	138	1
85	139	1
85	140	1
85	141	1
85	142	1
85	143	1
85	144	1
85	145	1
85	146	1
85	147	1
85	148	1
85	149	1
85	150	1
85	151	1
85	152	1
85	153	1
85	154	1
85	155	1
85	156	1
85	157	1
85	158	1
85	159	1
85	160	1
85	161	1
86	108	1
86	109	1
86	110	1
86	111	1
86	112	1
86	113	1
86	114	1
86	115	1
86	116	1
86	117	1
86	118	1
86	119	1
86	120	1
86	121	1
86	122	1
86	123	1
86	124	1
86	125	1
86	126	1
86	127	1
86	128	1
86	129	1
86	130	1
86	131	1
86	132	1
86	133	1
86	134	1
86	135	1
86	136	1
86	137	1
86	138	1
86	139	1
86	140	1
86	141	1
86	142	1
86	143	1
86	144	1
86	145	1
86	146	1
86	147	1
86	148	1
86	149	1
86	150	1
86	151	1
86	152	1
86	153	1
86	154	1
86	155	1
86	156	1
86	157	1
86	158	1
86	159	1
86	160	1
86	161	1
87	107	1
87	108	1
87	109	1
87	110	1
87	111	1
87	112	1
87	113	1
87	114	1
87	115	1
87	116	1
87	117	1
87	118	1
87	119	1
87	120	1
87	121	1
87	122	1
87	123	1
87	124	1
87	125	1
87	126	1
87	127	1
87	128	1
87	129	1
87	130	1
87	131	1
87	132	1
87	133	1
87	134	1
87	135	1
87	136	1
87	137	1
87	138	1
87	139	1
87	140	1
87	141	1
87	142	1
87	143	1
87	144	1
87	145	1
87	146	1
87	147	1
87	148	1
87	149	1
87	150	1
87	151	1
87	152	1
87	153	1
87	154	1
87	155	1
87	156	1
87	157	1
87	158	1
87	159	1
87	160	1
87	161	1
88	106	1
88	107	1
88	108	1
88	109	1
88	110	1
88	111	1
88	112	1
88	113	1
88	114	1
88	115	1
88	116	1
88	117	1
88	118	1
88	119	1
88	120	1
88	121	1
88	122	1
88	123	1
88	124	1
88	125	1
88	126	1
88	127	1
88	128	1
88	129	1
88	130	1
88	131	1
88	132	1
88	133	1
88	134	1
88	135	1
88	136	1
88	137	1
88	138	1
88	139	1
88	140	1
88	141	1
88	142	1
88	143	1
88	144	1
88	145	1
88	146	1
88	147	1
88	148	1
88	149	1
88	150	1
88	151	1
88	152	1
88	153	1
88	154	1
88	155	1
88	156	1
88	157	1
88	158	1
88	159	1
88	160	1
88	161	1
89	105	1
89	106	1
89	107	1
89	108	1
89	109	1
89	110	1
89	111	1
89	112	1
89	113	1
89	114	1
89	115	1
89	116	1
89	117	1
89	118	1
89	119	1
89	120	1
89	121	1
89	122	1
89	123	1
89	124	1
89	125	1
89	126	1
89	127	1
89	128	1
89	129	1
89	130	1
89	131	1
89	132	1
89	133	1
89	134	1
89	135	1
89	136	1
89	137	1
89	138	1
89	139	1
89	140	1
89	141	1
89	142	1
89	143	1
89	144	1
89	145	1
89	146	1
89	147	1
89	148	1
89	149	1
89	150	1
89	151	1
89	152	1
89	153	1
89	154	1
89	155	1
89	156	1
89	157	1
89	158	1
89	159	1
89	160	1
89	161	1
90	104	1
90	105	1
90	106	1
90	107	1
90	108	1
90	109	1
90	110	1
90	111	1
90	112	1
90	113	1
90	114	1
90	115	1
90	116	1
90	117	1
90	118	1
90	119	1
90	120	1
90	121	1
90	122	1
90	123	1
90	124	1
90	125	1
90	126	1
90	127	1
90	128	1
90	129	1
90	130	1
90	131	1
90	132	1
90	133	1
90	134	1
90	135	1
90	136	1
90	137	1
90	138	1
90	139	1
90	140	1
90	141	1
90	142	1
90	143	1
90	144	1
90	145	1
90	146	1
90	147	1
90	148	1
90	149	1
90	150	1
90	151	1
90	152	1
90	153	1
90	154	1
90	155	1
90	156	1
90	157	1
90	158	1
90	159	1
90	160	1
90	161	1
91	103	1
91	104	1
91	105	1
91	106	1
91	107	1
91	108	1
91	109	1
91	110	1
91	111	1
91	112	1
91	113	1
91	114	1
91	115	1
91	116	1
91	117	1
91	118	1
91	119	1
91	120	1
91	121	1
91	122	1
91	123	1
91	124	1
91	125	1
91	126	1
91	127	1
91	128	1
91	129	1
91	130	1
91	131	1
91	132	1
91	133	1
91	134	1
91	135	1
91	136	1
91	137	1
91	138	1
91	139	1
91	140	1
91	141	1
91	142	1
91	143	1
91	144	1
91	145	1
91	146	1
91	147	1
91	148	1
91	149	1
91	150	1
91	151	1
91	152	1
91	153	1
91	154	1
91	155	1
91	156	1
91	157	1
91	158	1
91	159	1
91	160	1
91	161	1
92	102	1
92	103	1
92	104	1
92	105	1
92	106	1
92	107	1
92	108	1
92	109	1
92	110	1
92	111	1
92	112	1
92	113	1
92	114	1
92	115	1
92	116	1
92	117	1
92	118	1
92	119	1
92	120	1
92	121	1
92	122	1
92	123	1
92	124	1
92	125	1
92	126	1
92	127	1
92	128	1
92	129	1
92	130	1
92	131	1
92	132	1
92	133	1
92	134	1
92	135	1
92	136	1
92	137	1
92	138	1
92	139	1
92	140	1
92	141	1
92	142	1
92	143	1
92	144	1
92	145	1
92	146	1
92	147	1
92	148	1
92	149	1
92	150	1
92	151	1
92	152	1
92	153	1
92	154	1
92	155	1
92	156	1
92	157	1
92	158	1
92	159	1
92	160	1
92	161	1
93	101	1
93	102	1
93	103	1
93	104	1
93	105	1
93	106	1
93	107	1
93	108	1
93	109	1
93	110	1
93	111	1
93	112	1
93	113	1
93	114	1
93	115	1
93	116	1
93	117	1
93	118	1
93	119	1
93	120	1
93	121	1
93	122	1
93	123	1
93	124	1
93	125	1
93	126	1
93	127	1
93	128	1
93	129	1
93	130	1
93	131	1
93	132	1
93	133	1
93	134	1
93	135	1
93	136	1
93	137	1
93	138	1
93	139	1
93	140	1
93	141	1
93	142	1
93	143	1
93	144	1
93	145	1
93	146	1
93	147	1
93	148	1
93	149	1
93	150	1
93	151	1
93	152	1
93	153	1
93	154	1
93	155	1
93	156	1
93	157	1
93	158	1
93	159	1
93	160	1
93	161	1
94	101	1
94	102	1
94	103	1
94	104	1
94	105	1
94	106	1
94	107	1
94	108	1
94	109	1
94	110	1
94	111	1
94	112	1
94	113	1
94	114	1
94	115	1
94	116	1
94	117	1
94	118	1
94	119	1
94	120	1
94	121	1
94	122	1
94	123	1
94	124	1
94	125	1
94	126	1
94	127	1
94	128	1
94	129	1
94	130	1
94	131	1
94	132	1
94	133	1
94	134	1
94	135	1
94	136	1
94	137	1
94	138	1
94	139	1
94	140	1
94	141	1
94	142	1
94	143	1
94	144	1
94	145	1
94	146	1
94	147	1
94	148	1
94	149	1
94	150	1
94	151	1
94	152	1
94	153	1
94	154	1
94	155	1
94	156	1
94	157	1
94	158	1
94	159	1
94	160	1
94	161	1
95	100	1
95	101	1
95	102	1
95	103	1
95	104	1
95	105	1
95	106	1
95	107	1
95	108	1
95	109	1
95	110	1
95	111	1
95	112	1
95	113	1
95	114	1
95	115	1
95	116	1
95	117	1
95	118	1
95	119	1
95	120	1
95	121	1
95	122	1
95	123	1
95	124	1
95	125	1
95	126	1
95	127	1
95	128	1
95	129	1
95	130	1
95	131	1
95	132	1
95	133	1
95	134	1
95	135	1
95	136	1
95	137	1
95	138	1
95	139	1
95	140	1
95	141	1
95	142	1
95	143	1
95	144	1
95	145	1
95	146	1
95	147	1
95	148	1
95	149	1
95	150	1
95	151	1
95	152	1
95	153	1
95	154	1
95	155	1
95	156	1
95	157	1
95	158	1
95	159	1
95	160	1
95	161	1
96	99	1
96	100	1
96	101	1
96	102	1
96	103	1
96	104	1
96	105	1
96	106	1
96	107	1
96	108	1
96	109	1
96	110	1
96	111	1
96	112	1
96	113	1
96	114	1
96	115	1
96	116	1
96	117	1
96	118	1
96	119	1
96	120	1
96	121	1
96	122	1
96	123	1
96	124	1
96	125	1
96	126	1
96	127	1
96	128	1
96	129	1
96	130	1
96	131	1
96	132	1
96	133	1
96	134	1
96	135	1
96	136	1
96	137	1
96	138	1
96	139	1
96	140	1
96	141	1
96	142	1
96	143	1
96	144	1
96	145	1
96	146	1
96	147	1
96	148	1
96	149	1
96	150	1
96	151	1
96	152	1
96	153	1
96	154	1
96	155	1
96	156	1
96	157	1
96	158	1
96	159	1
96	160	1
96	161	1
97	99	1
97	100	1
97	101	1
97	102	1
97	103	1
97	104	1
97	105	1
97	106	1
97	107	1
97	108	1
97	109	1
97	110	1
97	111	1
97	112	1
97	113	1
97	114	1
97	115	1
97	116	1
97	117	1
97	118	1
97	119	1
97	120	1
97	121	1
97	122	1
97	123	1
97	124	1
97	125	1
97	126	1
97	127	1
97	128	1
97	129	1
97	130	1
97	131	1
97	132	1
97	133	1
97	134	1
97	135	1
97	136	1
97	137	1
97	138	1
97	139	1
97	140	1
97	141	1
97	142	1
97	143	1
97	144	1
97	145	1
97	146	1
97	147	1
97	148	1
97	149	1
97	150	1
97	151	1
97	152	1
97	153	1
97	154	1
97	155	1
97	156	1
97	157	1
97	158	1
97	159	1
97	160	1
97	161	1
98	98	1
98	99	1
98	100	1
98	101	1
98	102	1
98	103	1
98	104	1
98	105	1
98	106	1
98	107	1
98	108	1
98	109	1
98	110	1
98	111	1
98	112	1
98	113	1
98	114	1
98	115	1
98	116	1
98	117	1
98	118	1
98	119	1
98	120	1
98	121	1
98	122	1
98	123	1
98	124	1
98	125	1
98	126	1
98	127	1
98	128	1
98	129	1
98	130	1
98	131	1
98	132	1
98	133	1
98	134	1
98	135	1
98	136	1
98	137	1
98	138	1
98	139	1
98	140	1
98	141	1
98	142	1
98	143	1
98	144	1
98	145	1
98	146	1
98	147	1
98	148	1
98	149	1
98	150	1
98	151	1
98	152	1
98	153	1
98	154	1
98	155	1
98	156	1
98	157	1
98	158	1
98	159	1
98	160	1
98	161	1
99	98	1
99	99	1
99	100	1
99	101	1
99	102	1
99	103	1
99	104	1
99	105	1
99	106	1
99	107	1
99	108	1
99	109	1
99	110	1
99	111	1
99	112	1
99	113	1
99	114	1
99	115	1
99	116	1
99	117	1
99	118	1
99	119	1
99	120	1
99	121	1
99	122	1
99	123	1
99	124	1
99	125	1
99	126	1
99	127	1
99	128	1
99	129	1
99	130	1
99	131	1
99	132	1
99	133	1
99	134	1
99	135	1
99	136	1
99	137	1
99	138	1
99	139	1
99	140	1
99	141	1
99	142	1
99	143	1
99	144	1
99	145	1
99	146	1
99	147	1
99	148	1
99	149	1
99	150	1
99	151	1
99	152	1
99	153	1
99	154	1
99	155	1
99	156	1
99	157	1
99	158	1
99	159	1
99	160	1
99	161	1
100	97	1
100	98	1
100	99	1
100	100	1
100	101	1
100	102	1
100	103	1
100	104	1
100	105	1
100	106	1
100	107	1
100	108	1
100	109	1
100	110	1
100	111	1
100	112	1
100	113	1
100	114	1
100	115	1
100	116	1
100	117	1
100	118	1
100	119	1
100	120	1
100	121	1
100	122	1
100	123	1
100	124	1
100	125	1
100	126	1
100	127	1
100	128	1
100	129	1
100	130	1
100	131	1
100	132	1
100	133	1
100	134	1
100	135	1
100	136	1
100	137	1
100	138	1
100	139	1
100	140	1
100	141	1
100	142	1
100	143	1
100	144	1
100	145	1
100	146	1
100	147	1
100	148	1
100	149	1
100	150	1
100	151	1
100	152	1
100	153	1
100	154	1
100	155	1
100	156	1
100	157	1
100	158	1
100	159	1
100	160	1
100	161	1
101	96	1
101	97	1
101	98	1
101	99	1
101	100	1
101	101	1
101	102	1
101	103	1
101	104	1
101	105	1
101	106	1
101	107	1
101	108	1
101	109	1
101	110	1
101	111	1
101	112	1
101	113	1
101	114	1
101	115	1
101	116	1
101	117	1
101	118	1
101	119	1
101	120	1
101	121	1
101	122	1
101	123	1
101	124	1
101	125	1
101	126	1
101	127	1
101	128	1
101	129	1
101	130	1
101	131	1
101	132	1
101	133	1
101	134	1
101	135	1
101	136	1
101	137	1
101	138	1
101	139	1
101	140	1
101	141	1
101	142	1
101	143	1
101	144	1
101	145	1
101	146	1
101	147	1
101	148	1
101	149	1
101	150	1
101	151	1
101	152	1
101	153	1
101	154	1
101	155	1
101	156	1
101	157	1
101	158	1
101	159	1
101	160	1
101	161	1
102	96	1
102	97	1
102	98	1
102	99	1
102	100	1
102	101	1
102	102	1
102	103	1
102	104	1
102	105	1
102	106	1
102	107	1
102	108	1
102	109	1
102	110	1
102	111	1
102	112	1
102	113	1
102	114	1
102	115	1
102	116	1
102	117	1
102	118	1
102	119	1
102	120	1
102	121	1
102	122	1
102	123	1
102	124	1
102	125	1
102	126	1
102	127	1
102	128	1
102	129	1
102	130	1
102	131	1
102	132	1
102	133	1
102	134	1
102	135	1
102	136	1
102	137	1
102	138	1
102	139	1
102	140	1
102	141	1
102	142	1
102	143	1
102	144	1
102	145	1
102	146	1
102	147	1
102	148	1
102	149	1
102	150	1
102	151	1
102	152	1
102	153	1
102	154	1
102	155	1
102	156	1
102	157	1
102	158	1
102	159	1
102	160	1
102	161	1
103	95	1
103	96	1
103	97	1
103	98	1
103	99	1
103	100	1
103	101	1
103	102	1
103	103	1
103	104	1
103	105	1
103	106	1
103	107	1
103	108	1
103	109	1
103	110	1
103	111	1
103	112	1
103	113	1
103	114	1
103	115	1
103	116	1
103	117	1
103	118	1
103	119	1
103	120	1
103	121	1
103	122	1
103	123	1
103	124	1
103	125	1
103	126	1
103	127	1
103	128	1
103	129	1
103	130	1
103	131	1
103	132	1
103	133	1
103	134	1
103	135	1
103	136	1
103	137	1
103	138	1
103	139	1
103	140	1
103	141	1
103	142	1
103	143	1
103	144	1
103	145	1
103	146	1
103	147	1
103	148	1
103	149	1
103	150	1
103	151	1
103	152	1
103	153	1
103	154	1
103	155	1
103	156	1
103	157	1
103	158	1
103	159	1
103	160	1
103	161	1
104	95	1
104	96	1
104	97	1
104	98	1
104	99	1
104	100	1
104	101	1
104	102	1
104	103	1
104	104	1
104	105	1
104	106	1
104	107	1
104	108	1
104	109	1
104	110	1
104	111	1
104	112	1
104	113	1
104	114	1
104	115	1
104	116	1
104	117	1
104	118	1
104	119	1
104	120	1
104	121	1
104	122	1
104	123	1
104	124	1
104	125	1
104	126	1
104	127	1
104	128	1
104	129	1
104	130	1
104	131	1
104	132	1
104	133	1
104	134	1
104	135	1
104	136	1
104	137	1
104	138	1
104	139	1
104	140	1
104	141	1
104	142	1
104	143	1
104	144	1
104	145	1
104	146	1
104	147	1
104	148	1
104	149	1
104	150	1
104	151	1
104	152	1
104	153	1
104	154	1
104	155	1
104	156	1
104	157	1
104	158	1
104	159	1
104	160	1
104	161	1
105	95	1
105	96	1
105	97	1
105	98	1
105	99	1
105	100	1
105	101	1
105	102	1
105	103	1
105	104	1
105	105	1
105	106	1
105	107	1
105	108	1
105	109	1
105	110	1
105	111	1
105	112	1
105	113	1
105	114	1
105	115	1
105	116	1
105	117	1
105	118	1
105	119	1
105	120	1
105	121	1
105	122	1
105	123	1
105	124	1
105	125	1
105	126	1
105	127	1
105	128	1
105	129	1
105	130	1
105	131	1
105	132	1
105	133	1
105	134	1
105	135	1
105	136	1
105	137	1
105	138	1
105	139	1
105	140	1
105	141	1
105	142	1
105	143	1
105	144	1
105	145	1
105	146	1
105	147	1
105	148	1
105	149	1
105	150	1
105	151	1
105	152	1
105	153	1
105	154	1
105	155	1
105	156	1
105	157	1
105	158	1
105	159	1
105	160	1
105	161	1
106	94	1
106	95	1
106	96	1
106	97	1
106	98	1
106	99	1
106	100	1
106	101	1
106	102	1
106	103	1
106	104	1
106	105	1
106	106	1
106	107	1
106	108	1
106	109	1
106	110	1
106	111	1
106	112	1
106	113	1
106	114	1
106	115	1
106	116	1
106	117	1
106	118	1
106	119	1
106	120	1
106	121	1
106	122	1
106	123	1
106	124	1
106	125	1
106	126	1
106	127	1
106	128	1
106	129	1
106	130	1
106	131	1
106	132	1
106	133	1
106	134	1
106	135	1
106	136	1
106	137	1
106	138	1
106	139	1
106	140	1
106	141	1
106	142	1
106	143	1
106	144	1
106	145	1
106	146	1
106	147	1
106	148	1
106	149	1
106	150	1
106	151	1
106	152	1
106	153	1
106	154	1
106	155	1
106	156	1
106	157	1
106	158	1
106	159	1
106	160	1
106	161	1
107	94	1
107	95	1
107	96	1
107	97	1
107	98	1
107	99	1
107	100	1
107	101	1
107	102	1
107	103	1
107	104	1
107	105	1
107	106	1
107	107	1
107	108	1
107	109	1
107	110	1
107	111	1
107	112	1
107	113	1
107	114	1
107	115	1
107	116	1
107	117	1
107	118	1
107	119	1
107	120	1
107	121	1
107	122	1
107	123	1
107	124	1
107	125	1
107	126	1
107	127	1
107	128	1
107	129	1
107	130	1
107	131	1
107	132	1
107	133	1
107	134	1
107	135	1
107	136	1
107	137	1
107	138	1
107	139	1
107	140	1
107	141	1
107	142	1
107	143	1
107	144	1
107	145	1
107	146	1
107	147	1
107	148	1
107	149	1
107	150	1
107	151	1
107	152	1
107	153	1
107	154	1
107	155	1
107	156	1
107	157	1
107	158	1
107	159	1
107	160	1
107	161	1
108	93	1
108	94	1
108	95	1
108	96	1
108	97	1
108	98	1
108	99	1
108	100	1
108	101	1
108	102	1
108	103	1
108	104	1
108	105	1
108	106	1
108	107	1
108	108	1
108	109	1
108	110	1
108	111	1
108	112	1
108	113	1
108	114	1
108	115	1
108	116	1
108	117	1
108	118	1
108	119	1
108	120	1
108	121	1
108	122	1
108	123	1
108	124	1
108	125	1
108	126	1
108	127	1
108	128	1
108	129	1
108	130	1
108	131	1
108	132	1
108	133	1
108	134	1
108	135	1
108	136	1
108	137	1
108	138	1
108	139	1
108	140	1
108	141	1
108	142	1
108	143	1
108	144	1
108	145	1
108	146	1
108	147	1
108	148	1
108	149	1
108	150	1
108	151	1
108	152	1
108	153	1
108	154	1
108	155	1
108	156	1
108	157	1
108	158	1
108	159	1
108	160	1
108	161	1
109	93	1
109	94	1
109	95	1
109	96	1
109	97	1
109	98	1
109	99	1
109	100	1
109	101	1
109	102	1
109	103	1
109	104	1
109	105	1
109	106	1
109	107	1
109	108	1
109	109	1
109	110	1
109	111	1
109	112	1
109	113	1
109	114	1
109	115	1
109	116	1
109	117	1
109	118	1
109	119	1
109	120	1
109	121	1
109	122	1
109	123	1
109	124	1
109	125	1
109	126	1
109	127	1
109	128	1
109	129	1
109	130	1
109	131	1
109	132	1
109	133	1
109	134	1
109	135	1
109	136	1
109	137	1
109	138	1
109	139	1
109	140	1
109	141	1
109	142	1
109	143	1
109	144	1
109	145	1
109	146	1
109	147	1
109	148	1
109	149	1
109	150	1
109	151	1
109	152	1
109	153	1
109	154	1
109	155	1
109	156	1
109	157	1
109	158	1
109	159	1
109	160	1
109	161	1
110	93	1
110	94	1
110	95	1
110	96	1
110	97	1
110	98	1
110	99	1
110	100	1
110	101	1
110	102	1
110	103	1
110	104	1
110	105	1
110	106	1
110	107	1
110	108	1
110	109	1
110	110	1
110	111	1
110	112	1
110	113	1
110	114	1
110	115	1
110	116	1
110	117	1
110	118	1
110	119	1
110	120	1
110	121	1
110	122	1
110	123	1
110	124	1
110	125	1
110	126	1
110	127	1
110	128	1
110	129	1
110	130	1
110	131	1
110	132	1
110	133	1
110	134	1
110	135	1
110	136	1
110	137	1
110	138	1
110	139	1
110	140	1
110	141	1
110	142	1
110	143	1
110	144	1
110	145	1
110	146	1
110	147	1
110	148	1
110	149	1
110	150	1
110	151	1
110	152	1
110	153	1
110	154	1
110	155	1
110	156	1
110	157	1
110	158	1
110	159	1
110	160	1
110	161	1
111	92	1
111	93	1
111	94	1
111	95	1
111	96	1
111	97	1
111	98	1
111	99	1
111	100	1
111	101	1
111	102	1
111	103	1
111	104	1
111	105	1
111	106	1
111	107	1
111	108	1
111	109	1
111	110	1
111	111	1
111	112	1
111	113	1
111	114	1
111	115	1
111	116	1
111	117	1
111	118	1
111	119	1
111	120	1
111	121	1
111	122	1
111	123	1
111	124	1
111	125	1
111	126	1
111	127	1
111	128	1
111	129	1
111	130	1
111	131	1
111	132	1
111	133	1
111	134	1
111	135	1
111	136	1
111	137	1
111	138	1
111	139	1
111	140	1
111	141	1
111	142	1
111	143	1
111	144	1
111	145	1
111	146	1
111	147	1
111	148	1
111	149	1
111	150	1
111	151	1
111	152	1
111	153	1
111	154	1
111	155	1
111	156	1
111	157	1
111	158	1
111	159	1
111	160	1
111	161	1
112	92	1
112	93	1
112	94	1
112	95	1
112	96	1
112	97	1
112	98	1
112	99	1
112	100	1
112	101	1
112	102	1
112	103	1
112	104	1
112	105	1
112	106	1
112	107	1
112	108	1
112	109	1
112	110	1
112	111	1
112	112	1
112	113	1
112	114	1
112	115	1
112	116	1
112	117	1
112	118	1
112	119	1
112	120	1
112	121	1
112	122	1
112	123	1
112	124	1
112	125	1
112	126	1
112	127	1
112	128	1
112	129	1
112	130	1
112	131	1
112	132	1
112	133	1
112	134	1
112	135	1
112	136	1
112	137	1
112	138	1
112	139	1
112	140	1
112	141	1
112	142	1
112	143	1
112	144	1
112	145	1
112	146	1
112	147	1
112	148	1
112	149	1
112	150	1
112	151	1
112	152	1
112	153	1
112	154	1
112	155	1
112	156	1
112	157	1
112	158	1
112	159	1
112	160	1
112	161	1
113	92	1
113	93	1
113	94	1
113	95	1
113	96	1
113	97	1
113	98	1
113	99	1
113	100	1
113	101	1
113	102	1
113	103	1
113	104	1
113	105	1
113	106	1
113	107	1
113	108	1
113	109	1
113	110	1
113	111	1
113	112	1
113	113	1
113	114	1
113	115	1
113	116	1
113	117	1
113	118	1
113	119	1
113	120	1
113	121	1
113	122	1
113	123	1
113	124	1
113	125	1
113	126	1
113	127	1
113	128	1
113	129	1
113	130	1
113	131	1
113	132	1
113	133	1
113	134	1
113	135	1
113	136	1
113	137	1
113	138	1
113	139	1
113	140	1
113	141	1
113	142	1
113	143	1
113	144	1
113	145	1
113	146	1
113	147	1
113	148	1
113	149	1
113	150	1
113	151	1
113	152	1
113	153	1
113	154	1
113	155	1
113	156	1
113	157	1
113	158	1
113	159	1
113	160	1
113	161	1
114	91	1
114	92	1
114	93	1
114	94	1
114	95	1
114	96	1
114	97	1
114	98	1
114	99	1
114	100	1
114	101	1
114	102	1
114	103	1
114	104	1
114	105	1
114	106	1
114	107	1
114	108	1
114	109	1
114	110	1
114	111	1
114	112	1
114	113	1
114	114	1
114	115	1
114	116	1
114	117	1
114	118	1
114	119	1
114	120	1
114	121	1
114	122	1
114	123	1
114	124	1
114	125	1
114	126	1
114	127	1
114	128	1
114	129	1
114	130	1
114	131	1
114	132	1
114	133	1
114	134	1
114	135	1
114	136	1
114	137	1
114	138	1
114	139	1
114	140	1
114	141	1
114	142	1
114	143	1
114	144	1
114	145	1
114	146	1
114	147	1
114	148	1
114	149	1
114	150	1
114	151	1
114	152	1
114	153	1
114	154	1
114	155	1
114	156	1
114	157	1
114	158	1
114	159	1
114	160	1
114	161	1
115	91	1
115	92	1
115	93	1
115	94	1
115	95	1
115	96	1
115	97	1
115	98	1
115	99	1
115	100	1
115	101	1
115	102	1
115	103	1
115	104	1
115	105	1
115	106	1
115	107	1
115	108	1
115	109	1
115	110	1
115	111	1
115	112	1
115	113	1
115	114	1
115	115	1
115	116	1
115	117	1
115	118	1
115	119	1
115	120	1
115	121	1
115	122	1
115	123	1
115	124	1
115	125	1
115	126	1
115	127	1
115	128	1
115	129	1
115	130	1
115	131	1
115	132	1
115	133	1
115	134	1
115	135	1
115	136	1
115	137	1
115	138	1
115	139	1
115	140	1
115	141	1
115	142	1
115	143	1
115	144	1
115	145	1
115	146	1
115	147	1
115	148	1
115	149	1
115	150	1
115	151	1
115	152	1
115	153	1
115	154	1
115	155	1
115	156	1
115	157	1
115	158	1
115	159	1
115	160	1
115	161	1
116	91	1
116	92	1
116	93	1
116	94	1
116	95	1
116	96	1
116	97	1
116	98	1
116	99	1
116	100	1
116	101	1
116	102	1
116	103	1
116	104	1
116	105	1
116	106	1
116	107	1
116	108	1
116	109	1
116	110	1
116	111	1
116	112	1
116	113	1
116	114	1
116	115	1
116	116	1
116	117	1
116	118	1
116	119	1
116	120	1
116	121	1
116	122	1
116	123	1
116	124	1
116	125	1
116	126	1
116	127	1
116	128	1
116	129	1
116	130	1
116	131	1
116	132	1
116	133	1
116	134	1
116	135	1
116	136	1
116	137	1
116	138	1
116	139	1
116	140	1
116	141	1
116	142	1
116	143	1
116	144	1
116	145	1
116	146	1
116	147	1
116	148	1
116	149	1
116	150	1
116	151	1
116	152	1
116	153	1
116	154	1
116	155	1
116	156	1
116	157	1
116	158	1
116	159	1
116	160	1
116	161	1
117	91	1
117	92	1
117	93	1
117	94	1
117	95	1
117	96	1
117	97	1
117	98	1
117	99	1
117	100	1
117	101	1
117	102	1
117	103	1
117	104	1
117	105	1
117	106	1
117	107	1
117	108	1
117	109	1
117	110	1
117	111	1
117	112	1
117	113	1
117	114	1
117	115	1
117	116	1
117	117	1
117	118	1
117	119	1
117	120	1
117	121	1
117	122	1
117	123	1
117	124	1
117	125	1
117	126	1
117	127	1
117	128	1
117	129	1
117	130	1
117	131	1
117	132	1
117	133	1
117	134	1
117	135	1
117	136	1
117	137	1
117	138	1
117	139	1
117	140	1
117	141	1
117	142	1
117	143	1
117	144	1
117	145	1
117	146	1
117	147	1
117	148	1
117	149	1
117	150	1
117	151	1
117	152	1
117	153	1
117	154	1
117	155	1
117	156	1
117	157	1
117	158	1
117	159	1
117	160	1
117	161	1
118	91	1
118	92	1
118	93	1
118	94	1
118	95	1
118	96	1
118	97	1
118	98	1
118	99	1
118	100	1
118	101	1
118	102	1
118	103	1
118	104	1
118	105	1
118	106	1
118	107	1
118	108	1
118	109	1
118	110	1
118	111	1
118	112	1
118	113	1
118	114	1
118	115	1
118	116	1
118	117	1
118	118	1
118	119	1
118	120	1
118	121	1
118	122	1
118	123	1
118	124	1
118	125	1
118	126	1
118	127	1
118	128	1
118	129	1
118	130	1
118	131	1
118	132	1
118	133	1
118	134	1
118	135	1
118	136	1
118	137	1
118	138	1
118	139	1
118	140	1
118	141	1
118	142	1
118	143	1
118	144	1
118	145	1
118	146	1
118	147	1
118	148	1
118	149	1
118	150	1
118	151	1
118	152	1
118	153	1
118	154	1
118	155	1
118	156	1
118	157	1
118	158	1
118	159	1
118	160	1
118	161	1
119	90	1
119	91	1
119	92	1
119	93	1
119	94	1
119	95	1
119	96	1
119	97	1
119	98	1
119	99	1
119	100	1
119	101	1
119	102	1
119	103	1
119	104	1
119	105	1
119	106	1
119	107	1
119	108	1
119	109	1
119	110	1
119	111	1
119	112	1
119	113	1
119	114	1
119	115	1
119	116	1
119	117	1
119	118	1
119	119	1
119	120	1
119	121	1
119	122	1
119	123	1
119	124	1
119	125	1
119	126	1
119	127	1
119	128	1
119	129	1
119	130	1
119	131	1
119	132	1
119	133	1
119	134	1
119	135	1
119	136	1
119	137	1
119	138	1
119	139	1
119	140	1
119	141	1
119	142	1
119	143	1
119	144	1
119	145	1
119	146	1
119	147	1
119	148	1
119	149	1
119	150	1
119	151	1
119	152	1
119	153	1
119	154	1
119	155	1
119	156	1
119	157	1
119	158	1
119	159	1
119	160	1
119	161	1
120	90	1
120	91	1
120	92	1
120	93	1
120	94	1
120	95	1
120	96	1
120	97	1
120	98	1
120	99	1
120	100	1
120	101	1
120	102	1
120	103	1
120	104	1
120	105	1
120	106	1
120	107	1
120	108	1
120	109	1
120	110	1
120	111	1
120	112	1
120	113	1
120	114	1
120	115	1
120	116	1
120	117	1
120	118	1
120	119	1
120	120	1
120	121	1
120	122	1
120	123	1
120	124	1
120	125	1
120	126	1
120	127	1
120	128	1
120	129	1
120	130	1
120	131	1
120	132	1
120	133	1
120	134	1
120	135	1
120	136	1
120	137	1
120	138	1
120	139	1
120	140	1
120	141	1
120	142	1
120	143	1
120	144	1
120	145	1
120	146	1
120	147	1
120	148	1
120	149	1
120	150	1
120	151	1
120	152	1
120	153	1
120	154	1
120	155	1
120	156	1
120	157	1
120	158	1
120	159	1
120	160	1
120	161	1
121	90	1
121	91	1
121	92	1
121	93	1
121	94	1
121	95	1
121	96	1
121	97	1
121	98	1
121	99	1
121	100	1
121	101	1
121	102	1
121	103	1
121	104	1
121	105	1
121	106	1
121	107	1
121	108	1
121	109	1
121	110	1
121	111	1
121	112	1
121	113	1
121	114	1
121	115	1
121	116	1
121	117	1
121	118	1
121	119	1
121	120	1
121	121	1
121	122	1
121	123	1
121	124	1
121	125	1
121	126	1
121	127	1
121	128	1
121	129	1
121	130	1
121	131	1
121	132	1
121	133	1
121	134	1
121	135	1
121	136	1
121	137	1
121	138	1
121	139	1
121	140	1
121	141	1
121	142	1
121	143	1
121	144	1
121	145	1
121	146	1
121	147	1
121	148	1
121	149	1
121	150	1
121	151	1
121	152	1
121	153	1
121	154	1
121	155	1
121	156	1
121	157	1
121	158	1
121	159	1
121	160	1
121	161	1
122	90	1
122	91	1
122	92	1
122	93	1
122	94	1
122	95	1
122	96	1
122	97	1
122	98	1
122	99	1
122	100	1
122	101	1
122	102	1
122	103	1
122	104	1
122	105	1
122	106	1
122	107	1
122	108	1
122	109	1
122	110	1
122	111	1
122	112	1
122	113	1
122	114	1
122	115	1
122	116	1
122	117	1
122	118	1
122	119	1
122	120	1
122	121	1
122	122	1
122	123	1
122	124	1
122	125	1
122	126	1
122	127	1
122	128	1
122	129	1
122	130	1
122	131	1
122	132	1
122	133	1
122	134	1
122	135	1
122	136	1
122	137	1
122	138	1
122	139	1
122	140	1
122	141	1
122	142	1
122	143	1
122	144	1
122	145	1
122	146	1
122	147	1
122	148	1
122	149	1
122	150	1
122	151	1
122	152	1
122	153	1
122	154	1
122	155	1
122	156	1
122	157	1
122	158	1
122	159	1
122	160	1
122	161	1
123	90	1
123	91	1
123	92	1
123	93	1
123	94	1
123	95	1
123	96	1
123	97	1
123	98	1
123	99	1
123	100	1
123	101	1
123	102	1
123	103	1
123	104	1
123	105	1
123	106	1
123	107	1
123	108	1
123	109	1
123	110	1
123	111	1
123	112	1
123	113	1
123	114	1
123	115	1
123	116	1
123	117	1
123	118	1
123	119	1
123	120	1
123	121	1
123	122	1
123	123	1
123	124	1
123	125	1
123	126	1
123	127	1
123	128	1
123	129	1
123	130	1
123	131	1
123	132	1
123	133	1
123	134	1
123	135	1
123	136	1
123	137	1
123	138	1
123	139	1
123	140	1
123	141	1
123	142	1
123	143	1
123	144	1
123	145	1
123	146	1
123	147	1
123	148	1
123	149	1
123	150	1
123	151	1
123	152	1
123	153	1
123	154	1
123	155	1
123	156	1
123	157	1
123	158	1
123	159	1
123	160	1
123	161	1
124	90	1
124	91	1
124	92	1
124	93	1
124	94	1
124	95	1
124	96	1
124	97	1
124	98	1
124	99	1
124	100	1
124	101	1
124	102	1
124	103	1
124	104	1
124	105	1
124	106	1
124	107	1
124	108	1
124	109	1
124	110	1
124	111	1
124	112	1
124	113	1
124	114	1
124	115	1
124	116	1
124	117	1
124	118	1
124	119	1
124	120	1
124	121	1
124	122	1
124	123	1
124	124	1
124	125	1
124	126	1
124	127	1
124	128	1
124	129	1
124	130	1
124	131	1
124	132	1
124	133	1
124	134	1
124	135	1
124	136	1
124	137	1
124	138	1
124	139	1
124	140	1
124	141	1
124	142	1
124	143	1
124	144	1
124	145	1
124	146	1
124	147	1
124	148	1
124	149	1
124	150	1
124	151	1
124	152	1
124	153	1
124	154	1
124	155	1
124	156	1
124	157	1
124	158	1
124	159	1
124	160	1
124	161	1
125	90	1
125	91	1
125	92	1
125	93	1
125	94	1
125	95	1
125	96	1
125	97	1
125	98	1
125	99	1
125	100	1
125	101	1
125	102	1
125	103	1
125	104	1
125	105	1
125	106	1
125	107	1
125	108	1
125	109	1
125	110	1
125	111	1
125	112	1
125	113	1
125	114	1
125	115	1
125	116	1
125	117	1
125	118	1
125	119	1
125	120	1
125	121	1
125	122	1
125	123	1
125	124	1
125	125	1
125	126	1
125	127	1
125	128	1
125	129	1
125	130	1
125	131	1
125	132	1
125	133	1
125	134	1
125	135	1
125	136	1
125	137	1
125	138	1
125	139	1
125	140	1
125	141	1
125	142	1
125	143	1
125	144	1
125	145	1
125	146	1
125	147	1
125	148	1
125	149	1
125	150	1
125	151	1
125	152	1
125	153	1
125	154	1
125	155	1
125	156	1
125	157	1
125	158	1
125	159	1
125	160	1
125	161	1
126	90	1
126	91	1
126	92	1
126	93	1
126	94	1
126	95	1
126	96	1
126	97	1
126	98	1
126	99	1
126	100	1
126	101	1
126	102	1
126	103	1
126	104	1
126	105	1
126	106	1
126	107	1
126	108	1
126	109	1
126	110	1
126	111	1
126	112	1
126	113	1
126	114	1
126	115	1
126	116	1
126	117	1
126	118	1
126	119	1
126	120	1
126	121	1
126	122	1
126	123	1
126	124	1
126	125	1
126	126	1
126	127	1
126	128	1
126	129	1
126	130	1
126	131	1
126	132	1
126	133	1
126	134	1
126	135	1
126	136	1
126	137	1
126	138	1
126	139	1
126	140	1
126	141	1
126	142	1
126	143	1
126	144	1
126	145	1
126	146	1
126	147	1
126	148	1
126	149	1
126	150	1
126	151	1
126	152	1
126	153	1
126	154	1
126	155	1
126	156	1
126	157	1
126	158	1
126	159	1
126	160	1
126	161	1
127	90	1
127	91	1
127	92	1
127	93	1
127	94	1
127	95	1
127	96	1
127	97	1
127	98	1
127	99	1
127	100	1
127	101	1
127	102	1
127	103	1
127	104	1
127	105	1
127	106	1
127	107	1
127	108	1
127	109	1
127	110	1
127	111	1
127	112	1
127	113	1
127	114	1
127	115	1
127	116	1
127	117	1
127	118	1
127	119	1
127	120	1
127	121	1
127	122	1
127	123	1
127	124	1
127	125	1
127	126	1
127	127	1
127	128	1
127	129	1
127	130	1
127	131	1
127	132	1
127	133	1
127	134	1
127	135	1
127	136	1
127	137	1
127	138	1
127	139	1
127	140	1
127	141	1
127	142	1
127	143	1
127	144	1
127	145	1
127	146	1
127	147	1
127	148	1
127	149	1
127	150	1
127	151	1
127	152	1
127	153	1
127	154	1
127	155	1
127	156	1
127	157	1
127	158	1
127	159	1
127	160	1
127	161	1
128	90	1
128	91	1
128	92	1
128	93	1
128	94	1
128	95	1
128	96	1
128	97	1
128	98	1
128	99	1
128	100	1
128	101	1
128	102	1
128	103	1
128	104	1
128	105	1
128	106	1
128	107	1
128	108	1
128	109	1
128	110	1
128	111	1
128	112	1
128	113	1
128	114	1
128	115	1
128	116	1
128	117	1
128	118	1
128	119	1
128	120	1
128	121	1
128	122	1
128	123	1
128	124	1
128	125	1
128	126	1
128	127	1
128	128	1
128	129	1
128	130	1
128	131	1
128	132	1
128	133	1
128	134	1
128	135	1
128	136	1
128	137	1
128	138	1
128	139	1
128	140	1
128	141	1
128	142	1
128	143	1
128	144	1
128	145	1
128	146	1
128	147	1
128	148	1
128	149	1
128	150	1
128	151	1
128	152	1
128	153	1
128	154	1
128	155	1
128	156	1
128	157	1
128	158	1
128	159	1
128	160	1
128	161	1
129	89	1
129	90	1
129	91	1
129	92	1
129	93	1
129	94	1
129	95	1
129	96	1
129	97	1
129	98	1
129	99	1
129	100	1
129	101	1
129	102	1
129	103	1
129	104	1
129	105	1
129	106	1
129	107	1
129	108	1
129	109	1
129	110	1
129	111	1
129	112	1
129	113	1
129	114	1
129	115	1
129	116	1
129	117	1
129	118	1
129	119	1
129	120	1
129	121	1
129	122	1
129	123	1
129	124	1
129	125	1
129	126	1
129	127	1
129	128	1
129	129	1
129	130	1
129	131	1
129	132	1
129	133	1
129	134	1
129	135	1
129	136	1
129	137	1
129	138	1
129	139	1
129	140	1
129	141	1
129	142	1
129	143	1
129	144	1
129	145	1
129	146	1
129	147	1
129	148	1
129	149	1
129	150	1
129	151	1
129	152	1
129	153	1
129	154	1
129	155	1
129	156	1
129	157	1
129	158	1
129	159	1
129	160	1
129	161	1
130	90	1
130	91	1
130	92	1
130	93	1
130	94	1
130	95	1
130	96	1
130	97	1
130	98	1
130	99	1
130	100	1
130	101	1
130	102	1
130	103	1
130	104	1
130	105	1
130	106	1
130	107	1
130	108	1
130	109	1
130	110	1
130	111	1
130	112	1
130	113	1
130	114	1
130	115	1
130	116	1
130	117	1
130	118	1
130	119	1
130	120	1
130	121	1
130	122	1
130	123	1
130	124	1
130	125	1
130	126	1
130	127	1
130	128	1
130	129	1
130	130	1
130	131	1
130	132	1
130	133	1
130	134	1
130	135	1
130	136	1
130	137	1
130	138	1
130	139	1
130	140	1
130	141	1
130	142	1
130	143	1
130	144	1
130	145	1
130	146	1
130	147	1
130	148	1
130	149	1
130	150	1
130	151	1
130	152	1
130	153	1
130	154	1
130	155	1
130	156	1
130	157	1
130	158	1
130	159	1
130	160	1
130	161	1
131	90	1
131	91	1
131	92	1
131	93	1
131	94	1
131	95	1
131	96	1
131	97	1
131	98	1
131	99	1
131	100	1
131	101	1
131	102	1
131	103	1
131	104	1
131	105	1
131	106	1
131	107	1
131	108	1
131	109	1
131	110	1
131	111	1
131	112	1
131	113	1
131	114	1
131	115	1
131	116	1
131	117	1
131	118	1
131	119	1
131	120	1
131	121	1
131	122	1
131	123	1
131	124	1
131	125	1
131	126	1
131	127	1
131	128	1
131	129	1
131	130	1
131	131	1
131	132	1
131	133	1
131	134	1
131	135	1
131	136	1
131	137	1
131	138	1
131	139	1
131	140	1
131	141	1
131	142	1
131	143	1
131	144	1
131	145	1
131	146	1
131	147	1
131	148	1
131	149	1
131	150	1
131	151	1
131	152	1
131	153	1
131	154	1
131	155	1
131	156	1
131	157	1
131	158	1
131	159	1
131	160	1
131	161	1
132	90	1
132	91	1
132	92	1
132	93	1
132	94	1
132	95	1
132	96	1
132	97	1
132	98	1
132	99	1
132	100	1
132	101	1
132	102	1
132	103	1
132	104	1
132	105	1
132	106	1
132	107	1
132	108	1
132	109	1
132	110	1
132	111	1
132	112	1
132	113	1
132	114	1
132	115	1
132	116	1
132	117	1
132	118	1
132	119	1
132	120	1
132	121	1
132	122	1
132	123	1
132	124	1
132	125	1
132	126	1
132	127	1
132	128	1
132	129	1
132	130	1
132	131	1
132	132	1
132	133	1
132	134	1
132	135	1
132	136	1
132	137	1
132	138	1
132	139	1
132	140	1
132	141	1
132	142	1
132	143	1
132	144	1
132	145	1
132	146	1
132	147	1
132	148	1
132	149	1
132	150	1
132	151	1
132	152	1
132	153	1
132	154	1
132	155	1
132	156	1
132	157	1
132	158	1
132	159	1
132	160	1
132	161	1
133	90	1
133	91	1
133	92	1
133	93	1
133	94	1
133	95	1
133	96	1
133	97	1
133	98	1
133	99	1
133	100	1
133	101	1
133	102	1
133	103	1
133	104	1
133	105	1
133	106	1
133	107	1
133	108	1
133	109	1
133	110	1
133	111	1
133	112	1
133	113	1
133	114	1
133	115	1
133	116	1
133	117	1
133	118	1
133	119	1
133	120	1
133	121	1
133	122	1
133	123	1
133	124	1
133	125	1
133	126	1
133	127	1
133	128	1
133	129	1
133	130	1
133	131	1
133	132	1
133	133	1
133	134	1
133	135	1
133	136	1
133	137	1
133	138	1
133	139	1
133	140	1
133	141	1
133	142	1
133	143	1
133	144	1
133	145	1
133	146	1
133	147	1
133	148	1
133	149	1
133	150	1
133	151	1
133	152	1
133	153	1
133	154	1
133	155	1
133	156	1
133	157	1
133	158	1
133	159	1
133	160	1
133	161	1
134	90	1
134	91	1
134	92	1
134	93	1
134	94	1
134	95	1
134	96	1
134	97	1
134	98	1
134	99	1
134	100	1
134	101	1
134	102	1
134	103	1
134	104	1
134	105	1
134	106	1
134	107	1
134	108	1
134	109	1
134	110	1
134	111	1
134	112	1
134	113	1
134	114	1
134	115	1
134	116	1
134	117	1
134	118	1
134	119	1
134	120	1
134	121	1
134	122	1
134	123	1
134	124	1
134	125	1
134	126	1
134	127	1
134	128	1
134	129	1
134	130	1
134	131	1
134	132	1
134	133	1
134	134	1
134	135	1
134	136	1
134	137	1
134	138	1
134	139	1
134	140	1
134	141	1
134	142	1
134	143	1
134	144	1
134	145	1
134	146	1
134	147	1
134	148	1
134	149	1
134	150	1
134	151	1
134	152	1
134	153	1
134	154	1
134	155	1
134	156	1
134	157	1
134	158	1
134	159	1
134	160	1
134	161	1
135	90	1
135	91	1
135	92	1
135	93	1
135	94	1
135	95	1
135	96	1
135	97	1
135	98	1
135	99	1
135	100	1
135	101	1
135	102	1
135	103	1
135	104	1
135	105	1
135	106	1
135	107	1
135	108	1
135	109	1
135	110	1
135	111	1
135	112	1
135	113	1
135	114	1
135	115	1
135	116	1
135	117	1
135	118	1
135	119	1
135	120	1
135	121	1
135	122	1
135	123	1
135	124	1
135	125	1
135	126	1
135	127	1
135	128	1
135	129	1
135	130	1
135	131	1
135	132	1
135	133	1
135	134	1
135	135	1
135	136	1
135	137	1
135	138	1
135	139	1
135	140	1
135	141	1
135	142	1
135	143	1
135	144	1
135	145	1
135	146	1
135	147	1
135	148	1
135	149	1
135	150	1
135	151	1
135	152	1
135	153	1
135	154	1
135	155	1
135	156	1
135	157	1
135	158	1
135	159	1
135	160	1
135	161	1
136	90	1
136	91	1
136	92	1
136	93	1
136	94	1
136	95	1
136	96	1
136	97	1
136	98	1
136	99	1
136	100	1
136	101	1
136	102	1
136	103	1
136	104	1
136	105	1
136	106	1
136	107	1
136	108	1
136	109	1
136	110	1
136	111	1
136	112	1
136	113	1
136	114	1
136	115	1
136	116	1
136	117	1
136	118	1
136	119	1
136	120	1
136	121	1
136	122	1
136	123	1
136	124	1
136	125	1
136	126	1
136	127	1
136	128	1
136	129	1
136	130	1
136	131	1
136	132	1
136	133	1
136	134	1
136	135	1
136	136	1
136	137	1
136	138	1
136	139	1
136	140	1
136	141	1
136	142	1
136	143	1
136	144	1
136	145	1
136	146	1
136	147	1
136	148	1
136	149	1
136	150	1
136	151	1
136	152	1
136	153	1
136	154	1
136	155	1
136	156	1
136	157	1
136	158	1
136	159	1
136	160	1
136	161	1
137	90	1
137	91	1
137	92	1
137	93	1
137	94	1
137	95	1
137	96	1
137	97	1
137	98	1
137	99	1
137	100	1
137	101	1
137	102	1
137	103	1
137	104	1
137	105	1
137	106	1
137	107	1
137	108	1
137	109	1
137	110	1
137	111	1
137	112	1
137	113	1
137	114	1
137	115	1
137	116	1
137	117	1
137	118	1
137	119	1
137	120	1
137	121	1
137	122	1
137	123	1
137	124	1
137	125	1
137	126	1
137	127	1
137	128	1
137	129	1
137	130	1
137	131	1
137	132	1
137	133	1
137	134	1
137	135	1
137	136	1
137	137	1
137	138	1
137	139	1
137	140	1
137	141	1
137	142	1
137	143	1
137	144	1
137	145	1
137	146	1
137	147	1
137	148	1
137	149	1
137	150	1
137	151	1
137	152	1
137	153	1
137	154	1
137	155	1
137	156	1
137	157	1
137	158	1
137	159	1
137	160	1
137	161	1
138	90	1
138	91	1
138	92	1
138	93	1
138	94	1
138	95	1
138	96	1
138	97	1
138	98	1
138	99	1
138	100	1
138	101	1
138	102	1
138	103	1
138	104	1
138	105	1
138	106	1
138	107	1
138	108	1
138	109	1
138	110	1
138	111	1
138	112	1
138	113	1
138	114	1
138	115	1
138	116	1
138	117	1
138	118	1
138	119	1
138	120	1
138	121	1
138	122	1
138	123	1
138	124	1
138	125	1
138	126	1
138	127	1
138	128	1
138	129	1
138	130	1
138	131	1
138	132	1
138	133	1
138	134	1
138	135	1
138	136	1
138	137	1
138	138	1
138	139	1
138	140	1
138	141	1
138	142	1
138	143	1
138	144	1
138	145	1
138	146	1
138	147	1
138	148	1
138	149	1
138	150	1
138	151	1
138	152	1
138	153	1
138	154	1
138	155	1
138	156	1
138	157	1
138	158	1
138	159	1
138	160	1
138	161	1
139	90	1
139	91	1
139	92	1
139	93	1
139	94	1
139	95	1
139	96	1
139	97	1
139	98	1
139	99	1
139	100	1
139	101	1
139	102	1
139	103	1
139	104	1
139	105	1
139	106	1
139	107	1
139	108	1
139	109	1
139	110	1
139	111	1
139	112	1
139	113	1
139	114	1
139	115	1
139	116	1
139	117	1
139	118	1
139	119	1
139	120	1
139	121	1
139	122	1
139	123	1
139	124	1
139	125	1
139	126	1
139	127	1
139	128	1
139	129	1
139	130	1
139	131	1
139	132	1
139	133	1
139	134	1
139	135	1
139	136	1
139	137	1
139	138	1
139	139	1
139	140	1
139	141	1
139	142	1
139	143	1
139	144	1
139	145	1
139	146	1
139	147	1
139	148	1
139	149	1
139	150	1
139	151	1
139	152	1
139	153	1
139	154	1
139	155	1
139	156	1
139	157	1
139	158	1
139	159	1
139	160	1
139	161	1
140	91	1
140	92	1
140	93	1
140	94	1
140	95	1
140	96	1
140	97	1
140	98	1
140	99	1
140	100	1
140	101	1
140	102	1
140	103	1
140	104	1
140	105	1
140	106	1
140	107	1
140	108	1
140	109	1
140	110	1
140	111	1
140	112	1
140	113	1
140	114	1
140	115	1
140	116	1
140	117	1
140	118	1
140	119	1
140	120	1
140	121	1
140	122	1
140	123	1
140	124	1
140	125	1
140	126	1
140	127	1
140	128	1
140	129	1
140	130	1
140	131	1
140	132	1
140	133	1
140	134	1
140	135	1
140	136	1
140	137	1
140	138	1
140	139	1
140	140	1
140	141	1
140	142	1
140	143	1
140	144	1
140	145	1
140	146	1
140	147	1
140	148	1
140	149	1
140	150	1
140	151	1
140	152	1
140	153	1
140	154	1
140	155	1
140	156	1
140	157	1
140	158	1
140	159	1
140	160	1
140	161	1
141	91	1
141	92	1
141	93	1
141	94	1
141	95	1
141	96	1
141	97	1
141	98	1
141	99	1
141	100	1
141	101	1
141	102	1
141	103	1
141	104	1
141	105	1
141	106	1
141	107	1
141	108	1
141	109	1
141	110	1
141	111	1
141	112	1
141	113	1
141	114	1
141	115	1
141	116	1
141	117	1
141	118	1
141	119	1
141	120	1
141	121	1
141	122	1
141	123	1
141	124	1
141	125	1
141	126	1
141	127	1
141	128	1
141	129	1
141	130	1
141	131	1
141	132	1
141	133	1
141	134	1
141	135	1
141	136	1
141	137	1
141	138	1
141	139	1
141	140	1
141	141	1
141	142	1
141	143	1
141	144	1
141	145	1
141	146	1
141	147	1
141	148	1
141	149	1
141	150	1
141	151	1
141	152	1
141	153	1
141	154	1
141	155	1
141	156	1
141	157	1
141	158	1
141	159	1
141	160	1
141	161	1
142	91	1
142	92	1
142	93	1
142	94	1
142	95	1
142	96	1
142	97	1
142	98	1
142	99	1
142	100	1
142	101	1
142	102	1
142	103	1
142	104	1
142	105	1
142	106	1
142	107	1
142	108	1
142	109	1
142	110	1
142	111	1
142	112	1
142	113	1
142	114	1
142	115	1
142	116	1
142	117	1
142	118	1
142	119	1
142	120	1
142	121	1
142	122	1
142	123	1
142	124	1
142	125	1
142	126	1
142	127	1
142	128	1
142	129	1
142	130	1
142	131	1
142	132	1
142	133	1
142	134	1
142	135	1
142	136	1
142	137	1
142	138	1
142	139	1
142	140	1
142	141	1
142	142	1
142	143	1
142	144	1
142	145	1
142	146	1
142	147	1
142	148	1
142	149	1
142	150	1
142	151	1
142	152	1
142	153	1
142	154	1
142	155	1
142	156	1
142	157	1
142	158	1
142	159	1
142	160	1
142	161	1
143	91	1
143	92	1
143	93	1
143	94	1
143	95	1
143	96	1
143	97	1
143	98	1
143	99	1
143	100	1
143	101	1
143	102	1
143	103	1
143	104	1
143	105	1
143	106	1
143	107	1
143	108	1
143	109	1
143	110	1
143	111	1
143	112	1
143	113	1
143	114	1
143	115	1
143	116	1
143	117	1
143	118	1
143	119	1
143	120	1
143	121	1
143	122	1
143	123	1
143	124	1
143	125	1
143	126	1
143	127	1
143	128	1
143	129	1
143	130	1
143	131	1
143	132	1
143	133	1
143	134	1
143	135	1
143	136	1
143	137	1
143	138	1
143	139	1
143	140	1
143	141	1
143	142	1
143	143	1
143	144	1
143	145	1
143	146	1
143	147	1
143	148	1
143	149	1
143	150	1
143	151	1
143	152	1
143	153	1
143	154	1
143	155	1
143	156	1
143	157	1
143	158	1
143	159	1
143	160	1
143	161	1
144	91	1
144	92	1
144	93	1
144	94	1
144	95	1
144	96	1
144	97	1
144	98	1
144	99	1
144	100	1
144	101	1
144	102	1
144	103	1
144	104	1
144	105	1
144	106	1
144	107	1
144	108	1
144	109	1
144	110	1
144	111	1
144	112	1
144	113	1
144	114	1
144	115	1
144	116	1
144	117	1
144	118	1
144	119	1
144	120	1
144	121	1
144	122	1
144	123	1
144	124	1
144	125	1
144	126	1
144	127	1
144	128	1
144	129	1
144	130	1
144	131	1
144	132	1
144	133	1
144	134	1
144	135	1
144	136	1
144	137	1
144	138	1
144	139	1
144	140	1
144	141	1
144	142	1
144	143	1
144	144	1
144	145	1
144	146	1
144	147	1
144	148	1
144	149	1
144	150	1
144	151	1
144	152	1
144	153	1
144	154	1
144	155	1
144	156	1
144	157	1
144	158	1
144	159	1
144	160	1
144	161	1
145	92	1
145	93	1
145	94	1
145	95	1
145	96	1
145	97	1
145	98	1
145	99	1
145	100	1
145	101	1
145	102	1
145	103	1
145	104	1
145	105	1
145	106	1
145	107	1
145	108	1
145	109	1
145	110	1
145	111	1
145	112	1
145	113	1
145	114	1
145	115	1
145	116	1
145	117	1
145	118	1
145	119	1
145	120	1
145	121	1
145	122	1
145	123	1
145	124	1
145	125	1
145	126	1
145	127	1
145	128	1
145	129	1
145	130	1
145	131	1
145	132	1
145	133	1
145	134	1
145	135	1
145	136	1
145	137	1
145	138	1
145	139	1
145	140	1
145	141	1
145	142	1
145	143	1
145	144	1
145	145	1
145	146	1
145	147	1
145	148	1
145	149	1
145	150	1
145	151	1
145	152	1
145	153	1
145	154	1
145	155	1
145	156	1
145	157	1
145	158	1
145	159	1
145	160	1
145	161	1
146	92	1
146	93	1
146	94	1
146	95	1
146	96	1
146	97	1
146	98	1
146	99	1
146	100	1
146	101	1
146	102	1
146	103	1
146	104	1
146	105	1
146	106	1
146	107	1
146	108	1
146	109	1
146	110	1
146	111	1
146	112	1
146	113	1
146	114	1
146	115	1
146	116	1
146	117	1
146	118	1
146	119	1
146	120	1
146	121	1
146	122	1
146	123	1
146	124	1
146	125	1
146	126	1
146	127	1
146	128	1
146	129	1
146	130	1
146	131	1
146	132	1
146	133	1
146	134	1
146	135	1
146	136	1
146	137	1
146	138	1
146	139	1
146	140	1
146	141	1
146	142	1
146	143	1
146	144	1
146	145	1
146	146	1
146	147	1
146	148	1
146	149	1
146	150	1
146	151	1
146	152	1
146	153	1
146	154	1
146	155	1
146	156	1
146	157	1
146	158	1
146	159	1
146	160	1
146	161	1
147	92	1
147	93	1
147	94	1
147	95	1
147	96	1
147	97	1
147	98	1
147	99	1
147	100	1
147	101	1
147	102	1
147	103	1
147	104	1
147	105	1
147	106	1
147	107	1
147	108	1
147	109	1
147	110	1
147	111	1
147	112	1
147	113	1
147	114	1
147	115	1
147	116	1
147	117	1
147	118	1
147	119	1
147	120	1
147	121	1
147	122	1
147	123	1
147	124	1
147	125	1
147	126	1
147	127	1
147	128	1
147	129	1
147	130	1
147	131	1
147	132	1
147	133	1
147	134	1
147	135	1
147	136	1
147	137	1
147	138	1
147	139	1
147	140	1
147	141	1
147	142	1
147	143	1
147	144	1
147	145	1
147	146	1
147	147	1
147	148	1
147	149	1
147	150	1
147	151	1
147	152	1
147	153	1
147	154	1
147	155	1
147	156	1
147	157	1
147	158	1
147	159	1
147	160	1
147	161	1
148	93	1
148	94	1
148	95	1
148	96	1
148	97	1
148	98	1
148	99	1
148	100	1
148	101	1
148	102	1
148	103	1
148	104	1
148	105	1
148	106	1
148	107	1
148	108	1
148	109	1
148	110	1
148	111	1
148	112	1
148	113	1
148	114	1
148	115	1
148	116	1
148	117	1
148	118	1
148	119	1
148	120	1
148	121	1
148	122	1
148	123	1
148	124	1
148	125	1
148	126	1
148	127	1
148	128	1
148	129	1
148	130	1
148	131	1
148	132	1
148	133	1
148	134	1
148	135	1
148	136	1
148	137	1
148	138	1
148	139	1
148	140	1
148	141	1
148	142	1
148	143	1
148	144	1
148	145	1
148	146	1
148	147	1
148	148	1
148	149	1
148	150	1
148	151	1
148	152	1
148	153	1
148	154	1
148	155	1
148	156	1
148	157	1
148	158	1
148	159	1
148	160	1
148	161	1
149	93	1
149	94	1
149	95	1
149	96	1
149	97	1
149	98	1
149	99	1
149	100	1
149	101	1
149	102	1
149	103	1
149	104	1
149	105	1
149	106	1
149	107	1
149	108	1
149	109	1
149	110	1
149	111	1
149	112	1
149	113	1
149	114	1
149	115	1
149	116	1
149	117	1
149	118	1
149	119	1
149	120	1
149	121	1
149	122	1
149	123	1
149	124	1
149	125	1
149	126	1
149	127	1
149	128	1
149	129	1
149	130	1
149	131	1
149	132	1
149	133	1
149	134	1
149	135	1
149	136	1
149	137	1
149	138	1
149	139	1
149	140	1
149	141	1
149	142	1
149	143	1
149	144	1
149	145	1
149	146	1
149	147	1
149	148	1
149	149	1
149	150	1
149	151	1
149	152	1
149	153	1
149	154	1
149	155	1
149	156	1
149	157	1
149	158	1
149	159	1
149	160	1
149	161	1
33	67	1
34	65	1
34	66	1
34	67	1
34	68	1
34	69	1
35	65	1
35	66	1
35	67	1
35	68	1
35	69	1
36	64	1
36	65	1
36	66	1
36	67	1
36	68	1
36	69	1
36	70	1
37	65	1
37	66	1
37	67	1
37	68	1
37	69	1
38	65	1
38	66	1
38	67	1
38	68	1
38	69	1
39	67	1
34	66	1
34	67	1
34	68	1
35	65	1
35	66	1
35	67	1
35	68	1
35	69	1
36	65	1
36	66	1
36	67	1
36	68	1
36	69	1
37	65	1
37	66	1
37	67	1
37	68	1
37	69	1
38	66	1
38	67	1
38	68	1
50	118	1
51	115	1
51	116	1
51	117	1
51	118	1
51	119	1
51	120	1
51	121	1
52	113	1
52	114	1
52	115	1
52	116	1
52	117	1
52	118	1
52	119	1
52	120	1
52	121	1
52	122	1
52	123	1
53	112	1
53	113	1
53	114	1
53	115	1
53	116	1
53	117	1
53	118	1
53	119	1
53	120	1
53	121	1
53	122	1
53	123	1
53	124	1
54	112	1
54	113	1
54	114	1
54	115	1
54	116	1
54	117	1
54	118	1
54	119	1
54	120	1
54	121	1
54	122	1
54	123	1
54	124	1
55	111	1
55	112	1
55	113	1
55	114	1
55	115	1
55	116	1
55	117	1
55	118	1
55	119	1
55	120	1
55	121	1
55	122	1
55	123	1
55	124	1
55	125	1
56	111	1
56	112	1
56	113	1
56	114	1
56	115	1
56	116	1
56	117	1
56	118	1
56	119	1
56	120	1
56	121	1
56	122	1
56	123	1
56	124	1
56	125	1
57	111	1
57	112	1
57	113	1
57	114	1
57	115	1
57	116	1
57	117	1
57	118	1
57	119	1
57	120	1
57	121	1
57	122	1
57	123	1
57	124	1
57	125	1
58	110	1
58	111	1
58	112	1
58	113	1
58	114	1
58	115	1
58	116	1
58	117	1
58	118	1
58	119	1
58	120	1
58	121	1
58	122	1
58	123	1
58	124	1
58	125	1
58	126	1
59	111	1
59	112	1
59	113	1
59	114	1
59	115	1
59	116	1
59	117	1
59	118	1
59	119	1
59	120	1
59	121	1
59	122	1
59	123	1
59	124	1
59	125	1
60	111	1
60	112	1
60	113	1
60	114	1
60	115	1
60	116	1
60	117	1
60	118	1
60	119	1
60	120	1
60	121	1
60	122	1
60	123	1
60	124	1
60	125	1
61	111	1
61	112	1
61	113	1
61	114	1
61	115	1
61	116	1
61	117	1
61	118	1
61	119	1
61	120	1
61	121	1
61	122	1
61	123	1
61	124	1
61	125	1
62	112	1
62	113	1
62	114	1
62	115	1
62	116	1
62	117	1
62	118	1
62	119	1
62	120	1
62	121	1
62	122	1
62	123	1
62	124	1
63	112	1
63	113	1
63	114	1
63	115	1
63	116	1
63	117	1
63	118	1
63	119	1
63	120	1
63	121	1
63	122	1
63	123	1
63	124	1
64	113	1
64	114	1
64	115	1
64	116	1
64	117	1
64	118	1
64	119	1
64	120	1
64	121	1
64	122	1
64	123	1
65	115	1
65	116	1
65	117	1
65	118	1
65	119	1
65	120	1
65	121	1
66	118	1
35	65	1
35	66	1
35	67	1
36	64	1
36	65	1
36	66	1
36	67	1
36	68	1
37	64	1
37	65	1
37	66	1
37	67	1
37	68	1
38	64	1
38	65	1
38	66	1
38	67	1
38	68	1
39	65	1
39	66	1
39	67	1
32	67	5
33	65	5
33	66	5
33	67	5
33	68	5
33	69	5
34	65	5
34	66	5
34	67	5
34	68	5
34	69	5
35	64	5
35	65	5
35	66	5
35	67	5
35	68	5
35	69	5
35	70	5
36	65	5
36	66	5
36	67	5
36	68	5
36	69	5
37	65	5
37	66	5
37	67	5
37	68	5
37	69	5
38	67	5
