pix_x	pix_y	Flag
44	66	1
45	63	1
45	64	1
45	65	1
45	66	1
45	67	1
45	68	1
45	69	1
46	62	1
46	63	1
46	64	1
46	65	1
46	66	1
46	67	1
46	68	1
46	69	1
46	70	1
47	62	1
47	63	1
47	64	1
47	65	1
47	66	1
47	67	1
47	68	1
47	69	1
47	70	1
48	62	1
48	63	1
48	64	1
48	65	1
48	66	1
48	67	1
48	68	1
48	69	1
48	70	1
49	61	1
49	62	1
49	63	1
49	64	1
49	65	1
49	66	1
49	67	1
49	68	1
49	69	1
49	70	1
49	71	1
50	62	1
50	63	1
50	64	1
50	65	1
50	66	1
50	67	1
50	68	1
50	69	1
50	70	1
51	62	1
51	63	1
51	64	1
51	65	1
51	66	1
51	67	1
51	68	1
51	69	1
51	70	1
52	62	1
52	63	1
52	64	1
52	65	1
52	66	1
52	67	1
52	68	1
52	69	1
52	70	1
53	63	1
53	64	1
53	65	1
53	66	1
53	67	1
53	68	1
53	69	1
54	66	1
51	117	1
52	114	1
52	115	1
52	116	1
52	117	1
52	118	1
52	119	1
52	120	1
53	113	1
53	114	1
53	115	1
53	116	1
53	117	1
53	118	1
53	119	1
53	120	1
53	121	1
54	113	1
54	114	1
54	115	1
54	116	1
54	117	1
54	118	1
54	119	1
54	120	1
54	121	1
55	113	1
55	114	1
55	115	1
55	116	1
55	117	1
55	118	1
55	119	1
55	120	1
55	121	1
56	112	1
56	113	1
56	114	1
56	115	1
56	116	1
56	117	1
56	118	1
56	119	1
56	120	1
56	121	1
56	122	1
57	113	1
57	114	1
57	115	1
57	116	1
57	117	1
57	118	1
57	119	1
57	120	1
57	121	1
58	113	1
58	114	1
58	115	1
58	116	1
58	117	1
58	118	1
58	119	1
58	120	1
58	121	1
59	113	1
59	114	1
59	115	1
59	116	1
59	117	1
59	118	1
59	119	1
59	120	1
59	121	1
60	114	1
60	115	1
60	116	1
60	117	1
60	118	1
60	119	1
60	120	1
61	117	1
50	128	1
51	126	1
51	127	1
51	128	1
51	129	1
51	130	1
52	125	1
52	126	1
52	127	1
52	128	1
52	129	1
52	130	1
52	131	1
53	125	1
53	126	1
53	127	1
53	128	1
53	129	1
53	130	1
53	131	1
54	124	1
54	125	1
54	126	1
54	127	1
54	128	1
54	129	1
54	130	1
54	131	1
54	132	1
55	125	1
55	126	1
55	127	1
55	128	1
55	129	1
55	130	1
55	131	1
56	125	1
56	126	1
56	127	1
56	128	1
56	129	1
56	130	1
56	131	1
57	126	1
57	127	1
57	128	1
57	129	1
57	130	1
58	128	1
71	121	1
72	118	1
72	119	1
72	120	1
72	121	1
72	122	1
72	123	1
72	124	1
73	117	1
73	118	1
73	119	1
73	120	1
73	121	1
73	122	1
73	123	1
73	124	1
73	125	1
74	117	1
74	118	1
74	119	1
74	120	1
74	121	1
74	122	1
74	123	1
74	124	1
74	125	1
75	117	1
75	118	1
75	119	1
75	120	1
75	121	1
75	122	1
75	123	1
75	124	1
75	125	1
76	116	1
76	117	1
76	118	1
76	119	1
76	120	1
76	121	1
76	122	1
76	123	1
76	124	1
76	125	1
76	126	1
77	117	1
77	118	1
77	119	1
77	120	1
77	121	1
77	122	1
77	123	1
77	124	1
77	125	1
78	117	1
78	118	1
78	119	1
78	120	1
78	121	1
78	122	1
78	123	1
78	124	1
78	125	1
79	117	1
79	118	1
79	119	1
79	120	1
79	121	1
79	122	1
79	123	1
79	124	1
79	125	1
80	118	1
80	119	1
80	120	1
80	121	1
80	122	1
80	123	1
80	124	1
81	121	1
84	89	1
85	88	1
85	89	1
85	90	1
86	87	1
86	88	1
86	89	1
86	90	1
86	91	1
87	88	1
87	89	1
87	90	1
88	89	1
83	74	1
84	73	1
84	74	1
84	75	1
85	72	1
85	73	1
85	74	1
85	75	1
85	76	1
86	73	1
86	74	1
86	75	1
87	74	1
19	12	1
20	6	1
20	7	1
20	8	1
20	9	1
20	10	1
20	11	1
20	12	1
20	13	1
20	14	1
20	15	1
20	16	1
20	17	1
20	18	1
21	4	1
21	5	1
21	6	1
21	7	1
21	8	1
21	9	1
21	10	1
21	11	1
21	12	1
21	13	1
21	14	1
21	15	1
21	16	1
21	17	1
21	18	1
21	19	1
21	20	1
22	2	1
22	3	1
22	4	1
22	5	1
22	6	1
22	7	1
22	8	1
22	9	1
22	10	1
22	11	1
22	12	1
22	13	1
22	14	1
22	15	1
22	16	1
22	17	1
22	18	1
22	19	1
22	20	1
22	21	1
22	22	1
23	0	1
23	1	1
23	2	1
23	3	1
23	4	1
23	5	1
23	6	1
23	7	1
23	8	1
23	9	1
23	10	1
23	11	1
23	12	1
23	13	1
23	14	1
23	15	1
23	16	1
23	17	1
23	18	1
23	19	1
23	20	1
23	21	1
23	22	1
23	23	1
23	24	1
24	0	1
24	1	1
24	2	1
24	3	1
24	4	1
24	5	1
24	6	1
24	7	1
24	8	1
24	9	1
24	10	1
24	11	1
24	12	1
24	13	1
24	14	1
24	15	1
24	16	1
24	17	1
24	18	1
24	19	1
24	20	1
24	21	1
24	22	1
24	23	1
24	24	1
24	25	1
25	0	1
25	1	1
25	2	1
25	3	1
25	4	1
25	5	1
25	6	1
25	7	1
25	8	1
25	9	1
25	10	1
25	11	1
25	12	1
25	13	1
25	14	1
25	15	1
25	16	1
25	17	1
25	18	1
25	19	1
25	20	1
25	21	1
25	22	1
25	23	1
25	24	1
25	25	1
25	26	1
26	0	1
26	1	1
26	2	1
26	3	1
26	4	1
26	5	1
26	6	1
26	7	1
26	8	1
26	9	1
26	10	1
26	11	1
26	12	1
26	13	1
26	14	1
26	15	1
26	16	1
26	17	1
26	18	1
26	19	1
26	20	1
26	21	1
26	22	1
26	23	1
26	24	1
26	25	1
26	26	1
26	27	1
27	0	1
27	1	1
27	2	1
27	3	1
27	4	1
27	5	1
27	6	1
27	7	1
27	8	1
27	9	1
27	10	1
27	11	1
27	12	1
27	13	1
27	14	1
27	15	1
27	16	1
27	17	1
27	18	1
27	19	1
27	20	1
27	21	1
27	22	1
27	23	1
27	24	1
27	25	1
27	26	1
27	27	1
27	28	1
28	0	1
28	1	1
28	2	1
28	3	1
28	4	1
28	5	1
28	6	1
28	7	1
28	8	1
28	9	1
28	10	1
28	11	1
28	12	1
28	13	1
28	14	1
28	15	1
28	16	1
28	17	1
28	18	1
28	19	1
28	20	1
28	21	1
28	22	1
28	23	1
28	24	1
28	25	1
28	26	1
28	27	1
28	28	1
29	0	1
29	1	1
29	2	1
29	3	1
29	4	1
29	5	1
29	6	1
29	7	1
29	8	1
29	9	1
29	10	1
29	11	1
29	12	1
29	13	1
29	14	1
29	15	1
29	16	1
29	17	1
29	18	1
29	19	1
29	20	1
29	21	1
29	22	1
29	23	1
29	24	1
29	25	1
29	26	1
29	27	1
29	28	1
29	29	1
30	0	1
30	1	1
30	2	1
30	3	1
30	4	1
30	5	1
30	6	1
30	7	1
30	8	1
30	9	1
30	10	1
30	11	1
30	12	1
30	13	1
30	14	1
30	15	1
30	16	1
30	17	1
30	18	1
30	19	1
30	20	1
30	21	1
30	22	1
30	23	1
30	24	1
30	25	1
30	26	1
30	27	1
30	28	1
30	29	1
31	0	1
31	1	1
31	2	1
31	3	1
31	4	1
31	5	1
31	6	1
31	7	1
31	8	1
31	9	1
31	10	1
31	11	1
31	12	1
31	13	1
31	14	1
31	15	1
31	16	1
31	17	1
31	18	1
31	19	1
31	20	1
31	21	1
31	22	1
31	23	1
31	24	1
31	25	1
31	26	1
31	27	1
31	28	1
31	29	1
31	30	1
32	0	1
32	1	1
32	2	1
32	3	1
32	4	1
32	5	1
32	6	1
32	7	1
32	8	1
32	9	1
32	10	1
32	11	1
32	12	1
32	13	1
32	14	1
32	15	1
32	16	1
32	17	1
32	18	1
32	19	1
32	20	1
32	21	1
32	22	1
32	23	1
32	24	1
32	25	1
32	26	1
32	27	1
32	28	1
32	29	1
32	30	1
33	0	1
33	1	1
33	2	1
33	3	1
33	4	1
33	5	1
33	6	1
33	7	1
33	8	1
33	9	1
33	10	1
33	11	1
33	12	1
33	13	1
33	14	1
33	15	1
33	16	1
33	17	1
33	18	1
33	19	1
33	20	1
33	21	1
33	22	1
33	23	1
33	24	1
33	25	1
33	26	1
33	27	1
33	28	1
33	29	1
33	30	1
33	31	1
34	0	1
34	1	1
34	2	1
34	3	1
34	4	1
34	5	1
34	6	1
34	7	1
34	8	1
34	9	1
34	10	1
34	11	1
34	12	1
34	13	1
34	14	1
34	15	1
34	16	1
34	17	1
34	18	1
34	19	1
34	20	1
34	21	1
34	22	1
34	23	1
34	24	1
34	25	1
34	26	1
34	27	1
34	28	1
34	29	1
34	30	1
34	31	1
35	0	1
35	1	1
35	2	1
35	3	1
35	4	1
35	5	1
35	6	1
35	7	1
35	8	1
35	9	1
35	10	1
35	11	1
35	12	1
35	13	1
35	14	1
35	15	1
35	16	1
35	17	1
35	18	1
35	19	1
35	20	1
35	21	1
35	22	1
35	23	1
35	24	1
35	25	1
35	26	1
35	27	1
35	28	1
35	29	1
35	30	1
35	31	1
36	0	1
36	1	1
36	2	1
36	3	1
36	4	1
36	5	1
36	6	1
36	7	1
36	8	1
36	9	1
36	10	1
36	11	1
36	12	1
36	13	1
36	14	1
36	15	1
36	16	1
36	17	1
36	18	1
36	19	1
36	20	1
36	21	1
36	22	1
36	23	1
36	24	1
36	25	1
36	26	1
36	27	1
36	28	1
36	29	1
36	30	1
36	31	1
37	0	1
37	1	1
37	2	1
37	3	1
37	4	1
37	5	1
37	6	1
37	7	1
37	8	1
37	9	1
37	10	1
37	11	1
37	12	1
37	13	1
37	14	1
37	15	1
37	16	1
37	17	1
37	18	1
37	19	1
37	20	1
37	21	1
37	22	1
37	23	1
37	24	1
37	25	1
37	26	1
37	27	1
37	28	1
37	29	1
37	30	1
37	31	1
38	0	1
38	1	1
38	2	1
38	3	1
38	4	1
38	5	1
38	6	1
38	7	1
38	8	1
38	9	1
38	10	1
38	11	1
38	12	1
38	13	1
38	14	1
38	15	1
38	16	1
38	17	1
38	18	1
38	19	1
38	20	1
38	21	1
38	22	1
38	23	1
38	24	1
38	25	1
38	26	1
38	27	1
38	28	1
38	29	1
38	30	1
38	31	1
39	0	1
39	1	1
39	2	1
39	3	1
39	4	1
39	5	1
39	6	1
39	7	1
39	8	1
39	9	1
39	10	1
39	11	1
39	12	1
39	13	1
39	14	1
39	15	1
39	16	1
39	17	1
39	18	1
39	19	1
39	20	1
39	21	1
39	22	1
39	23	1
39	24	1
39	25	1
39	26	1
39	27	1
39	28	1
39	29	1
39	30	1
39	31	1
39	32	1
40	0	1
40	1	1
40	2	1
40	3	1
40	4	1
40	5	1
40	6	1
40	7	1
40	8	1
40	9	1
40	10	1
40	11	1
40	12	1
40	13	1
40	14	1
40	15	1
40	16	1
40	17	1
40	18	1
40	19	1
40	20	1
40	21	1
40	22	1
40	23	1
40	24	1
40	25	1
40	26	1
40	27	1
40	28	1
40	29	1
40	30	1
40	31	1
41	0	1
41	1	1
41	2	1
41	3	1
41	4	1
41	5	1
41	6	1
41	7	1
41	8	1
41	9	1
41	10	1
41	11	1
41	12	1
41	13	1
41	14	1
41	15	1
41	16	1
41	17	1
41	18	1
41	19	1
41	20	1
41	21	1
41	22	1
41	23	1
41	24	1
41	25	1
41	26	1
41	27	1
41	28	1
41	29	1
41	30	1
41	31	1
42	0	1
42	1	1
42	2	1
42	3	1
42	4	1
42	5	1
42	6	1
42	7	1
42	8	1
42	9	1
42	10	1
42	11	1
42	12	1
42	13	1
42	14	1
42	15	1
42	16	1
42	17	1
42	18	1
42	19	1
42	20	1
42	21	1
42	22	1
42	23	1
42	24	1
42	25	1
42	26	1
42	27	1
42	28	1
42	29	1
42	30	1
42	31	1
43	0	1
43	1	1
43	2	1
43	3	1
43	4	1
43	5	1
43	6	1
43	7	1
43	8	1
43	9	1
43	10	1
43	11	1
43	12	1
43	13	1
43	14	1
43	15	1
43	16	1
43	17	1
43	18	1
43	19	1
43	20	1
43	21	1
43	22	1
43	23	1
43	24	1
43	25	1
43	26	1
43	27	1
43	28	1
43	29	1
43	30	1
43	31	1
44	0	1
44	1	1
44	2	1
44	3	1
44	4	1
44	5	1
44	6	1
44	7	1
44	8	1
44	9	1
44	10	1
44	11	1
44	12	1
44	13	1
44	14	1
44	15	1
44	16	1
44	17	1
44	18	1
44	19	1
44	20	1
44	21	1
44	22	1
44	23	1
44	24	1
44	25	1
44	26	1
44	27	1
44	28	1
44	29	1
44	30	1
44	31	1
45	0	1
45	1	1
45	2	1
45	3	1
45	4	1
45	5	1
45	6	1
45	7	1
45	8	1
45	9	1
45	10	1
45	11	1
45	12	1
45	13	1
45	14	1
45	15	1
45	16	1
45	17	1
45	18	1
45	19	1
45	20	1
45	21	1
45	22	1
45	23	1
45	24	1
45	25	1
45	26	1
45	27	1
45	28	1
45	29	1
45	30	1
45	31	1
46	0	1
46	1	1
46	2	1
46	3	1
46	4	1
46	5	1
46	6	1
46	7	1
46	8	1
46	9	1
46	10	1
46	11	1
46	12	1
46	13	1
46	14	1
46	15	1
46	16	1
46	17	1
46	18	1
46	19	1
46	20	1
46	21	1
46	22	1
46	23	1
46	24	1
46	25	1
46	26	1
46	27	1
46	28	1
46	29	1
46	30	1
47	0	1
47	1	1
47	2	1
47	3	1
47	4	1
47	5	1
47	6	1
47	7	1
47	8	1
47	9	1
47	10	1
47	11	1
47	12	1
47	13	1
47	14	1
47	15	1
47	16	1
47	17	1
47	18	1
47	19	1
47	20	1
47	21	1
47	22	1
47	23	1
47	24	1
47	25	1
47	26	1
47	27	1
47	28	1
47	29	1
47	30	1
48	0	1
48	1	1
48	2	1
48	3	1
48	4	1
48	5	1
48	6	1
48	7	1
48	8	1
48	9	1
48	10	1
48	11	1
48	12	1
48	13	1
48	14	1
48	15	1
48	16	1
48	17	1
48	18	1
48	19	1
48	20	1
48	21	1
48	22	1
48	23	1
48	24	1
48	25	1
48	26	1
48	27	1
48	28	1
48	29	1
49	0	1
49	1	1
49	2	1
49	3	1
49	4	1
49	5	1
49	6	1
49	7	1
49	8	1
49	9	1
49	10	1
49	11	1
49	12	1
49	13	1
49	14	1
49	15	1
49	16	1
49	17	1
49	18	1
49	19	1
49	20	1
49	21	1
49	22	1
49	23	1
49	24	1
49	25	1
49	26	1
49	27	1
49	28	1
49	29	1
50	0	1
50	1	1
50	2	1
50	3	1
50	4	1
50	5	1
50	6	1
50	7	1
50	8	1
50	9	1
50	10	1
50	11	1
50	12	1
50	13	1
50	14	1
50	15	1
50	16	1
50	17	1
50	18	1
50	19	1
50	20	1
50	21	1
50	22	1
50	23	1
50	24	1
50	25	1
50	26	1
50	27	1
50	28	1
51	0	1
51	1	1
51	2	1
51	3	1
51	4	1
51	5	1
51	6	1
51	7	1
51	8	1
51	9	1
51	10	1
51	11	1
51	12	1
51	13	1
51	14	1
51	15	1
51	16	1
51	17	1
51	18	1
51	19	1
51	20	1
51	21	1
51	22	1
51	23	1
51	24	1
51	25	1
51	26	1
51	27	1
51	28	1
52	0	1
52	1	1
52	2	1
52	3	1
52	4	1
52	5	1
52	6	1
52	7	1
52	8	1
52	9	1
52	10	1
52	11	1
52	12	1
52	13	1
52	14	1
52	15	1
52	16	1
52	17	1
52	18	1
52	19	1
52	20	1
52	21	1
52	22	1
52	23	1
52	24	1
52	25	1
52	26	1
52	27	1
53	0	1
53	1	1
53	2	1
53	3	1
53	4	1
53	5	1
53	6	1
53	7	1
53	8	1
53	9	1
53	10	1
53	11	1
53	12	1
53	13	1
53	14	1
53	15	1
53	16	1
53	17	1
53	18	1
53	19	1
53	20	1
53	21	1
53	22	1
53	23	1
53	24	1
53	25	1
53	26	1
54	0	1
54	1	1
54	2	1
54	3	1
54	4	1
54	5	1
54	6	1
54	7	1
54	8	1
54	9	1
54	10	1
54	11	1
54	12	1
54	13	1
54	14	1
54	15	1
54	16	1
54	17	1
54	18	1
54	19	1
54	20	1
54	21	1
54	22	1
54	23	1
54	24	1
54	25	1
55	0	1
55	1	1
55	2	1
55	3	1
55	4	1
55	5	1
55	6	1
55	7	1
55	8	1
55	9	1
55	10	1
55	11	1
55	12	1
55	13	1
55	14	1
55	15	1
55	16	1
55	17	1
55	18	1
55	19	1
55	20	1
55	21	1
55	22	1
55	23	1
55	24	1
56	2	1
56	3	1
56	4	1
56	5	1
56	6	1
56	7	1
56	8	1
56	9	1
56	10	1
56	11	1
56	12	1
56	13	1
56	14	1
56	15	1
56	16	1
56	17	1
56	18	1
56	19	1
56	20	1
56	21	1
56	22	1
57	4	1
57	5	1
57	6	1
57	7	1
57	8	1
57	9	1
57	10	1
57	11	1
57	12	1
57	13	1
57	14	1
57	15	1
57	16	1
57	17	1
57	18	1
57	19	1
57	20	1
58	6	1
58	7	1
58	8	1
58	9	1
58	10	1
58	11	1
58	12	1
58	13	1
58	14	1
58	15	1
58	16	1
58	17	1
58	18	1
59	12	1
76	11	1
77	9	1
77	10	1
77	11	1
77	12	1
77	13	1
78	8	1
78	9	1
78	10	1
78	11	1
78	12	1
78	13	1
78	14	1
79	8	1
79	9	1
79	10	1
79	11	1
79	12	1
79	13	1
79	14	1
80	7	1
80	8	1
80	9	1
80	10	1
80	11	1
80	12	1
80	13	1
80	14	1
80	15	1
81	8	1
81	9	1
81	10	1
81	11	1
81	12	1
81	13	1
81	14	1
82	8	1
82	9	1
82	10	1
82	11	1
82	12	1
82	13	1
82	14	1
83	9	1
83	10	1
83	11	1
83	12	1
83	13	1
84	11	1
