pix_x	pix_y	Flag
85	109	1
86	104	1
86	105	1
86	106	1
86	107	1
86	108	1
86	109	1
86	110	1
86	111	1
86	112	1
86	113	1
86	114	1
87	101	1
87	102	1
87	103	1
87	104	1
87	105	1
87	106	1
87	107	1
87	108	1
87	109	1
87	110	1
87	111	1
87	112	1
87	113	1
87	114	1
87	115	1
87	116	1
87	117	1
88	100	1
88	101	1
88	102	1
88	103	1
88	104	1
88	105	1
88	106	1
88	107	1
88	108	1
88	109	1
88	110	1
88	111	1
88	112	1
88	113	1
88	114	1
88	115	1
88	116	1
88	117	1
88	118	1
89	98	1
89	99	1
89	100	1
89	101	1
89	102	1
89	103	1
89	104	1
89	105	1
89	106	1
89	107	1
89	108	1
89	109	1
89	110	1
89	111	1
89	112	1
89	113	1
89	114	1
89	115	1
89	116	1
89	117	1
89	118	1
89	119	1
89	120	1
90	97	1
90	98	1
90	99	1
90	100	1
90	101	1
90	102	1
90	103	1
90	104	1
90	105	1
90	106	1
90	107	1
90	108	1
90	109	1
90	110	1
90	111	1
90	112	1
90	113	1
90	114	1
90	115	1
90	116	1
90	117	1
90	118	1
90	119	1
90	120	1
90	121	1
91	96	1
91	97	1
91	98	1
91	99	1
91	100	1
91	101	1
91	102	1
91	103	1
91	104	1
91	105	1
91	106	1
91	107	1
91	108	1
91	109	1
91	110	1
91	111	1
91	112	1
91	113	1
91	114	1
91	115	1
91	116	1
91	117	1
91	118	1
91	119	1
91	120	1
91	121	1
91	122	1
92	95	1
92	96	1
92	97	1
92	98	1
92	99	1
92	100	1
92	101	1
92	102	1
92	103	1
92	104	1
92	105	1
92	106	1
92	107	1
92	108	1
92	109	1
92	110	1
92	111	1
92	112	1
92	113	1
92	114	1
92	115	1
92	116	1
92	117	1
92	118	1
92	119	1
92	120	1
92	121	1
92	122	1
92	123	1
93	95	1
93	96	1
93	97	1
93	98	1
93	99	1
93	100	1
93	101	1
93	102	1
93	103	1
93	104	1
93	105	1
93	106	1
93	107	1
93	108	1
93	109	1
93	110	1
93	111	1
93	112	1
93	113	1
93	114	1
93	115	1
93	116	1
93	117	1
93	118	1
93	119	1
93	120	1
93	121	1
93	122	1
93	123	1
94	94	1
94	95	1
94	96	1
94	97	1
94	98	1
94	99	1
94	100	1
94	101	1
94	102	1
94	103	1
94	104	1
94	105	1
94	106	1
94	107	1
94	108	1
94	109	1
94	110	1
94	111	1
94	112	1
94	113	1
94	114	1
94	115	1
94	116	1
94	117	1
94	118	1
94	119	1
94	120	1
94	121	1
94	122	1
94	123	1
94	124	1
95	93	1
95	94	1
95	95	1
95	96	1
95	97	1
95	98	1
95	99	1
95	100	1
95	101	1
95	102	1
95	103	1
95	104	1
95	105	1
95	106	1
95	107	1
95	108	1
95	109	1
95	110	1
95	111	1
95	112	1
95	113	1
95	114	1
95	115	1
95	116	1
95	117	1
95	118	1
95	119	1
95	120	1
95	121	1
95	122	1
95	123	1
95	124	1
95	125	1
96	93	1
96	94	1
96	95	1
96	96	1
96	97	1
96	98	1
96	99	1
96	100	1
96	101	1
96	102	1
96	103	1
96	104	1
96	105	1
96	106	1
96	107	1
96	108	1
96	109	1
96	110	1
96	111	1
96	112	1
96	113	1
96	114	1
96	115	1
96	116	1
96	117	1
96	118	1
96	119	1
96	120	1
96	121	1
96	122	1
96	123	1
96	124	1
96	125	1
97	93	1
97	94	1
97	95	1
97	96	1
97	97	1
97	98	1
97	99	1
97	100	1
97	101	1
97	102	1
97	103	1
97	104	1
97	105	1
97	106	1
97	107	1
97	108	1
97	109	1
97	110	1
97	111	1
97	112	1
97	113	1
97	114	1
97	115	1
97	116	1
97	117	1
97	118	1
97	119	1
97	120	1
97	121	1
97	122	1
97	123	1
97	124	1
97	125	1
98	92	1
98	93	1
98	94	1
98	95	1
98	96	1
98	97	1
98	98	1
98	99	1
98	100	1
98	101	1
98	102	1
98	103	1
98	104	1
98	105	1
98	106	1
98	107	1
98	108	1
98	109	1
98	110	1
98	111	1
98	112	1
98	113	1
98	114	1
98	115	1
98	116	1
98	117	1
98	118	1
98	119	1
98	120	1
98	121	1
98	122	1
98	123	1
98	124	1
98	125	1
98	126	1
99	92	1
99	93	1
99	94	1
99	95	1
99	96	1
99	97	1
99	98	1
99	99	1
99	100	1
99	101	1
99	102	1
99	103	1
99	104	1
99	105	1
99	106	1
99	107	1
99	108	1
99	109	1
99	110	1
99	111	1
99	112	1
99	113	1
99	114	1
99	115	1
99	116	1
99	117	1
99	118	1
99	119	1
99	120	1
99	121	1
99	122	1
99	123	1
99	124	1
99	125	1
99	126	1
100	92	1
100	93	1
100	94	1
100	95	1
100	96	1
100	97	1
100	98	1
100	99	1
100	100	1
100	101	1
100	102	1
100	103	1
100	104	1
100	105	1
100	106	1
100	107	1
100	108	1
100	109	1
100	110	1
100	111	1
100	112	1
100	113	1
100	114	1
100	115	1
100	116	1
100	117	1
100	118	1
100	119	1
100	120	1
100	121	1
100	122	1
100	123	1
100	124	1
100	125	1
100	126	1
101	92	1
101	93	1
101	94	1
101	95	1
101	96	1
101	97	1
101	98	1
101	99	1
101	100	1
101	101	1
101	102	1
101	103	1
101	104	1
101	105	1
101	106	1
101	107	1
101	108	1
101	109	1
101	110	1
101	111	1
101	112	1
101	113	1
101	114	1
101	115	1
101	116	1
101	117	1
101	118	1
101	119	1
101	120	1
101	121	1
101	122	1
101	123	1
101	124	1
101	125	1
101	126	1
102	92	1
102	93	1
102	94	1
102	95	1
102	96	1
102	97	1
102	98	1
102	99	1
102	100	1
102	101	1
102	102	1
102	103	1
102	104	1
102	105	1
102	106	1
102	107	1
102	108	1
102	109	1
102	110	1
102	111	1
102	112	1
102	113	1
102	114	1
102	115	1
102	116	1
102	117	1
102	118	1
102	119	1
102	120	1
102	121	1
102	122	1
102	123	1
102	124	1
102	125	1
102	126	1
103	91	1
103	92	1
103	93	1
103	94	1
103	95	1
103	96	1
103	97	1
103	98	1
103	99	1
103	100	1
103	101	1
103	102	1
103	103	1
103	104	1
103	105	1
103	106	1
103	107	1
103	108	1
103	109	1
103	110	1
103	111	1
103	112	1
103	113	1
103	114	1
103	115	1
103	116	1
103	117	1
103	118	1
103	119	1
103	120	1
103	121	1
103	122	1
103	123	1
103	124	1
103	125	1
103	126	1
103	127	1
104	92	1
104	93	1
104	94	1
104	95	1
104	96	1
104	97	1
104	98	1
104	99	1
104	100	1
104	101	1
104	102	1
104	103	1
104	104	1
104	105	1
104	106	1
104	107	1
104	108	1
104	109	1
104	110	1
104	111	1
104	112	1
104	113	1
104	114	1
104	115	1
104	116	1
104	117	1
104	118	1
104	119	1
104	120	1
104	121	1
104	122	1
104	123	1
104	124	1
104	125	1
104	126	1
105	92	1
105	93	1
105	94	1
105	95	1
105	96	1
105	97	1
105	98	1
105	99	1
105	100	1
105	101	1
105	102	1
105	103	1
105	104	1
105	105	1
105	106	1
105	107	1
105	108	1
105	109	1
105	110	1
105	111	1
105	112	1
105	113	1
105	114	1
105	115	1
105	116	1
105	117	1
105	118	1
105	119	1
105	120	1
105	121	1
105	122	1
105	123	1
105	124	1
105	125	1
105	126	1
106	92	1
106	93	1
106	94	1
106	95	1
106	96	1
106	97	1
106	98	1
106	99	1
106	100	1
106	101	1
106	102	1
106	103	1
106	104	1
106	105	1
106	106	1
106	107	1
106	108	1
106	109	1
106	110	1
106	111	1
106	112	1
106	113	1
106	114	1
106	115	1
106	116	1
106	117	1
106	118	1
106	119	1
106	120	1
106	121	1
106	122	1
106	123	1
106	124	1
106	125	1
106	126	1
107	92	1
107	93	1
107	94	1
107	95	1
107	96	1
107	97	1
107	98	1
107	99	1
107	100	1
107	101	1
107	102	1
107	103	1
107	104	1
107	105	1
107	106	1
107	107	1
107	108	1
107	109	1
107	110	1
107	111	1
107	112	1
107	113	1
107	114	1
107	115	1
107	116	1
107	117	1
107	118	1
107	119	1
107	120	1
107	121	1
107	122	1
107	123	1
107	124	1
107	125	1
107	126	1
108	92	1
108	93	1
108	94	1
108	95	1
108	96	1
108	97	1
108	98	1
108	99	1
108	100	1
108	101	1
108	102	1
108	103	1
108	104	1
108	105	1
108	106	1
108	107	1
108	108	1
108	109	1
108	110	1
108	111	1
108	112	1
108	113	1
108	114	1
108	115	1
108	116	1
108	117	1
108	118	1
108	119	1
108	120	1
108	121	1
108	122	1
108	123	1
108	124	1
108	125	1
108	126	1
109	93	1
109	94	1
109	95	1
109	96	1
109	97	1
109	98	1
109	99	1
109	100	1
109	101	1
109	102	1
109	103	1
109	104	1
109	105	1
109	106	1
109	107	1
109	108	1
109	109	1
109	110	1
109	111	1
109	112	1
109	113	1
109	114	1
109	115	1
109	116	1
109	117	1
109	118	1
109	119	1
109	120	1
109	121	1
109	122	1
109	123	1
109	124	1
109	125	1
110	93	1
110	94	1
110	95	1
110	96	1
110	97	1
110	98	1
110	99	1
110	100	1
110	101	1
110	102	1
110	103	1
110	104	1
110	105	1
110	106	1
110	107	1
110	108	1
110	109	1
110	110	1
110	111	1
110	112	1
110	113	1
110	114	1
110	115	1
110	116	1
110	117	1
110	118	1
110	119	1
110	120	1
110	121	1
110	122	1
110	123	1
110	124	1
110	125	1
111	93	1
111	94	1
111	95	1
111	96	1
111	97	1
111	98	1
111	99	1
111	100	1
111	101	1
111	102	1
111	103	1
111	104	1
111	105	1
111	106	1
111	107	1
111	108	1
111	109	1
111	110	1
111	111	1
111	112	1
111	113	1
111	114	1
111	115	1
111	116	1
111	117	1
111	118	1
111	119	1
111	120	1
111	121	1
111	122	1
111	123	1
111	124	1
111	125	1
112	94	1
112	95	1
112	96	1
112	97	1
112	98	1
112	99	1
112	100	1
112	101	1
112	102	1
112	103	1
112	104	1
112	105	1
112	106	1
112	107	1
112	108	1
112	109	1
112	110	1
112	111	1
112	112	1
112	113	1
112	114	1
112	115	1
112	116	1
112	117	1
112	118	1
112	119	1
112	120	1
112	121	1
112	122	1
112	123	1
112	124	1
113	95	1
113	96	1
113	97	1
113	98	1
113	99	1
113	100	1
113	101	1
113	102	1
113	103	1
113	104	1
113	105	1
113	106	1
113	107	1
113	108	1
113	109	1
113	110	1
113	111	1
113	112	1
113	113	1
113	114	1
113	115	1
113	116	1
113	117	1
113	118	1
113	119	1
113	120	1
113	121	1
113	122	1
113	123	1
114	95	1
114	96	1
114	97	1
114	98	1
114	99	1
114	100	1
114	101	1
114	102	1
114	103	1
114	104	1
114	105	1
114	106	1
114	107	1
114	108	1
114	109	1
114	110	1
114	111	1
114	112	1
114	113	1
114	114	1
114	115	1
114	116	1
114	117	1
114	118	1
114	119	1
114	120	1
114	121	1
114	122	1
114	123	1
115	96	1
115	97	1
115	98	1
115	99	1
115	100	1
115	101	1
115	102	1
115	103	1
115	104	1
115	105	1
115	106	1
115	107	1
115	108	1
115	109	1
115	110	1
115	111	1
115	112	1
115	113	1
115	114	1
115	115	1
115	116	1
115	117	1
115	118	1
115	119	1
115	120	1
115	121	1
115	122	1
116	97	1
116	98	1
116	99	1
116	100	1
116	101	1
116	102	1
116	103	1
116	104	1
116	105	1
116	106	1
116	107	1
116	108	1
116	109	1
116	110	1
116	111	1
116	112	1
116	113	1
116	114	1
116	115	1
116	116	1
116	117	1
116	118	1
116	119	1
116	120	1
116	121	1
117	98	1
117	99	1
117	100	1
117	101	1
117	102	1
117	103	1
117	104	1
117	105	1
117	106	1
117	107	1
117	108	1
117	109	1
117	110	1
117	111	1
117	112	1
117	113	1
117	114	1
117	115	1
117	116	1
117	117	1
117	118	1
117	119	1
117	120	1
118	100	1
118	101	1
118	102	1
118	103	1
118	104	1
118	105	1
118	106	1
118	107	1
118	108	1
118	109	1
118	110	1
118	111	1
118	112	1
118	113	1
118	114	1
118	115	1
118	116	1
118	117	1
118	118	1
119	101	1
119	102	1
119	103	1
119	104	1
119	105	1
119	106	1
119	107	1
119	108	1
119	109	1
119	110	1
119	111	1
119	112	1
119	113	1
119	114	1
119	115	1
119	116	1
119	117	1
120	104	1
120	105	1
120	106	1
120	107	1
120	108	1
120	109	1
120	110	1
120	111	1
120	112	1
120	113	1
120	114	1
121	109	1
